<shapes type=list>
	<ruler.pixel type=vector names=FALSE length=1 as.numeric=TRUE >117</ruler.pixel>
	<ruler.interval type=vector names=FALSE length=1 as.numeric=TRUE >1</ruler.interval>
	<scaling.units type=vector names=FALSE length=1 as.numeric=FALSE >cm</scaling.units>
	<scaling type=vector names=FALSE length=1 as.numeric=TRUE >0.00854700854700855</scaling>
	<landmarks.pixel type=matrix rownames=TRUE colnames=FALSE nrow=6 ncol=2 as.numeric=TRUE >
		LM01	676	328
		LM02	754	574
		LM03	708	559
		LM04	675	604
		LM05	650	560
		LM06	620	573
	</landmarks.pixel>
	<landmarks.scaled type=matrix rownames=TRUE colnames=FALSE nrow=6 ncol=2 as.numeric=TRUE >
		LM01	5.77777777777778	-2.8034188034188
		LM02	6.44444444444445	-4.90598290598291
		LM03	6.05128205128205	-4.77777777777778
		LM04	5.76923076923077	-5.16239316239316
		LM05	5.55555555555556	-4.78632478632479
		LM06	5.2991452991453	-4.8974358974359
	</landmarks.scaled>
	<curves.control type=list>
		<curveLM07 type=matrix rownames=FALSE colnames=FALSE nrow=7 ncol=2 as.numeric=TRUE >
			676	328
			688	330
			713	432
			721	479
			743	517
			764	573
			754	574
		</curveLM07>
		<curveLM08 type=matrix rownames=FALSE colnames=FALSE nrow=5 ncol=2 as.numeric=TRUE >
			754	574
			738	585
			726	564
			715	558
			708	559
		</curveLM08>
		<curveLM09 type=matrix rownames=FALSE colnames=FALSE nrow=5 ncol=2 as.numeric=TRUE >
			708	559
			696	563
			692	585
			684	604
			675	604
		</curveLM09>
		<curveLM10 type=matrix rownames=FALSE colnames=FALSE nrow=5 ncol=2 as.numeric=TRUE >
			675	604
			664	599
			659	569
			657	562
			650	560
		</curveLM10>
		<curveLM11 type=matrix rownames=FALSE colnames=FALSE nrow=5 ncol=2 as.numeric=TRUE >
			650	560
			644	557
			633	572
			626	575
			620	573
		</curveLM11>
		<curveLM12 type=matrix rownames=FALSE colnames=FALSE nrow=9 ncol=2 as.numeric=TRUE >
			620	573
			610	565
			621	532
			633	491
			646	434
			657	371
			662	355
			669	324
			676	328
		</curveLM12>
	</curves.control>
	<curves.pixel type=list>
		<curveLM07 type=matrix rownames=FALSE colnames=FALSE nrow=261 ncol=2 as.numeric=TRUE >
			676	328
			677	328
			678	329
			679	330
			680	331
			681	332
			682	333
			682	334
			683	335
			683	336
			684	337
			684	338
			685	339
			685	340
			686	341
			686	342
			687	343
			687	344
			688	345
			688	346
			688	347
			689	348
			689	349
			690	350
			690	351
			690	352
			690	353
			691	353
			691	354
			691	355
			692	356
			692	357
			692	358
			693	359
			693	360
			693	361
			694	362
			694	363
			694	364
			695	365
			695	366
			695	367
			696	368
			696	369
			696	370
			697	371
			697	372
			697	373
			697	374
			698	375
			698	376
			698	377
			698	378
			699	378
			699	379
			699	380
			700	381
			700	382
			700	383
			700	384
			701	385
			701	386
			701	387
			702	388
			702	389
			702	390
			702	391
			703	392
			703	393
			703	394
			703	395
			704	395
			704	396
			704	397
			704	398
			705	399
			705	400
			705	401
			705	402
			706	403
			706	404
			706	405
			706	406
			707	407
			707	408
			707	409
			708	410
			708	411
			708	412
			708	413
			708	414
			709	415
			709	416
			709	417
			710	418
			710	419
			710	420
			710	421
			711	422
			711	423
			711	424
			711	425
			712	426
			712	427
			712	428
			712	429
			713	430
			713	431
			713	432
			713	433
			713	434
			714	435
			714	436
			714	437
			714	438
			714	439
			714	440
			715	441
			715	442
			715	443
			715	444
			716	445
			716	446
			716	447
			716	448
			716	449
			717	450
			717	451
			717	452
			717	453
			718	454
			718	455
			718	456
			718	457
			719	458
			719	459
			719	460
			719	461
			720	461
			720	462
			720	463
			720	464
			721	465
			721	466
			721	467
			721	468
			722	469
			722	470
			723	471
			723	472
			723	473
			723	474
			724	474
			724	475
			724	476
			725	477
			725	478
			725	479
			726	480
			726	481
			726	482
			727	482
			727	483
			727	484
			727	485
			728	485
			728	486
			728	487
			729	487
			729	488
			729	489
			729	490
			730	490
			730	491
			730	492
			731	493
			731	494
			732	495
			732	496
			733	497
			733	498
			734	499
			734	500
			735	501
			735	502
			736	503
			736	504
			737	505
			737	506
			738	507
			738	508
			739	509
			739	510
			740	511
			740	512
			741	513
			741	514
			742	515
			743	516
			743	517
			743	518
			744	519
			744	520
			744	521
			745	521
			745	522
			745	523
			746	524
			746	525
			746	526
			747	527
			747	528
			747	529
			748	530
			748	531
			748	532
			749	533
			749	534
			750	535
			750	536
			750	537
			750	538
			751	539
			751	540
			751	541
			752	542
			752	543
			752	544
			753	545
			753	546
			753	547
			754	548
			754	549
			754	550
			754	551
			755	552
			755	553
			755	554
			755	555
			755	556
			756	556
			756	557
			756	558
			756	559
			756	560
			757	561
			757	562
			757	563
			757	564
			757	565
			757	566
			757	567
			757	568
			757	569
			757	570
			757	571
			757	572
			756	572
			756	573
			755	574
			754	574
		</curveLM07>
		<curveLM08 type=matrix rownames=FALSE colnames=FALSE nrow=56 ncol=2 as.numeric=TRUE >
			754	574
			753	575
			752	575
			751	576
			750	576
			749	577
			748	577
			747	577
			746	577
			746	578
			745	578
			744	578
			743	578
			742	578
			741	578
			740	577
			739	577
			738	577
			737	576
			736	576
			736	575
			735	575
			734	574
			733	573
			732	572
			731	571
			730	571
			730	570
			729	569
			729	568
			728	568
			728	567
			727	566
			727	565
			726	565
			726	564
			725	564
			725	563
			724	563
			723	563
			723	562
			722	562
			721	562
			720	561
			719	561
			718	560
			717	560
			716	560
			715	559
			714	559
			713	559
			712	559
			711	559
			710	559
			709	559
			708	559
		</curveLM08>
		<curveLM09 type=matrix rownames=FALSE colnames=FALSE nrow=53 ncol=2 as.numeric=TRUE >
			708	559
			707	559
			706	560
			705	560
			704	561
			703	562
			702	562
			702	563
			701	564
			700	565
			699	566
			699	567
			698	568
			697	569
			697	570
			696	571
			696	572
			695	573
			695	574
			695	575
			694	576
			694	577
			694	578
			693	579
			693	580
			693	581
			693	582
			692	583
			692	584
			692	585
			692	586
			691	587
			691	588
			690	589
			690	590
			689	591
			689	592
			688	593
			687	594
			687	595
			686	596
			686	597
			685	598
			684	599
			683	600
			682	601
			681	602
			680	603
			679	603
			678	604
			677	604
			676	604
			675	604
		</curveLM09>
		<curveLM10 type=matrix rownames=FALSE colnames=FALSE nrow=50 ncol=2 as.numeric=TRUE >
			675	604
			674	604
			673	603
			672	602
			671	601
			670	600
			669	599
			668	598
			668	597
			667	596
			667	595
			666	594
			666	593
			665	592
			665	591
			664	590
			664	589
			664	588
			663	587
			663	586
			663	585
			662	584
			662	583
			662	582
			661	581
			661	580
			661	579
			661	578
			660	577
			660	576
			660	575
			660	574
			660	573
			660	572
			659	572
			659	571
			659	570
			659	569
			659	568
			658	567
			658	566
			657	565
			656	564
			656	563
			655	562
			654	562
			653	561
			652	561
			651	560
			650	560
		</curveLM10>
		<curveLM11 type=matrix rownames=FALSE colnames=FALSE nrow=35 ncol=2 as.numeric=TRUE >
			650	560
			649	560
			648	560
			647	560
			646	560
			645	560
			644	561
			643	562
			642	562
			641	563
			640	563
			640	564
			639	565
			638	566
			637	567
			636	568
			635	569
			635	570
			634	571
			633	572
			632	572
			632	573
			631	573
			630	573
			629	573
			628	573
			628	574
			627	574
			626	574
			625	574
			624	574
			623	574
			622	574
			621	573
			620	573
		</curveLM11>
		<curveLM12 type=matrix rownames=FALSE colnames=FALSE nrow=254 ncol=2 as.numeric=TRUE >
			620	573
			619	572
			618	571
			617	570
			617	569
			617	568
			616	567
			616	566
			616	565
			616	564
			615	563
			615	562
			615	561
			615	560
			615	559
			615	558
			615	557
			615	556
			615	555
			616	555
			616	554
			616	553
			616	552
			616	551
			616	550
			616	549
			617	548
			617	547
			617	546
			617	545
			618	544
			618	543
			618	542
			618	541
			619	540
			619	539
			619	538
			619	537
			620	536
			620	535
			620	534
			621	533
			621	532
			621	531
			622	530
			622	529
			622	528
			623	527
			623	526
			623	525
			623	524
			624	523
			624	522
			624	521
			625	520
			625	519
			625	518
			625	517
			626	516
			626	515
			626	514
			626	513
			627	512
			627	511
			627	510
			627	509
			628	508
			628	507
			628	506
			628	505
			629	504
			629	503
			629	502
			629	501
			630	500
			630	499
			630	498
			631	497
			631	496
			631	495
			632	494
			632	493
			632	492
			632	491
			632	490
			633	489
			633	488
			633	487
			634	486
			634	485
			634	484
			634	483
			635	482
			635	481
			635	480
			635	479
			636	478
			636	477
			636	476
			636	475
			637	474
			637	473
			637	472
			637	471
			638	470
			638	469
			638	468
			638	467
			638	466
			639	465
			639	464
			639	463
			639	462
			640	461
			640	460
			640	459
			640	458
			641	457
			641	456
			641	455
			641	454
			642	453
			642	452
			642	451
			642	450
			642	449
			643	448
			643	447
			643	446
			643	445
			644	444
			644	443
			644	442
			644	441
			645	440
			645	439
			645	438
			645	437
			646	436
			646	435
			646	434
			646	433
			646	432
			646	431
			647	431
			647	430
			647	429
			647	428
			647	427
			647	426
			648	425
			648	424
			648	423
			648	422
			648	421
			648	420
			649	419
			649	418
			649	417
			649	416
			649	415
			650	414
			650	413
			650	412
			650	411
			650	410
			651	409
			651	408
			651	407
			651	406
			651	405
			651	404
			652	403
			652	402
			652	401
			652	400
			652	399
			653	398
			653	397
			653	396
			653	395
			653	394
			653	393
			654	392
			654	391
			654	390
			654	389
			655	388
			655	387
			655	386
			655	385
			655	384
			655	383
			656	382
			656	381
			656	380
			656	379
			656	378
			657	377
			657	376
			657	375
			657	374
			658	373
			658	372
			658	371
			658	370
			658	369
			659	368
			659	367
			659	366
			659	365
			660	364
			660	363
			660	362
			660	361
			661	360
			661	359
			661	358
			661	357
			662	357
			662	356
			662	355
			662	354
			663	353
			663	352
			663	351
			663	350
			663	349
			664	348
			664	347
			664	346
			665	345
			665	344
			665	343
			665	342
			666	342
			666	341
			666	340
			666	339
			667	339
			667	338
			667	337
			668	336
			668	335
			669	334
			669	333
			670	332
			670	331
			671	330
			672	329
			673	328
			674	328
			675	328
			676	328
		</curveLM12>
	</curves.pixel>
	<curves.scaled type=list>
		<curveLM07 type=matrix rownames=FALSE colnames=FALSE nrow=261 ncol=2 as.numeric=TRUE >
			5.77777777777778	-2.8034188034188
			5.78632478632479	-2.8034188034188
			5.7948717948718	-2.81196581196581
			5.8034188034188	-2.82051282051282
			5.81196581196581	-2.82905982905983
			5.82051282051282	-2.83760683760684
			5.82905982905983	-2.84615384615385
			5.82905982905983	-2.85470085470085
			5.83760683760684	-2.86324786324786
			5.83760683760684	-2.87179487179487
			5.84615384615385	-2.88034188034188
			5.84615384615385	-2.88888888888889
			5.85470085470086	-2.8974358974359
			5.85470085470086	-2.90598290598291
			5.86324786324786	-2.91452991452991
			5.86324786324786	-2.92307692307692
			5.87179487179487	-2.93162393162393
			5.87179487179487	-2.94017094017094
			5.88034188034188	-2.94871794871795
			5.88034188034188	-2.95726495726496
			5.88034188034188	-2.96581196581197
			5.88888888888889	-2.97435897435897
			5.88888888888889	-2.98290598290598
			5.8974358974359	-2.99145299145299
			5.8974358974359	-3
			5.8974358974359	-3.00854700854701
			5.8974358974359	-3.01709401709402
			5.90598290598291	-3.01709401709402
			5.90598290598291	-3.02564102564103
			5.90598290598291	-3.03418803418803
			5.91452991452991	-3.04273504273504
			5.91452991452991	-3.05128205128205
			5.91452991452991	-3.05982905982906
			5.92307692307692	-3.06837606837607
			5.92307692307692	-3.07692307692308
			5.92307692307692	-3.08547008547009
			5.93162393162393	-3.09401709401709
			5.93162393162393	-3.1025641025641
			5.93162393162393	-3.11111111111111
			5.94017094017094	-3.11965811965812
			5.94017094017094	-3.12820512820513
			5.94017094017094	-3.13675213675214
			5.94871794871795	-3.14529914529915
			5.94871794871795	-3.15384615384615
			5.94871794871795	-3.16239316239316
			5.95726495726496	-3.17094017094017
			5.95726495726496	-3.17948717948718
			5.95726495726496	-3.18803418803419
			5.95726495726496	-3.1965811965812
			5.96581196581197	-3.20512820512821
			5.96581196581197	-3.21367521367521
			5.96581196581197	-3.22222222222222
			5.96581196581197	-3.23076923076923
			5.97435897435898	-3.23076923076923
			5.97435897435898	-3.23931623931624
			5.97435897435898	-3.24786324786325
			5.98290598290598	-3.25641025641026
			5.98290598290598	-3.26495726495727
			5.98290598290598	-3.27350427350427
			5.98290598290598	-3.28205128205128
			5.99145299145299	-3.29059829059829
			5.99145299145299	-3.2991452991453
			5.99145299145299	-3.30769230769231
			6	-3.31623931623932
			6	-3.32478632478632
			6	-3.33333333333333
			6	-3.34188034188034
			6.00854700854701	-3.35042735042735
			6.00854700854701	-3.35897435897436
			6.00854700854701	-3.36752136752137
			6.00854700854701	-3.37606837606838
			6.01709401709402	-3.37606837606838
			6.01709401709402	-3.38461538461539
			6.01709401709402	-3.39316239316239
			6.01709401709402	-3.4017094017094
			6.02564102564103	-3.41025641025641
			6.02564102564103	-3.41880341880342
			6.02564102564103	-3.42735042735043
			6.02564102564103	-3.43589743589744
			6.03418803418803	-3.44444444444444
			6.03418803418803	-3.45299145299145
			6.03418803418803	-3.46153846153846
			6.03418803418803	-3.47008547008547
			6.04273504273504	-3.47863247863248
			6.04273504273504	-3.48717948717949
			6.04273504273504	-3.4957264957265
			6.05128205128205	-3.5042735042735
			6.05128205128205	-3.51282051282051
			6.05128205128205	-3.52136752136752
			6.05128205128205	-3.52991452991453
			6.05128205128205	-3.53846153846154
			6.05982905982906	-3.54700854700855
			6.05982905982906	-3.55555555555556
			6.05982905982906	-3.56410256410256
			6.06837606837607	-3.57264957264957
			6.06837606837607	-3.58119658119658
			6.06837606837607	-3.58974358974359
			6.06837606837607	-3.5982905982906
			6.07692307692308	-3.60683760683761
			6.07692307692308	-3.61538461538462
			6.07692307692308	-3.62393162393162
			6.07692307692308	-3.63247863247863
			6.08547008547009	-3.64102564102564
			6.08547008547009	-3.64957264957265
			6.08547008547009	-3.65811965811966
			6.08547008547009	-3.66666666666667
			6.09401709401709	-3.67521367521368
			6.09401709401709	-3.68376068376068
			6.09401709401709	-3.69230769230769
			6.09401709401709	-3.7008547008547
			6.09401709401709	-3.70940170940171
			6.1025641025641	-3.71794871794872
			6.1025641025641	-3.72649572649573
			6.1025641025641	-3.73504273504274
			6.1025641025641	-3.74358974358974
			6.1025641025641	-3.75213675213675
			6.1025641025641	-3.76068376068376
			6.11111111111111	-3.76923076923077
			6.11111111111111	-3.77777777777778
			6.11111111111111	-3.78632478632479
			6.11111111111111	-3.7948717948718
			6.11965811965812	-3.8034188034188
			6.11965811965812	-3.81196581196581
			6.11965811965812	-3.82051282051282
			6.11965811965812	-3.82905982905983
			6.11965811965812	-3.83760683760684
			6.12820512820513	-3.84615384615385
			6.12820512820513	-3.85470085470086
			6.12820512820513	-3.86324786324786
			6.12820512820513	-3.87179487179487
			6.13675213675214	-3.88034188034188
			6.13675213675214	-3.88888888888889
			6.13675213675214	-3.8974358974359
			6.13675213675214	-3.90598290598291
			6.14529914529915	-3.91452991452991
			6.14529914529915	-3.92307692307692
			6.14529914529915	-3.93162393162393
			6.14529914529915	-3.94017094017094
			6.15384615384615	-3.94017094017094
			6.15384615384615	-3.94871794871795
			6.15384615384615	-3.95726495726496
			6.15384615384615	-3.96581196581197
			6.16239316239316	-3.97435897435897
			6.16239316239316	-3.98290598290598
			6.16239316239316	-3.99145299145299
			6.16239316239316	-4
			6.17094017094017	-4.00854700854701
			6.17094017094017	-4.01709401709402
			6.17948717948718	-4.02564102564103
			6.17948717948718	-4.03418803418803
			6.17948717948718	-4.04273504273504
			6.17948717948718	-4.05128205128205
			6.18803418803419	-4.05128205128205
			6.18803418803419	-4.05982905982906
			6.18803418803419	-4.06837606837607
			6.1965811965812	-4.07692307692308
			6.1965811965812	-4.08547008547009
			6.1965811965812	-4.09401709401709
			6.20512820512821	-4.1025641025641
			6.20512820512821	-4.11111111111111
			6.20512820512821	-4.11965811965812
			6.21367521367521	-4.11965811965812
			6.21367521367521	-4.12820512820513
			6.21367521367521	-4.13675213675214
			6.21367521367521	-4.14529914529915
			6.22222222222222	-4.14529914529915
			6.22222222222222	-4.15384615384615
			6.22222222222222	-4.16239316239316
			6.23076923076923	-4.16239316239316
			6.23076923076923	-4.17094017094017
			6.23076923076923	-4.17948717948718
			6.23076923076923	-4.18803418803419
			6.23931623931624	-4.18803418803419
			6.23931623931624	-4.1965811965812
			6.23931623931624	-4.20512820512821
			6.24786324786325	-4.21367521367521
			6.24786324786325	-4.22222222222222
			6.25641025641026	-4.23076923076923
			6.25641025641026	-4.23931623931624
			6.26495726495727	-4.24786324786325
			6.26495726495727	-4.25641025641026
			6.27350427350427	-4.26495726495727
			6.27350427350427	-4.27350427350427
			6.28205128205128	-4.28205128205128
			6.28205128205128	-4.29059829059829
			6.29059829059829	-4.2991452991453
			6.29059829059829	-4.30769230769231
			6.2991452991453	-4.31623931623932
			6.2991452991453	-4.32478632478633
			6.30769230769231	-4.33333333333333
			6.30769230769231	-4.34188034188034
			6.31623931623932	-4.35042735042735
			6.31623931623932	-4.35897435897436
			6.32478632478633	-4.36752136752137
			6.32478632478633	-4.37606837606838
			6.33333333333333	-4.38461538461539
			6.33333333333333	-4.39316239316239
			6.34188034188034	-4.4017094017094
			6.35042735042735	-4.41025641025641
			6.35042735042735	-4.41880341880342
			6.35042735042735	-4.42735042735043
			6.35897435897436	-4.43589743589744
			6.35897435897436	-4.44444444444444
			6.35897435897436	-4.45299145299145
			6.36752136752137	-4.45299145299145
			6.36752136752137	-4.46153846153846
			6.36752136752137	-4.47008547008547
			6.37606837606838	-4.47863247863248
			6.37606837606838	-4.48717948717949
			6.37606837606838	-4.4957264957265
			6.38461538461539	-4.50427350427351
			6.38461538461539	-4.51282051282051
			6.38461538461539	-4.52136752136752
			6.39316239316239	-4.52991452991453
			6.39316239316239	-4.53846153846154
			6.39316239316239	-4.54700854700855
			6.4017094017094	-4.55555555555556
			6.4017094017094	-4.56410256410256
			6.41025641025641	-4.57264957264957
			6.41025641025641	-4.58119658119658
			6.41025641025641	-4.58974358974359
			6.41025641025641	-4.5982905982906
			6.41880341880342	-4.60683760683761
			6.41880341880342	-4.61538461538462
			6.41880341880342	-4.62393162393162
			6.42735042735043	-4.63247863247863
			6.42735042735043	-4.64102564102564
			6.42735042735043	-4.64957264957265
			6.43589743589744	-4.65811965811966
			6.43589743589744	-4.66666666666667
			6.43589743589744	-4.67521367521368
			6.44444444444445	-4.68376068376068
			6.44444444444445	-4.69230769230769
			6.44444444444445	-4.7008547008547
			6.44444444444445	-4.70940170940171
			6.45299145299145	-4.71794871794872
			6.45299145299145	-4.72649572649573
			6.45299145299145	-4.73504273504274
			6.45299145299145	-4.74358974358974
			6.45299145299145	-4.75213675213675
			6.46153846153846	-4.75213675213675
			6.46153846153846	-4.76068376068376
			6.46153846153846	-4.76923076923077
			6.46153846153846	-4.77777777777778
			6.46153846153846	-4.78632478632479
			6.47008547008547	-4.7948717948718
			6.47008547008547	-4.8034188034188
			6.47008547008547	-4.81196581196581
			6.47008547008547	-4.82051282051282
			6.47008547008547	-4.82905982905983
			6.47008547008547	-4.83760683760684
			6.47008547008547	-4.84615384615385
			6.47008547008547	-4.85470085470086
			6.47008547008547	-4.86324786324786
			6.47008547008547	-4.87179487179487
			6.47008547008547	-4.88034188034188
			6.47008547008547	-4.88888888888889
			6.46153846153846	-4.88888888888889
			6.46153846153846	-4.8974358974359
			6.45299145299145	-4.90598290598291
			6.44444444444445	-4.90598290598291
		</curveLM07>
		<curveLM08 type=matrix rownames=FALSE colnames=FALSE nrow=56 ncol=2 as.numeric=TRUE >
			6.44444444444445	-4.90598290598291
			6.43589743589744	-4.91452991452991
			6.42735042735043	-4.91452991452991
			6.41880341880342	-4.92307692307692
			6.41025641025641	-4.92307692307692
			6.4017094017094	-4.93162393162393
			6.39316239316239	-4.93162393162393
			6.38461538461539	-4.93162393162393
			6.37606837606838	-4.93162393162393
			6.37606837606838	-4.94017094017094
			6.36752136752137	-4.94017094017094
			6.35897435897436	-4.94017094017094
			6.35042735042735	-4.94017094017094
			6.34188034188034	-4.94017094017094
			6.33333333333333	-4.94017094017094
			6.32478632478633	-4.93162393162393
			6.31623931623932	-4.93162393162393
			6.30769230769231	-4.93162393162393
			6.2991452991453	-4.92307692307692
			6.29059829059829	-4.92307692307692
			6.29059829059829	-4.91452991452991
			6.28205128205128	-4.91452991452991
			6.27350427350427	-4.90598290598291
			6.26495726495727	-4.8974358974359
			6.25641025641026	-4.88888888888889
			6.24786324786325	-4.88034188034188
			6.23931623931624	-4.88034188034188
			6.23931623931624	-4.87179487179487
			6.23076923076923	-4.86324786324786
			6.23076923076923	-4.85470085470086
			6.22222222222222	-4.85470085470086
			6.22222222222222	-4.84615384615385
			6.21367521367521	-4.83760683760684
			6.21367521367521	-4.82905982905983
			6.20512820512821	-4.82905982905983
			6.20512820512821	-4.82051282051282
			6.1965811965812	-4.82051282051282
			6.1965811965812	-4.81196581196581
			6.18803418803419	-4.81196581196581
			6.17948717948718	-4.81196581196581
			6.17948717948718	-4.8034188034188
			6.17094017094017	-4.8034188034188
			6.16239316239316	-4.8034188034188
			6.15384615384615	-4.7948717948718
			6.14529914529915	-4.7948717948718
			6.13675213675214	-4.78632478632479
			6.12820512820513	-4.78632478632479
			6.11965811965812	-4.78632478632479
			6.11111111111111	-4.77777777777778
			6.1025641025641	-4.77777777777778
			6.09401709401709	-4.77777777777778
			6.08547008547009	-4.77777777777778
			6.07692307692308	-4.77777777777778
			6.06837606837607	-4.77777777777778
			6.05982905982906	-4.77777777777778
			6.05128205128205	-4.77777777777778
		</curveLM08>
		<curveLM09 type=matrix rownames=FALSE colnames=FALSE nrow=53 ncol=2 as.numeric=TRUE >
			6.05128205128205	-4.77777777777778
			6.04273504273504	-4.77777777777778
			6.03418803418803	-4.78632478632479
			6.02564102564103	-4.78632478632479
			6.01709401709402	-4.7948717948718
			6.00854700854701	-4.8034188034188
			6	-4.8034188034188
			6	-4.81196581196581
			5.99145299145299	-4.82051282051282
			5.98290598290598	-4.82905982905983
			5.97435897435898	-4.83760683760684
			5.97435897435898	-4.84615384615385
			5.96581196581197	-4.85470085470086
			5.95726495726496	-4.86324786324786
			5.95726495726496	-4.87179487179487
			5.94871794871795	-4.88034188034188
			5.94871794871795	-4.88888888888889
			5.94017094017094	-4.8974358974359
			5.94017094017094	-4.90598290598291
			5.94017094017094	-4.91452991452991
			5.93162393162393	-4.92307692307692
			5.93162393162393	-4.93162393162393
			5.93162393162393	-4.94017094017094
			5.92307692307692	-4.94871794871795
			5.92307692307692	-4.95726495726496
			5.92307692307692	-4.96581196581197
			5.92307692307692	-4.97435897435897
			5.91452991452991	-4.98290598290598
			5.91452991452991	-4.99145299145299
			5.91452991452991	-5
			5.91452991452991	-5.00854700854701
			5.90598290598291	-5.01709401709402
			5.90598290598291	-5.02564102564103
			5.8974358974359	-5.03418803418803
			5.8974358974359	-5.04273504273504
			5.88888888888889	-5.05128205128205
			5.88888888888889	-5.05982905982906
			5.88034188034188	-5.06837606837607
			5.87179487179487	-5.07692307692308
			5.87179487179487	-5.08547008547009
			5.86324786324786	-5.09401709401709
			5.86324786324786	-5.1025641025641
			5.85470085470086	-5.11111111111111
			5.84615384615385	-5.11965811965812
			5.83760683760684	-5.12820512820513
			5.82905982905983	-5.13675213675214
			5.82051282051282	-5.14529914529915
			5.81196581196581	-5.15384615384615
			5.8034188034188	-5.15384615384615
			5.7948717948718	-5.16239316239316
			5.78632478632479	-5.16239316239316
			5.77777777777778	-5.16239316239316
			5.76923076923077	-5.16239316239316
		</curveLM09>
		<curveLM10 type=matrix rownames=FALSE colnames=FALSE nrow=50 ncol=2 as.numeric=TRUE >
			5.76923076923077	-5.16239316239316
			5.76068376068376	-5.16239316239316
			5.75213675213675	-5.15384615384615
			5.74358974358974	-5.14529914529915
			5.73504273504274	-5.13675213675214
			5.72649572649573	-5.12820512820513
			5.71794871794872	-5.11965811965812
			5.70940170940171	-5.11111111111111
			5.70940170940171	-5.1025641025641
			5.7008547008547	-5.09401709401709
			5.7008547008547	-5.08547008547009
			5.69230769230769	-5.07692307692308
			5.69230769230769	-5.06837606837607
			5.68376068376068	-5.05982905982906
			5.68376068376068	-5.05128205128205
			5.67521367521368	-5.04273504273504
			5.67521367521368	-5.03418803418803
			5.67521367521368	-5.02564102564103
			5.66666666666667	-5.01709401709402
			5.66666666666667	-5.00854700854701
			5.66666666666667	-5
			5.65811965811966	-4.99145299145299
			5.65811965811966	-4.98290598290598
			5.65811965811966	-4.97435897435897
			5.64957264957265	-4.96581196581197
			5.64957264957265	-4.95726495726496
			5.64957264957265	-4.94871794871795
			5.64957264957265	-4.94017094017094
			5.64102564102564	-4.93162393162393
			5.64102564102564	-4.92307692307692
			5.64102564102564	-4.91452991452991
			5.64102564102564	-4.90598290598291
			5.64102564102564	-4.8974358974359
			5.64102564102564	-4.88888888888889
			5.63247863247863	-4.88888888888889
			5.63247863247863	-4.88034188034188
			5.63247863247863	-4.87179487179487
			5.63247863247863	-4.86324786324786
			5.63247863247863	-4.85470085470086
			5.62393162393162	-4.84615384615385
			5.62393162393162	-4.83760683760684
			5.61538461538462	-4.82905982905983
			5.60683760683761	-4.82051282051282
			5.60683760683761	-4.81196581196581
			5.5982905982906	-4.8034188034188
			5.58974358974359	-4.8034188034188
			5.58119658119658	-4.7948717948718
			5.57264957264957	-4.7948717948718
			5.56410256410256	-4.78632478632479
			5.55555555555556	-4.78632478632479
		</curveLM10>
		<curveLM11 type=matrix rownames=FALSE colnames=FALSE nrow=35 ncol=2 as.numeric=TRUE >
			5.55555555555556	-4.78632478632479
			5.54700854700855	-4.78632478632479
			5.53846153846154	-4.78632478632479
			5.52991452991453	-4.78632478632479
			5.52136752136752	-4.78632478632479
			5.51282051282051	-4.78632478632479
			5.50427350427351	-4.7948717948718
			5.4957264957265	-4.8034188034188
			5.48717948717949	-4.8034188034188
			5.47863247863248	-4.81196581196581
			5.47008547008547	-4.81196581196581
			5.47008547008547	-4.82051282051282
			5.46153846153846	-4.82905982905983
			5.45299145299145	-4.83760683760684
			5.44444444444444	-4.84615384615385
			5.43589743589744	-4.85470085470086
			5.42735042735043	-4.86324786324786
			5.42735042735043	-4.87179487179487
			5.41880341880342	-4.88034188034188
			5.41025641025641	-4.88888888888889
			5.4017094017094	-4.88888888888889
			5.4017094017094	-4.8974358974359
			5.39316239316239	-4.8974358974359
			5.38461538461539	-4.8974358974359
			5.37606837606838	-4.8974358974359
			5.36752136752137	-4.8974358974359
			5.36752136752137	-4.90598290598291
			5.35897435897436	-4.90598290598291
			5.35042735042735	-4.90598290598291
			5.34188034188034	-4.90598290598291
			5.33333333333333	-4.90598290598291
			5.32478632478633	-4.90598290598291
			5.31623931623932	-4.90598290598291
			5.30769230769231	-4.8974358974359
			5.2991452991453	-4.8974358974359
		</curveLM11>
		<curveLM12 type=matrix rownames=FALSE colnames=FALSE nrow=254 ncol=2 as.numeric=TRUE >
			5.2991452991453	-4.8974358974359
			5.29059829059829	-4.88888888888889
			5.28205128205128	-4.88034188034188
			5.27350427350427	-4.87179487179487
			5.27350427350427	-4.86324786324786
			5.27350427350427	-4.85470085470086
			5.26495726495727	-4.84615384615385
			5.26495726495727	-4.83760683760684
			5.26495726495727	-4.82905982905983
			5.26495726495727	-4.82051282051282
			5.25641025641026	-4.81196581196581
			5.25641025641026	-4.8034188034188
			5.25641025641026	-4.7948717948718
			5.25641025641026	-4.78632478632479
			5.25641025641026	-4.77777777777778
			5.25641025641026	-4.76923076923077
			5.25641025641026	-4.76068376068376
			5.25641025641026	-4.75213675213675
			5.25641025641026	-4.74358974358974
			5.26495726495727	-4.74358974358974
			5.26495726495727	-4.73504273504274
			5.26495726495727	-4.72649572649573
			5.26495726495727	-4.71794871794872
			5.26495726495727	-4.70940170940171
			5.26495726495727	-4.7008547008547
			5.26495726495727	-4.69230769230769
			5.27350427350427	-4.68376068376068
			5.27350427350427	-4.67521367521368
			5.27350427350427	-4.66666666666667
			5.27350427350427	-4.65811965811966
			5.28205128205128	-4.64957264957265
			5.28205128205128	-4.64102564102564
			5.28205128205128	-4.63247863247863
			5.28205128205128	-4.62393162393162
			5.29059829059829	-4.61538461538462
			5.29059829059829	-4.60683760683761
			5.29059829059829	-4.5982905982906
			5.29059829059829	-4.58974358974359
			5.2991452991453	-4.58119658119658
			5.2991452991453	-4.57264957264957
			5.2991452991453	-4.56410256410256
			5.30769230769231	-4.55555555555556
			5.30769230769231	-4.54700854700855
			5.30769230769231	-4.53846153846154
			5.31623931623932	-4.52991452991453
			5.31623931623932	-4.52136752136752
			5.31623931623932	-4.51282051282051
			5.32478632478633	-4.50427350427351
			5.32478632478633	-4.4957264957265
			5.32478632478633	-4.48717948717949
			5.32478632478633	-4.47863247863248
			5.33333333333333	-4.47008547008547
			5.33333333333333	-4.46153846153846
			5.33333333333333	-4.45299145299145
			5.34188034188034	-4.44444444444444
			5.34188034188034	-4.43589743589744
			5.34188034188034	-4.42735042735043
			5.34188034188034	-4.41880341880342
			5.35042735042735	-4.41025641025641
			5.35042735042735	-4.4017094017094
			5.35042735042735	-4.39316239316239
			5.35042735042735	-4.38461538461539
			5.35897435897436	-4.37606837606838
			5.35897435897436	-4.36752136752137
			5.35897435897436	-4.35897435897436
			5.35897435897436	-4.35042735042735
			5.36752136752137	-4.34188034188034
			5.36752136752137	-4.33333333333333
			5.36752136752137	-4.32478632478633
			5.36752136752137	-4.31623931623932
			5.37606837606838	-4.30769230769231
			5.37606837606838	-4.2991452991453
			5.37606837606838	-4.29059829059829
			5.37606837606838	-4.28205128205128
			5.38461538461539	-4.27350427350427
			5.38461538461539	-4.26495726495727
			5.38461538461539	-4.25641025641026
			5.39316239316239	-4.24786324786325
			5.39316239316239	-4.23931623931624
			5.39316239316239	-4.23076923076923
			5.4017094017094	-4.22222222222222
			5.4017094017094	-4.21367521367521
			5.4017094017094	-4.20512820512821
			5.4017094017094	-4.1965811965812
			5.4017094017094	-4.18803418803419
			5.41025641025641	-4.17948717948718
			5.41025641025641	-4.17094017094017
			5.41025641025641	-4.16239316239316
			5.41880341880342	-4.15384615384615
			5.41880341880342	-4.14529914529915
			5.41880341880342	-4.13675213675214
			5.41880341880342	-4.12820512820513
			5.42735042735043	-4.11965811965812
			5.42735042735043	-4.11111111111111
			5.42735042735043	-4.1025641025641
			5.42735042735043	-4.09401709401709
			5.43589743589744	-4.08547008547009
			5.43589743589744	-4.07692307692308
			5.43589743589744	-4.06837606837607
			5.43589743589744	-4.05982905982906
			5.44444444444444	-4.05128205128205
			5.44444444444444	-4.04273504273504
			5.44444444444444	-4.03418803418803
			5.44444444444444	-4.02564102564103
			5.45299145299145	-4.01709401709402
			5.45299145299145	-4.00854700854701
			5.45299145299145	-4
			5.45299145299145	-3.99145299145299
			5.45299145299145	-3.98290598290598
			5.46153846153846	-3.97435897435897
			5.46153846153846	-3.96581196581197
			5.46153846153846	-3.95726495726496
			5.46153846153846	-3.94871794871795
			5.47008547008547	-3.94017094017094
			5.47008547008547	-3.93162393162393
			5.47008547008547	-3.92307692307692
			5.47008547008547	-3.91452991452991
			5.47863247863248	-3.90598290598291
			5.47863247863248	-3.8974358974359
			5.47863247863248	-3.88888888888889
			5.47863247863248	-3.88034188034188
			5.48717948717949	-3.87179487179487
			5.48717948717949	-3.86324786324786
			5.48717948717949	-3.85470085470086
			5.48717948717949	-3.84615384615385
			5.48717948717949	-3.83760683760684
			5.4957264957265	-3.82905982905983
			5.4957264957265	-3.82051282051282
			5.4957264957265	-3.81196581196581
			5.4957264957265	-3.8034188034188
			5.50427350427351	-3.7948717948718
			5.50427350427351	-3.78632478632479
			5.50427350427351	-3.77777777777778
			5.50427350427351	-3.76923076923077
			5.51282051282051	-3.76068376068376
			5.51282051282051	-3.75213675213675
			5.51282051282051	-3.74358974358974
			5.51282051282051	-3.73504273504274
			5.52136752136752	-3.72649572649573
			5.52136752136752	-3.71794871794872
			5.52136752136752	-3.70940170940171
			5.52136752136752	-3.7008547008547
			5.52136752136752	-3.69230769230769
			5.52136752136752	-3.68376068376068
			5.52991452991453	-3.68376068376068
			5.52991452991453	-3.67521367521368
			5.52991452991453	-3.66666666666667
			5.52991452991453	-3.65811965811966
			5.52991452991453	-3.64957264957265
			5.52991452991453	-3.64102564102564
			5.53846153846154	-3.63247863247863
			5.53846153846154	-3.62393162393162
			5.53846153846154	-3.61538461538462
			5.53846153846154	-3.60683760683761
			5.53846153846154	-3.5982905982906
			5.53846153846154	-3.58974358974359
			5.54700854700855	-3.58119658119658
			5.54700854700855	-3.57264957264957
			5.54700854700855	-3.56410256410256
			5.54700854700855	-3.55555555555556
			5.54700854700855	-3.54700854700855
			5.55555555555556	-3.53846153846154
			5.55555555555556	-3.52991452991453
			5.55555555555556	-3.52136752136752
			5.55555555555556	-3.51282051282051
			5.55555555555556	-3.5042735042735
			5.56410256410256	-3.4957264957265
			5.56410256410256	-3.48717948717949
			5.56410256410256	-3.47863247863248
			5.56410256410256	-3.47008547008547
			5.56410256410256	-3.46153846153846
			5.56410256410256	-3.45299145299145
			5.57264957264957	-3.44444444444444
			5.57264957264957	-3.43589743589744
			5.57264957264957	-3.42735042735043
			5.57264957264957	-3.41880341880342
			5.57264957264957	-3.41025641025641
			5.58119658119658	-3.4017094017094
			5.58119658119658	-3.39316239316239
			5.58119658119658	-3.38461538461539
			5.58119658119658	-3.37606837606838
			5.58119658119658	-3.36752136752137
			5.58119658119658	-3.35897435897436
			5.58974358974359	-3.35042735042735
			5.58974358974359	-3.34188034188034
			5.58974358974359	-3.33333333333333
			5.58974358974359	-3.32478632478632
			5.5982905982906	-3.31623931623932
			5.5982905982906	-3.30769230769231
			5.5982905982906	-3.2991452991453
			5.5982905982906	-3.29059829059829
			5.5982905982906	-3.28205128205128
			5.5982905982906	-3.27350427350427
			5.60683760683761	-3.26495726495727
			5.60683760683761	-3.25641025641026
			5.60683760683761	-3.24786324786325
			5.60683760683761	-3.23931623931624
			5.60683760683761	-3.23076923076923
			5.61538461538462	-3.22222222222222
			5.61538461538462	-3.21367521367521
			5.61538461538462	-3.20512820512821
			5.61538461538462	-3.1965811965812
			5.62393162393162	-3.18803418803419
			5.62393162393162	-3.17948717948718
			5.62393162393162	-3.17094017094017
			5.62393162393162	-3.16239316239316
			5.62393162393162	-3.15384615384615
			5.63247863247863	-3.14529914529915
			5.63247863247863	-3.13675213675214
			5.63247863247863	-3.12820512820513
			5.63247863247863	-3.11965811965812
			5.64102564102564	-3.11111111111111
			5.64102564102564	-3.1025641025641
			5.64102564102564	-3.09401709401709
			5.64102564102564	-3.08547008547009
			5.64957264957265	-3.07692307692308
			5.64957264957265	-3.06837606837607
			5.64957264957265	-3.05982905982906
			5.64957264957265	-3.05128205128205
			5.65811965811966	-3.05128205128205
			5.65811965811966	-3.04273504273504
			5.65811965811966	-3.03418803418803
			5.65811965811966	-3.02564102564103
			5.66666666666667	-3.01709401709402
			5.66666666666667	-3.00854700854701
			5.66666666666667	-3
			5.66666666666667	-2.99145299145299
			5.66666666666667	-2.98290598290598
			5.67521367521368	-2.97435897435897
			5.67521367521368	-2.96581196581197
			5.67521367521368	-2.95726495726496
			5.68376068376068	-2.94871794871795
			5.68376068376068	-2.94017094017094
			5.68376068376068	-2.93162393162393
			5.68376068376068	-2.92307692307692
			5.69230769230769	-2.92307692307692
			5.69230769230769	-2.91452991452991
			5.69230769230769	-2.90598290598291
			5.69230769230769	-2.8974358974359
			5.7008547008547	-2.8974358974359
			5.7008547008547	-2.88888888888889
			5.7008547008547	-2.88034188034188
			5.70940170940171	-2.87179487179487
			5.70940170940171	-2.86324786324786
			5.71794871794872	-2.85470085470085
			5.71794871794872	-2.84615384615385
			5.72649572649573	-2.83760683760684
			5.72649572649573	-2.82905982905983
			5.73504273504274	-2.82051282051282
			5.74358974358974	-2.81196581196581
			5.75213675213675	-2.8034188034188
			5.76068376068376	-2.8034188034188
			5.76923076923077	-2.8034188034188
			5.77777777777778	-2.8034188034188
		</curveLM12>
	</curves.scaled>
	<ruler.points type=matrix rownames=TRUE colnames=FALSE nrow=5 ncol=2 as.numeric=TRUE >
		Ruler point 1	210	814
		Ruler point 2	327	814
		Ruler point 3	444	814
		Ruler point 4	561	814
		Ruler point 5	679	814
	</ruler.points>
</shapes>

