<shapes type=list>
	<ruler.interval type=vector names=FALSE length=1 as.numeric=TRUE >1</ruler.interval>
	<scaling.units type=vector names=FALSE length=1 as.numeric=FALSE >cm</scaling.units>
	<scaling type=vector names=FALSE length=1 as.numeric=TRUE >0.00852860385999077</scaling>
	<landmarks.pixel type=matrix rownames=TRUE colnames=FALSE nrow=6 ncol=2 as.numeric=TRUE >
		LM01	675	314
		LM02	735	549
		LM03	710	542
		LM04	674	601
		LM05	644	541
		LM06	611	548
	</landmarks.pixel>
	<landmarks.scaled type=matrix rownames=TRUE colnames=FALSE nrow=6 ncol=2 as.numeric=TRUE >
		LM01	5.75680760549377	-2.6779816120371
		LM02	6.26852383709322	-4.68220351913493
		LM03	6.05530874059345	-4.622503292115
		LM04	5.74827900163378	-5.12569091985445
		LM05	5.49242088583406	-4.61397468825501
		LM06	5.21097695845436	-4.67367491527494
	</landmarks.scaled>
	<curves.control type=list>
		<curveLM07 type=matrix rownames=FALSE colnames=FALSE nrow=7 ncol=2 as.numeric=TRUE >
			675	314
			679	316
			715	411
			742	480
			742	514
			737	541
			735	549
		</curveLM07>
		<curveLM08 type=matrix rownames=FALSE colnames=FALSE nrow=3 ncol=2 as.numeric=TRUE >
			735	549
			712	537
			710	542
		</curveLM08>
		<curveLM09 type=matrix rownames=FALSE colnames=FALSE nrow=5 ncol=2 as.numeric=TRUE >
			710	542
			706	543
			692	599
			684	602
			674	601
		</curveLM09>
		<curveLM10 type=matrix rownames=FALSE colnames=FALSE nrow=5 ncol=2 as.numeric=TRUE >
			674	601
			656	604
			650	581
			649	544
			644	541
		</curveLM10>
		<curveLM11 type=matrix rownames=FALSE colnames=FALSE nrow=5 ncol=2 as.numeric=TRUE >
			644	541
			638	538
			624	547
			618	548
			611	548
		</curveLM11>
		<curveLM12 type=matrix rownames=FALSE colnames=FALSE nrow=7 ncol=2 as.numeric=TRUE >
			611	548
			607	530
			609	493
			633	391
			661	335
			670	315
			675	314
		</curveLM12>
	</curves.control>
	<curves.pixel type=list>
		<curveLM07 type=matrix rownames=FALSE colnames=FALSE nrow=243 ncol=2 as.numeric=TRUE >
			675	314
			676	315
			677	316
			677	317
			678	318
			678	319
			679	320
			679	321
			680	322
			680	323
			681	324
			681	325
			681	326
			682	327
			682	328
			683	329
			683	330
			683	331
			684	332
			684	333
			685	334
			685	335
			686	336
			686	337
			687	338
			687	339
			687	340
			688	341
			688	342
			689	343
			689	344
			689	345
			690	346
			690	347
			691	348
			691	349
			691	350
			692	351
			692	352
			693	353
			693	354
			693	355
			694	356
			694	357
			695	358
			695	359
			695	360
			696	361
			696	362
			697	363
			697	364
			697	365
			698	366
			698	367
			699	368
			699	369
			699	370
			700	371
			700	372
			700	373
			701	374
			701	375
			702	376
			702	377
			703	378
			703	379
			703	380
			704	381
			704	382
			704	383
			705	384
			705	385
			706	386
			706	387
			706	388
			706	389
			707	389
			707	390
			707	391
			708	392
			708	393
			708	394
			709	394
			709	395
			709	396
			710	397
			710	398
			710	399
			711	399
			711	400
			711	401
			712	402
			712	403
			712	404
			713	405
			713	406
			713	407
			714	407
			714	408
			714	409
			715	410
			715	411
			715	412
			716	412
			716	413
			716	414
			717	415
			717	416
			717	417
			718	418
			718	419
			718	420
			719	420
			719	421
			719	422
			719	423
			720	423
			720	424
			720	425
			721	426
			721	427
			721	428
			722	429
			722	430
			722	431
			723	432
			723	433
			724	434
			724	435
			724	436
			725	437
			725	438
			725	439
			726	440
			726	441
			727	442
			727	443
			727	444
			727	445
			728	446
			728	447
			728	448
			729	449
			729	450
			729	451
			730	452
			730	453
			730	454
			731	455
			731	456
			731	457
			732	458
			732	459
			732	460
			732	461
			733	462
			733	463
			733	464
			733	465
			734	466
			734	467
			734	468
			735	469
			735	470
			735	471
			736	472
			736	473
			736	474
			736	475
			737	476
			737	477
			737	478
			737	479
			737	480
			738	481
			738	482
			738	483
			738	484
			739	485
			739	486
			739	487
			739	488
			739	489
			740	490
			740	491
			740	492
			740	493
			740	494
			740	495
			740	496
			741	497
			741	498
			741	499
			741	500
			741	501
			741	502
			741	503
			742	504
			742	505
			742	506
			742	507
			742	508
			742	509
			742	510
			742	511
			742	512
			742	513
			742	514
			742	515
			742	516
			741	517
			741	518
			741	519
			741	520
			741	521
			740	522
			740	523
			740	524
			740	525
			740	526
			740	527
			739	528
			739	529
			739	530
			739	531
			739	532
			738	533
			738	534
			738	535
			738	536
			738	537
			737	538
			737	539
			737	540
			737	541
			737	542
			736	543
			736	544
			736	545
			736	546
			735	547
			735	548
			735	549
		</curveLM07>
		<curveLM08 type=matrix rownames=FALSE colnames=FALSE nrow=28 ncol=2 as.numeric=TRUE >
			735	549
			734	548
			733	548
			732	547
			731	547
			730	547
			729	546
			728	546
			728	545
			727	545
			726	545
			725	544
			724	544
			723	543
			722	543
			721	543
			720	542
			719	542
			718	541
			717	541
			716	541
			715	541
			714	541
			713	541
			712	541
			711	541
			710	541
			710	542
		</curveLM08>
		<curveLM09 type=matrix rownames=FALSE colnames=FALSE nrow=76 ncol=2 as.numeric=TRUE >
			710	542
			709	543
			708	544
			708	545
			707	546
			707	547
			706	548
			706	549
			706	550
			705	551
			705	552
			705	553
			704	554
			704	555
			704	556
			703	557
			703	558
			703	559
			702	560
			702	561
			702	562
			702	563
			701	564
			701	565
			701	566
			700	567
			700	568
			700	569
			700	570
			699	571
			699	572
			699	573
			698	574
			698	575
			698	576
			698	577
			697	578
			697	579
			697	580
			697	581
			696	582
			696	583
			696	584
			696	585
			695	586
			695	587
			695	588
			695	589
			694	590
			694	591
			694	592
			693	593
			693	594
			693	595
			693	596
			692	597
			692	598
			692	599
			691	599
			690	600
			689	600
			688	600
			687	600
			686	601
			685	601
			684	601
			683	601
			682	601
			681	601
			680	601
			679	601
			678	601
			677	601
			676	601
			675	601
			674	601
		</curveLM09>
		<curveLM10 type=matrix rownames=FALSE colnames=FALSE nrow=74 ncol=2 as.numeric=TRUE >
			674	601
			673	601
			672	601
			671	601
			670	601
			669	601
			668	601
			667	601
			666	601
			665	601
			664	600
			663	600
			662	600
			661	599
			660	598
			659	597
			658	597
			657	596
			656	595
			656	594
			655	593
			654	592
			654	591
			653	590
			653	589
			652	588
			652	587
			651	586
			651	585
			651	584
			651	583
			650	582
			650	581
			650	580
			650	579
			650	578
			650	577
			650	576
			650	575
			650	574
			650	573
			650	572
			650	571
			650	570
			650	569
			649	568
			649	567
			649	566
			649	565
			649	564
			649	563
			649	562
			649	561
			649	560
			649	559
			649	558
			649	557
			648	556
			648	555
			648	554
			648	553
			648	552
			648	551
			648	550
			647	549
			647	548
			647	547
			647	546
			646	545
			646	544
			646	543
			645	542
			645	541
			644	541
		</curveLM10>
		<curveLM11 type=matrix rownames=FALSE colnames=FALSE nrow=35 ncol=2 as.numeric=TRUE >
			644	541
			643	541
			643	540
			642	540
			641	540
			640	540
			639	540
			638	541
			637	541
			636	541
			635	541
			634	542
			633	542
			632	543
			631	543
			630	544
			629	544
			628	545
			627	545
			626	546
			625	546
			624	547
			623	547
			622	547
			621	547
			620	548
			619	548
			618	548
			617	548
			616	548
			615	548
			614	548
			613	548
			612	548
			611	548
		</curveLM11>
		<curveLM12 type=matrix rownames=FALSE colnames=FALSE nrow=242 ncol=2 as.numeric=TRUE >
			611	548
			611	547
			611	546
			610	545
			610	544
			610	543
			610	542
			610	541
			610	540
			610	539
			609	538
			609	537
			609	536
			609	535
			609	534
			609	533
			609	532
			609	531
			609	530
			609	529
			609	528
			609	527
			609	526
			609	525
			608	524
			608	523
			608	522
			608	521
			608	520
			608	519
			608	518
			608	517
			608	516
			608	515
			608	514
			608	513
			608	512
			608	511
			608	510
			608	509
			608	508
			608	507
			608	506
			608	505
			609	504
			609	503
			609	502
			609	501
			609	500
			609	499
			609	498
			609	497
			609	496
			609	495
			609	494
			609	493
			609	492
			609	491
			610	490
			610	489
			610	488
			610	487
			611	486
			611	485
			611	484
			611	483
			612	482
			612	481
			612	480
			612	479
			612	478
			613	478
			613	477
			613	476
			613	475
			614	474
			614	473
			614	472
			614	471
			615	470
			615	469
			615	468
			615	467
			616	466
			616	465
			616	464
			616	463
			617	462
			617	461
			617	460
			617	459
			618	459
			618	458
			618	457
			618	456
			619	455
			619	454
			619	453
			619	452
			620	451
			620	450
			620	449
			620	448
			621	447
			621	446
			621	445
			621	444
			622	444
			622	443
			622	442
			622	441
			623	440
			623	439
			623	438
			623	437
			624	436
			624	435
			624	434
			625	433
			625	432
			625	431
			626	430
			626	429
			626	428
			627	427
			627	426
			627	425
			627	424
			628	423
			628	422
			628	421
			628	420
			629	419
			629	418
			629	417
			630	416
			630	415
			630	414
			631	413
			631	412
			631	411
			632	410
			632	409
			632	408
			633	407
			633	406
			633	405
			634	404
			634	403
			634	402
			635	401
			635	400
			635	399
			636	398
			636	397
			636	396
			637	395
			637	394
			637	393
			638	392
			638	391
			638	390
			639	389
			639	388
			639	387
			640	386
			640	385
			640	384
			641	384
			641	383
			641	382
			642	381
			642	380
			642	379
			643	378
			643	377
			643	376
			644	375
			644	374
			645	373
			645	372
			645	371
			646	370
			646	369
			646	368
			647	367
			647	366
			648	365
			648	364
			648	363
			649	363
			649	362
			649	361
			650	360
			650	359
			650	358
			651	357
			651	356
			652	355
			652	354
			653	353
			653	352
			654	351
			654	350
			654	349
			655	348
			655	347
			656	346
			656	345
			657	344
			657	343
			657	342
			658	341
			659	340
			659	339
			660	338
			660	337
			661	336
			661	335
			661	334
			662	334
			662	333
			662	332
			663	331
			663	330
			664	329
			664	328
			665	327
			665	326
			666	325
			666	324
			667	323
			668	322
			668	321
			669	320
			670	319
			671	318
			671	317
			672	316
			673	315
			674	314
			675	314
		</curveLM12>
	</curves.pixel>
	<curves.scaled type=list>
		<curveLM07 type=matrix rownames=FALSE colnames=FALSE nrow=243 ncol=2 as.numeric=TRUE >
			5.75680760549377	-2.6779816120371
			5.76533620935376	-2.68651021589709
			5.77386481321375	-2.69503881975708
			5.77386481321375	-2.70356742361707
			5.78239341707374	-2.71209602747706
			5.78239341707374	-2.72062463133706
			5.79092202093373	-2.72915323519705
			5.79092202093373	-2.73768183905704
			5.79945062479372	-2.74621044291703
			5.79945062479372	-2.75473904677702
			5.80797922865372	-2.76326765063701
			5.80797922865372	-2.771796254497
			5.80797922865372	-2.78032485835699
			5.81650783251371	-2.78885346221698
			5.81650783251371	-2.79738206607697
			5.8250364363737	-2.80591066993696
			5.8250364363737	-2.81443927379695
			5.8250364363737	-2.82296787765695
			5.83356504023369	-2.83149648151694
			5.83356504023369	-2.84002508537693
			5.84209364409368	-2.84855368923692
			5.84209364409368	-2.85708229309691
			5.85062224795367	-2.8656108969569
			5.85062224795367	-2.87413950081689
			5.85915085181366	-2.88266810467688
			5.85915085181366	-2.89119670853687
			5.85915085181366	-2.89972531239686
			5.86767945567365	-2.90825391625685
			5.86767945567365	-2.91678252011684
			5.87620805953364	-2.92531112397683
			5.87620805953364	-2.93383972783682
			5.87620805953364	-2.94236833169682
			5.88473666339363	-2.95089693555681
			5.88473666339363	-2.9594255394168
			5.89326526725362	-2.96795414327679
			5.89326526725362	-2.97648274713678
			5.89326526725362	-2.98501135099677
			5.90179387111361	-2.99353995485676
			5.90179387111361	-3.00206855871675
			5.9103224749736	-3.01059716257674
			5.9103224749736	-3.01912576643673
			5.9103224749736	-3.02765437029672
			5.91885107883359	-3.03618297415671
			5.91885107883359	-3.04471157801671
			5.92737968269359	-3.0532401818767
			5.92737968269359	-3.06176878573669
			5.92737968269359	-3.07029738959668
			5.93590828655358	-3.07882599345667
			5.93590828655358	-3.08735459731666
			5.94443689041357	-3.09588320117665
			5.94443689041357	-3.10441180503664
			5.94443689041357	-3.11294040889663
			5.95296549427356	-3.12146901275662
			5.95296549427356	-3.12999761661661
			5.96149409813355	-3.1385262204766
			5.96149409813355	-3.14705482433659
			5.96149409813355	-3.15558342819658
			5.97002270199354	-3.16411203205658
			5.97002270199354	-3.17264063591657
			5.97002270199354	-3.18116923977656
			5.97855130585353	-3.18969784363655
			5.97855130585353	-3.19822644749654
			5.98707990971352	-3.20675505135653
			5.98707990971352	-3.21528365521652
			5.99560851357351	-3.22381225907651
			5.99560851357351	-3.2323408629365
			5.99560851357351	-3.24086946679649
			6.0041371174335	-3.24939807065648
			6.0041371174335	-3.25792667451647
			6.0041371174335	-3.26645527837647
			6.01266572129349	-3.27498388223646
			6.01266572129349	-3.28351248609645
			6.02119432515348	-3.29204108995644
			6.02119432515348	-3.30056969381643
			6.02119432515348	-3.30909829767642
			6.02119432515348	-3.31762690153641
			6.02972292901347	-3.31762690153641
			6.02972292901347	-3.3261555053964
			6.02972292901347	-3.33468410925639
			6.03825153287347	-3.34321271311638
			6.03825153287347	-3.35174131697637
			6.03825153287347	-3.36026992083636
			6.04678013673346	-3.36026992083636
			6.04678013673346	-3.36879852469635
			6.04678013673346	-3.37732712855635
			6.05530874059345	-3.38585573241634
			6.05530874059345	-3.39438433627633
			6.05530874059345	-3.40291294013632
			6.06383734445344	-3.40291294013632
			6.06383734445344	-3.41144154399631
			6.06383734445344	-3.4199701478563
			6.07236594831343	-3.42849875171629
			6.07236594831343	-3.43702735557628
			6.07236594831343	-3.44555595943627
			6.08089455217342	-3.45408456329626
			6.08089455217342	-3.46261316715625
			6.08089455217342	-3.47114177101624
			6.08942315603341	-3.47114177101624
			6.08942315603341	-3.47967037487623
			6.08942315603341	-3.48819897873623
			6.0979517598934	-3.49672758259622
			6.0979517598934	-3.50525618645621
			6.0979517598934	-3.5137847903162
			6.10648036375339	-3.5137847903162
			6.10648036375339	-3.52231339417619
			6.10648036375339	-3.53084199803618
			6.11500896761338	-3.53937060189617
			6.11500896761338	-3.54789920575616
			6.11500896761338	-3.55642780961615
			6.12353757147337	-3.56495641347614
			6.12353757147337	-3.57348501733613
			6.12353757147337	-3.58201362119612
			6.13206617533336	-3.58201362119612
			6.13206617533336	-3.59054222505611
			6.13206617533336	-3.59907082891611
			6.13206617533336	-3.6075994327761
			6.14059477919335	-3.6075994327761
			6.14059477919335	-3.61612803663609
			6.14059477919335	-3.62465664049608
			6.14912338305335	-3.63318524435607
			6.14912338305335	-3.64171384821606
			6.14912338305335	-3.65024245207605
			6.15765198691334	-3.65877105593604
			6.15765198691334	-3.66729965979603
			6.15765198691334	-3.67582826365602
			6.16618059077333	-3.68435686751601
			6.16618059077333	-3.692885471376
			6.17470919463332	-3.70141407523599
			6.17470919463332	-3.70994267909599
			6.17470919463332	-3.71847128295598
			6.18323779849331	-3.72699988681597
			6.18323779849331	-3.73552849067596
			6.18323779849331	-3.74405709453595
			6.1917664023533	-3.75258569839594
			6.1917664023533	-3.76111430225593
			6.20029500621329	-3.76964290611592
			6.20029500621329	-3.77817150997591
			6.20029500621329	-3.7867001138359
			6.20029500621329	-3.79522871769589
			6.20882361007328	-3.80375732155588
			6.20882361007328	-3.81228592541587
			6.20882361007328	-3.82081452927587
			6.21735221393327	-3.82934313313586
			6.21735221393327	-3.83787173699585
			6.21735221393327	-3.84640034085584
			6.22588081779326	-3.85492894471583
			6.22588081779326	-3.86345754857582
			6.22588081779326	-3.87198615243581
			6.23440942165325	-3.8805147562958
			6.23440942165325	-3.88904336015579
			6.23440942165325	-3.89757196401578
			6.24293802551324	-3.90610056787577
			6.24293802551324	-3.91462917173576
			6.24293802551324	-3.92315777559575
			6.24293802551324	-3.93168637945575
			6.25146662937324	-3.94021498331574
			6.25146662937324	-3.94874358717573
			6.25146662937324	-3.95727219103572
			6.25146662937324	-3.96580079489571
			6.25999523323323	-3.9743293987557
			6.25999523323323	-3.98285800261569
			6.25999523323323	-3.99138660647568
			6.26852383709322	-3.99991521033567
			6.26852383709322	-4.00844381419566
			6.26852383709322	-4.01697241805565
			6.27705244095321	-4.02550102191564
			6.27705244095321	-4.03402962577563
			6.27705244095321	-4.04255822963562
			6.27705244095321	-4.05108683349562
			6.2855810448132	-4.05961543735561
			6.2855810448132	-4.0681440412156
			6.2855810448132	-4.07667264507559
			6.2855810448132	-4.08520124893558
			6.2855810448132	-4.09372985279557
			6.29410964867319	-4.10225845665556
			6.29410964867319	-4.11078706051555
			6.29410964867319	-4.11931566437554
			6.29410964867319	-4.12784426823553
			6.30263825253318	-4.13637287209552
			6.30263825253318	-4.14490147595551
			6.30263825253318	-4.15343007981551
			6.30263825253318	-4.1619586836755
			6.30263825253318	-4.17048728753549
			6.31116685639317	-4.17901589139548
			6.31116685639317	-4.18754449525547
			6.31116685639317	-4.19607309911546
			6.31116685639317	-4.20460170297545
			6.31116685639317	-4.21313030683544
			6.31116685639317	-4.22165891069543
			6.31116685639317	-4.23018751455542
			6.31969546025316	-4.23871611841541
			6.31969546025316	-4.2472447222754
			6.31969546025316	-4.25577332613539
			6.31969546025316	-4.26430192999539
			6.31969546025316	-4.27283053385538
			6.31969546025316	-4.28135913771537
			6.31969546025316	-4.28988774157536
			6.32822406411315	-4.29841634543535
			6.32822406411315	-4.30694494929534
			6.32822406411315	-4.31547355315533
			6.32822406411315	-4.32400215701532
			6.32822406411315	-4.33253076087531
			6.32822406411315	-4.3410593647353
			6.32822406411315	-4.34958796859529
			6.32822406411315	-4.35811657245528
			6.32822406411315	-4.36664517631527
			6.32822406411315	-4.37517378017527
			6.32822406411315	-4.38370238403526
			6.32822406411315	-4.39223098789525
			6.32822406411315	-4.40075959175524
			6.31969546025316	-4.40928819561523
			6.31969546025316	-4.41781679947522
			6.31969546025316	-4.42634540333521
			6.31969546025316	-4.4348740071952
			6.31969546025316	-4.44340261105519
			6.31116685639317	-4.45193121491518
			6.31116685639317	-4.46045981877517
			6.31116685639317	-4.46898842263516
			6.31116685639317	-4.47751702649515
			6.31116685639317	-4.48604563035515
			6.31116685639317	-4.49457423421514
			6.30263825253318	-4.50310283807513
			6.30263825253318	-4.51163144193512
			6.30263825253318	-4.52016004579511
			6.30263825253318	-4.5286886496551
			6.30263825253318	-4.53721725351509
			6.29410964867319	-4.54574585737508
			6.29410964867319	-4.55427446123507
			6.29410964867319	-4.56280306509506
			6.29410964867319	-4.57133166895505
			6.29410964867319	-4.57986027281504
			6.2855810448132	-4.58838887667503
			6.2855810448132	-4.59691748053503
			6.2855810448132	-4.60544608439502
			6.2855810448132	-4.61397468825501
			6.2855810448132	-4.622503292115
			6.27705244095321	-4.63103189597499
			6.27705244095321	-4.63956049983498
			6.27705244095321	-4.64808910369497
			6.27705244095321	-4.65661770755496
			6.26852383709322	-4.66514631141495
			6.26852383709322	-4.67367491527494
			6.26852383709322	-4.68220351913493
		</curveLM07>
		<curveLM08 type=matrix rownames=FALSE colnames=FALSE nrow=28 ncol=2 as.numeric=TRUE >
			6.26852383709322	-4.68220351913493
			6.25999523323323	-4.67367491527494
			6.25146662937324	-4.67367491527494
			6.24293802551324	-4.66514631141495
			6.23440942165325	-4.66514631141495
			6.22588081779326	-4.66514631141495
			6.21735221393327	-4.65661770755496
			6.20882361007328	-4.65661770755496
			6.20882361007328	-4.64808910369497
			6.20029500621329	-4.64808910369497
			6.1917664023533	-4.64808910369497
			6.18323779849331	-4.63956049983498
			6.17470919463332	-4.63956049983498
			6.16618059077333	-4.63103189597499
			6.15765198691334	-4.63103189597499
			6.14912338305335	-4.63103189597499
			6.14059477919335	-4.622503292115
			6.13206617533336	-4.622503292115
			6.12353757147337	-4.61397468825501
			6.11500896761338	-4.61397468825501
			6.10648036375339	-4.61397468825501
			6.0979517598934	-4.61397468825501
			6.08942315603341	-4.61397468825501
			6.08089455217342	-4.61397468825501
			6.07236594831343	-4.61397468825501
			6.06383734445344	-4.61397468825501
			6.05530874059345	-4.61397468825501
			6.05530874059345	-4.622503292115
		</curveLM08>
		<curveLM09 type=matrix rownames=FALSE colnames=FALSE nrow=76 ncol=2 as.numeric=TRUE >
			6.05530874059345	-4.622503292115
			6.04678013673346	-4.63103189597499
			6.03825153287347	-4.63956049983498
			6.03825153287347	-4.64808910369497
			6.02972292901347	-4.65661770755496
			6.02972292901347	-4.66514631141495
			6.02119432515348	-4.67367491527494
			6.02119432515348	-4.68220351913493
			6.02119432515348	-4.69073212299492
			6.01266572129349	-4.69926072685491
			6.01266572129349	-4.70778933071491
			6.01266572129349	-4.7163179345749
			6.0041371174335	-4.72484653843489
			6.0041371174335	-4.73337514229488
			6.0041371174335	-4.74190374615487
			5.99560851357351	-4.75043235001486
			5.99560851357351	-4.75896095387485
			5.99560851357351	-4.76748955773484
			5.98707990971352	-4.77601816159483
			5.98707990971352	-4.78454676545482
			5.98707990971352	-4.79307536931481
			5.98707990971352	-4.8016039731748
			5.97855130585353	-4.81013257703479
			5.97855130585353	-4.81866118089479
			5.97855130585353	-4.82718978475478
			5.97002270199354	-4.83571838861477
			5.97002270199354	-4.84424699247476
			5.97002270199354	-4.85277559633475
			5.97002270199354	-4.86130420019474
			5.96149409813355	-4.86983280405473
			5.96149409813355	-4.87836140791472
			5.96149409813355	-4.88689001177471
			5.95296549427356	-4.8954186156347
			5.95296549427356	-4.90394721949469
			5.95296549427356	-4.91247582335468
			5.95296549427356	-4.92100442721467
			5.94443689041357	-4.92953303107467
			5.94443689041357	-4.93806163493466
			5.94443689041357	-4.94659023879465
			5.94443689041357	-4.95511884265464
			5.93590828655358	-4.96364744651463
			5.93590828655358	-4.97217605037462
			5.93590828655358	-4.98070465423461
			5.93590828655358	-4.9892332580946
			5.92737968269359	-4.99776186195459
			5.92737968269359	-5.00629046581458
			5.92737968269359	-5.01481906967457
			5.92737968269359	-5.02334767353456
			5.91885107883359	-5.03187627739455
			5.91885107883359	-5.04040488125455
			5.91885107883359	-5.04893348511454
			5.9103224749736	-5.05746208897453
			5.9103224749736	-5.06599069283452
			5.9103224749736	-5.07451929669451
			5.9103224749736	-5.0830479005545
			5.90179387111361	-5.09157650441449
			5.90179387111361	-5.10010510827448
			5.90179387111361	-5.10863371213447
			5.89326526725362	-5.10863371213447
			5.88473666339363	-5.11716231599446
			5.87620805953364	-5.11716231599446
			5.86767945567365	-5.11716231599446
			5.85915085181366	-5.11716231599446
			5.85062224795367	-5.12569091985445
			5.84209364409368	-5.12569091985445
			5.83356504023369	-5.12569091985445
			5.8250364363737	-5.12569091985445
			5.81650783251371	-5.12569091985445
			5.80797922865372	-5.12569091985445
			5.79945062479372	-5.12569091985445
			5.79092202093373	-5.12569091985445
			5.78239341707374	-5.12569091985445
			5.77386481321375	-5.12569091985445
			5.76533620935376	-5.12569091985445
			5.75680760549377	-5.12569091985445
			5.74827900163378	-5.12569091985445
		</curveLM09>
		<curveLM10 type=matrix rownames=FALSE colnames=FALSE nrow=74 ncol=2 as.numeric=TRUE >
			5.74827900163378	-5.12569091985445
			5.73975039777379	-5.12569091985445
			5.7312217939138	-5.12569091985445
			5.72269319005381	-5.12569091985445
			5.71416458619382	-5.12569091985445
			5.70563598233383	-5.12569091985445
			5.69710737847383	-5.12569091985445
			5.68857877461384	-5.12569091985445
			5.68005017075385	-5.12569091985445
			5.67152156689386	-5.12569091985445
			5.66299296303387	-5.11716231599446
			5.65446435917388	-5.11716231599446
			5.64593575531389	-5.11716231599446
			5.6374071514539	-5.10863371213447
			5.62887854759391	-5.10010510827448
			5.62034994373392	-5.09157650441449
			5.61182133987393	-5.09157650441449
			5.60329273601394	-5.0830479005545
			5.59476413215395	-5.07451929669451
			5.59476413215395	-5.06599069283452
			5.58623552829395	-5.05746208897453
			5.57770692443396	-5.04893348511454
			5.57770692443396	-5.04040488125455
			5.56917832057397	-5.03187627739455
			5.56917832057397	-5.02334767353456
			5.56064971671398	-5.01481906967457
			5.56064971671398	-5.00629046581458
			5.55212111285399	-4.99776186195459
			5.55212111285399	-4.9892332580946
			5.55212111285399	-4.98070465423461
			5.55212111285399	-4.97217605037462
			5.543592508994	-4.96364744651463
			5.543592508994	-4.95511884265464
			5.543592508994	-4.94659023879465
			5.543592508994	-4.93806163493466
			5.543592508994	-4.92953303107467
			5.543592508994	-4.92100442721467
			5.543592508994	-4.91247582335468
			5.543592508994	-4.90394721949469
			5.543592508994	-4.8954186156347
			5.543592508994	-4.88689001177471
			5.543592508994	-4.87836140791472
			5.543592508994	-4.86983280405473
			5.543592508994	-4.86130420019474
			5.543592508994	-4.85277559633475
			5.53506390513401	-4.84424699247476
			5.53506390513401	-4.83571838861477
			5.53506390513401	-4.82718978475478
			5.53506390513401	-4.81866118089479
			5.53506390513401	-4.81013257703479
			5.53506390513401	-4.8016039731748
			5.53506390513401	-4.79307536931481
			5.53506390513401	-4.78454676545482
			5.53506390513401	-4.77601816159483
			5.53506390513401	-4.76748955773484
			5.53506390513401	-4.75896095387485
			5.53506390513401	-4.75043235001486
			5.52653530127402	-4.74190374615487
			5.52653530127402	-4.73337514229488
			5.52653530127402	-4.72484653843489
			5.52653530127402	-4.7163179345749
			5.52653530127402	-4.70778933071491
			5.52653530127402	-4.69926072685491
			5.52653530127402	-4.69073212299492
			5.51800669741403	-4.68220351913493
			5.51800669741403	-4.67367491527494
			5.51800669741403	-4.66514631141495
			5.51800669741403	-4.65661770755496
			5.50947809355404	-4.64808910369497
			5.50947809355404	-4.63956049983498
			5.50947809355404	-4.63103189597499
			5.50094948969405	-4.622503292115
			5.50094948969405	-4.61397468825501
			5.49242088583406	-4.61397468825501
		</curveLM10>
		<curveLM11 type=matrix rownames=FALSE colnames=FALSE nrow=35 ncol=2 as.numeric=TRUE >
			5.49242088583406	-4.61397468825501
			5.48389228197407	-4.61397468825501
			5.48389228197407	-4.60544608439502
			5.47536367811407	-4.60544608439502
			5.46683507425408	-4.60544608439502
			5.45830647039409	-4.60544608439502
			5.4497778665341	-4.60544608439502
			5.44124926267411	-4.61397468825501
			5.43272065881412	-4.61397468825501
			5.42419205495413	-4.61397468825501
			5.41566345109414	-4.61397468825501
			5.40713484723415	-4.622503292115
			5.39860624337416	-4.622503292115
			5.39007763951417	-4.63103189597499
			5.38154903565418	-4.63103189597499
			5.37302043179419	-4.63956049983498
			5.36449182793419	-4.63956049983498
			5.3559632240742	-4.64808910369497
			5.34743462021421	-4.64808910369497
			5.33890601635422	-4.65661770755496
			5.33037741249423	-4.65661770755496
			5.32184880863424	-4.66514631141495
			5.31332020477425	-4.66514631141495
			5.30479160091426	-4.66514631141495
			5.29626299705427	-4.66514631141495
			5.28773439319428	-4.67367491527494
			5.27920578933429	-4.67367491527494
			5.2706771854743	-4.67367491527494
			5.2621485816143	-4.67367491527494
			5.25361997775431	-4.67367491527494
			5.24509137389432	-4.67367491527494
			5.23656277003433	-4.67367491527494
			5.22803416617434	-4.67367491527494
			5.21950556231435	-4.67367491527494
			5.21097695845436	-4.67367491527494
		</curveLM11>
		<curveLM12 type=matrix rownames=FALSE colnames=FALSE nrow=242 ncol=2 as.numeric=TRUE >
			5.21097695845436	-4.67367491527494
			5.21097695845436	-4.66514631141495
			5.21097695845436	-4.65661770755496
			5.20244835459437	-4.64808910369497
			5.20244835459437	-4.63956049983498
			5.20244835459437	-4.63103189597499
			5.20244835459437	-4.622503292115
			5.20244835459437	-4.61397468825501
			5.20244835459437	-4.60544608439502
			5.20244835459437	-4.59691748053503
			5.19391975073438	-4.58838887667503
			5.19391975073438	-4.57986027281504
			5.19391975073438	-4.57133166895505
			5.19391975073438	-4.56280306509506
			5.19391975073438	-4.55427446123507
			5.19391975073438	-4.54574585737508
			5.19391975073438	-4.53721725351509
			5.19391975073438	-4.5286886496551
			5.19391975073438	-4.52016004579511
			5.19391975073438	-4.51163144193512
			5.19391975073438	-4.50310283807513
			5.19391975073438	-4.49457423421514
			5.19391975073438	-4.48604563035515
			5.19391975073438	-4.47751702649515
			5.18539114687439	-4.46898842263516
			5.18539114687439	-4.46045981877517
			5.18539114687439	-4.45193121491518
			5.18539114687439	-4.44340261105519
			5.18539114687439	-4.4348740071952
			5.18539114687439	-4.42634540333521
			5.18539114687439	-4.41781679947522
			5.18539114687439	-4.40928819561523
			5.18539114687439	-4.40075959175524
			5.18539114687439	-4.39223098789525
			5.18539114687439	-4.38370238403526
			5.18539114687439	-4.37517378017527
			5.18539114687439	-4.36664517631527
			5.18539114687439	-4.35811657245528
			5.18539114687439	-4.34958796859529
			5.18539114687439	-4.3410593647353
			5.18539114687439	-4.33253076087531
			5.18539114687439	-4.32400215701532
			5.18539114687439	-4.31547355315533
			5.18539114687439	-4.30694494929534
			5.19391975073438	-4.29841634543535
			5.19391975073438	-4.28988774157536
			5.19391975073438	-4.28135913771537
			5.19391975073438	-4.27283053385538
			5.19391975073438	-4.26430192999539
			5.19391975073438	-4.25577332613539
			5.19391975073438	-4.2472447222754
			5.19391975073438	-4.23871611841541
			5.19391975073438	-4.23018751455542
			5.19391975073438	-4.22165891069543
			5.19391975073438	-4.21313030683544
			5.19391975073438	-4.20460170297545
			5.19391975073438	-4.19607309911546
			5.19391975073438	-4.18754449525547
			5.20244835459437	-4.17901589139548
			5.20244835459437	-4.17048728753549
			5.20244835459437	-4.1619586836755
			5.20244835459437	-4.15343007981551
			5.21097695845436	-4.14490147595551
			5.21097695845436	-4.13637287209552
			5.21097695845436	-4.12784426823553
			5.21097695845436	-4.11931566437554
			5.21950556231435	-4.11078706051555
			5.21950556231435	-4.10225845665556
			5.21950556231435	-4.09372985279557
			5.21950556231435	-4.08520124893558
			5.21950556231435	-4.07667264507559
			5.22803416617434	-4.07667264507559
			5.22803416617434	-4.0681440412156
			5.22803416617434	-4.05961543735561
			5.22803416617434	-4.05108683349562
			5.23656277003433	-4.04255822963562
			5.23656277003433	-4.03402962577563
			5.23656277003433	-4.02550102191564
			5.23656277003433	-4.01697241805565
			5.24509137389432	-4.00844381419566
			5.24509137389432	-3.99991521033567
			5.24509137389432	-3.99138660647568
			5.24509137389432	-3.98285800261569
			5.25361997775431	-3.9743293987557
			5.25361997775431	-3.96580079489571
			5.25361997775431	-3.95727219103572
			5.25361997775431	-3.94874358717573
			5.2621485816143	-3.94021498331574
			5.2621485816143	-3.93168637945575
			5.2621485816143	-3.92315777559575
			5.2621485816143	-3.91462917173576
			5.2706771854743	-3.91462917173576
			5.2706771854743	-3.90610056787577
			5.2706771854743	-3.89757196401578
			5.2706771854743	-3.88904336015579
			5.27920578933429	-3.8805147562958
			5.27920578933429	-3.87198615243581
			5.27920578933429	-3.86345754857582
			5.27920578933429	-3.85492894471583
			5.28773439319428	-3.84640034085584
			5.28773439319428	-3.83787173699585
			5.28773439319428	-3.82934313313586
			5.28773439319428	-3.82081452927587
			5.29626299705427	-3.81228592541587
			5.29626299705427	-3.80375732155588
			5.29626299705427	-3.79522871769589
			5.29626299705427	-3.7867001138359
			5.30479160091426	-3.7867001138359
			5.30479160091426	-3.77817150997591
			5.30479160091426	-3.76964290611592
			5.30479160091426	-3.76111430225593
			5.31332020477425	-3.75258569839594
			5.31332020477425	-3.74405709453595
			5.31332020477425	-3.73552849067596
			5.31332020477425	-3.72699988681597
			5.32184880863424	-3.71847128295598
			5.32184880863424	-3.70994267909599
			5.32184880863424	-3.70141407523599
			5.33037741249423	-3.692885471376
			5.33037741249423	-3.68435686751601
			5.33037741249423	-3.67582826365602
			5.33890601635422	-3.66729965979603
			5.33890601635422	-3.65877105593604
			5.33890601635422	-3.65024245207605
			5.34743462021421	-3.64171384821606
			5.34743462021421	-3.63318524435607
			5.34743462021421	-3.62465664049608
			5.34743462021421	-3.61612803663609
			5.3559632240742	-3.6075994327761
			5.3559632240742	-3.59907082891611
			5.3559632240742	-3.59054222505611
			5.3559632240742	-3.58201362119612
			5.36449182793419	-3.57348501733613
			5.36449182793419	-3.56495641347614
			5.36449182793419	-3.55642780961615
			5.37302043179419	-3.54789920575616
			5.37302043179419	-3.53937060189617
			5.37302043179419	-3.53084199803618
			5.38154903565418	-3.52231339417619
			5.38154903565418	-3.5137847903162
			5.38154903565418	-3.50525618645621
			5.39007763951417	-3.49672758259622
			5.39007763951417	-3.48819897873623
			5.39007763951417	-3.47967037487623
			5.39860624337416	-3.47114177101624
			5.39860624337416	-3.46261316715625
			5.39860624337416	-3.45408456329626
			5.40713484723415	-3.44555595943627
			5.40713484723415	-3.43702735557628
			5.40713484723415	-3.42849875171629
			5.41566345109414	-3.4199701478563
			5.41566345109414	-3.41144154399631
			5.41566345109414	-3.40291294013632
			5.42419205495413	-3.39438433627633
			5.42419205495413	-3.38585573241634
			5.42419205495413	-3.37732712855635
			5.43272065881412	-3.36879852469635
			5.43272065881412	-3.36026992083636
			5.43272065881412	-3.35174131697637
			5.44124926267411	-3.34321271311638
			5.44124926267411	-3.33468410925639
			5.44124926267411	-3.3261555053964
			5.4497778665341	-3.31762690153641
			5.4497778665341	-3.30909829767642
			5.4497778665341	-3.30056969381643
			5.45830647039409	-3.29204108995644
			5.45830647039409	-3.28351248609645
			5.45830647039409	-3.27498388223646
			5.46683507425408	-3.27498388223646
			5.46683507425408	-3.26645527837647
			5.46683507425408	-3.25792667451647
			5.47536367811407	-3.24939807065648
			5.47536367811407	-3.24086946679649
			5.47536367811407	-3.2323408629365
			5.48389228197407	-3.22381225907651
			5.48389228197407	-3.21528365521652
			5.48389228197407	-3.20675505135653
			5.49242088583406	-3.19822644749654
			5.49242088583406	-3.18969784363655
			5.50094948969405	-3.18116923977656
			5.50094948969405	-3.17264063591657
			5.50094948969405	-3.16411203205658
			5.50947809355404	-3.15558342819658
			5.50947809355404	-3.14705482433659
			5.50947809355404	-3.1385262204766
			5.51800669741403	-3.12999761661661
			5.51800669741403	-3.12146901275662
			5.52653530127402	-3.11294040889663
			5.52653530127402	-3.10441180503664
			5.52653530127402	-3.09588320117665
			5.53506390513401	-3.09588320117665
			5.53506390513401	-3.08735459731666
			5.53506390513401	-3.07882599345667
			5.543592508994	-3.07029738959668
			5.543592508994	-3.06176878573669
			5.543592508994	-3.0532401818767
			5.55212111285399	-3.04471157801671
			5.55212111285399	-3.03618297415671
			5.56064971671398	-3.02765437029672
			5.56064971671398	-3.01912576643673
			5.56917832057397	-3.01059716257674
			5.56917832057397	-3.00206855871675
			5.57770692443396	-2.99353995485676
			5.57770692443396	-2.98501135099677
			5.57770692443396	-2.97648274713678
			5.58623552829395	-2.96795414327679
			5.58623552829395	-2.9594255394168
			5.59476413215395	-2.95089693555681
			5.59476413215395	-2.94236833169682
			5.60329273601394	-2.93383972783682
			5.60329273601394	-2.92531112397683
			5.60329273601394	-2.91678252011684
			5.61182133987393	-2.90825391625685
			5.62034994373392	-2.89972531239686
			5.62034994373392	-2.89119670853687
			5.62887854759391	-2.88266810467688
			5.62887854759391	-2.87413950081689
			5.6374071514539	-2.8656108969569
			5.6374071514539	-2.85708229309691
			5.6374071514539	-2.84855368923692
			5.64593575531389	-2.84855368923692
			5.64593575531389	-2.84002508537693
			5.64593575531389	-2.83149648151694
			5.65446435917388	-2.82296787765695
			5.65446435917388	-2.81443927379695
			5.66299296303387	-2.80591066993696
			5.66299296303387	-2.79738206607697
			5.67152156689386	-2.78885346221698
			5.67152156689386	-2.78032485835699
			5.68005017075385	-2.771796254497
			5.68005017075385	-2.76326765063701
			5.68857877461384	-2.75473904677702
			5.69710737847383	-2.74621044291703
			5.69710737847383	-2.73768183905704
			5.70563598233383	-2.72915323519705
			5.71416458619382	-2.72062463133706
			5.72269319005381	-2.71209602747706
			5.72269319005381	-2.70356742361707
			5.7312217939138	-2.69503881975708
			5.73975039777379	-2.68651021589709
			5.74827900163378	-2.6779816120371
			5.75680760549377	-2.6779816120371
		</curveLM12>
	</curves.scaled>
	<ruler.points type=matrix rownames=TRUE colnames=FALSE nrow=5 ncol=2 as.numeric=TRUE >
		Ruler point 1	210	814
		Ruler point 2	326	814
		Ruler point 3	444	813
		Ruler point 4	562	814
		Ruler point 5	679	814
	</ruler.points>
</shapes>

