<shapes type=list>
	<ruler.pixel type=vector names=FALSE length=1 as.numeric=TRUE >117.500282936177</ruler.pixel>
	<ruler.interval type=vector names=FALSE length=1 as.numeric=TRUE >1</ruler.interval>
	<scaling.units type=vector names=FALSE length=1 as.numeric=FALSE >cm</scaling.units>
	<scaling type=vector names=FALSE length=1 as.numeric=TRUE >0.00851061780458153</scaling>
	<landmarks.pixel type=matrix rownames=TRUE colnames=FALSE nrow=6 ncol=2 as.numeric=TRUE >
		LM01	684	360
		LM02	741	594
		LM03	711	581
		LM04	683	602
		LM05	659	582
		LM06	627	588
	</landmarks.pixel>
	<landmarks.scaled type=matrix rownames=TRUE colnames=FALSE nrow=6 ncol=2 as.numeric=TRUE >
		LM01	5.82126257833377	-3.06382240964935
		LM02	6.30636779319492	-5.05530697592143
		LM03	6.05104925905747	-4.94466894446187
		LM04	5.81275196052919	-5.12339191835808
		LM05	5.60849713321923	-4.95317956226645
		LM06	5.33615736347262	-5.00424326909394
	</landmarks.scaled>
	<curves.control type=list>
		<curveLM07 type=matrix rownames=FALSE colnames=FALSE nrow=7 ncol=2 as.numeric=TRUE >
			684	360
			700	365
			716	415
			728	469
			739	528
			755	567
			741	594
		</curveLM07>
		<curveLM08 type=matrix rownames=FALSE colnames=FALSE nrow=5 ncol=2 as.numeric=TRUE >
			741	594
			732	595
			724	584
			718	580
			711	581
		</curveLM08>
		<curveLM09 type=matrix rownames=FALSE colnames=FALSE nrow=5 ncol=2 as.numeric=TRUE >
			711	581
			701	585
			693	600
			687	603
			683	602
		</curveLM09>
		<curveLM10 type=matrix rownames=FALSE colnames=FALSE nrow=5 ncol=2 as.numeric=TRUE >
			683	602
			674	601
			667	587
			664	581
			659	582
		</curveLM10>
		<curveLM11 type=matrix rownames=FALSE colnames=FALSE nrow=5 ncol=2 as.numeric=TRUE >
			659	582
			654	579
			642	587
			631	592
			627	588
		</curveLM11>
		<curveLM12 type=matrix rownames=FALSE colnames=FALSE nrow=9 ncol=2 as.numeric=TRUE >
			627	588
			620	579
			630	538
			637	527
			647	456
			650	421
			672	371
			678	362
			684	360
		</curveLM12>
	</curves.control>
	<curves.pixel type=list>
		<curveLM07 type=matrix rownames=FALSE colnames=FALSE nrow=241 ncol=2 as.numeric=TRUE >
			684	360
			685	360
			686	361
			687	361
			688	362
			689	363
			690	363
			691	364
			692	365
			693	366
			694	367
			694	368
			695	369
			696	370
			697	371
			697	372
			698	372
			698	373
			699	374
			699	375
			700	376
			700	377
			701	378
			702	379
			702	380
			703	381
			703	382
			704	383
			704	384
			705	385
			705	386
			705	387
			706	387
			706	388
			706	389
			707	390
			707	391
			708	392
			708	393
			709	394
			709	395
			709	396
			710	397
			710	398
			711	399
			711	400
			711	401
			712	402
			712	403
			712	404
			713	405
			713	406
			713	407
			714	408
			714	409
			714	410
			715	411
			715	412
			715	413
			716	414
			716	415
			716	416
			716	417
			717	418
			717	419
			717	420
			717	421
			718	422
			718	423
			718	424
			718	425
			718	426
			719	427
			719	428
			719	429
			719	430
			720	431
			720	432
			720	433
			720	434
			720	435
			721	436
			721	437
			721	438
			721	439
			721	440
			722	441
			722	442
			722	443
			722	444
			722	445
			723	446
			723	447
			723	448
			723	449
			724	450
			724	451
			724	452
			724	453
			724	454
			725	455
			725	456
			725	457
			725	458
			725	459
			726	460
			726	461
			726	462
			726	463
			726	464
			727	465
			727	466
			727	467
			727	468
			727	469
			728	470
			728	471
			728	472
			728	473
			729	474
			729	475
			729	476
			729	477
			729	478
			730	479
			730	480
			730	481
			730	482
			730	483
			731	484
			731	485
			731	486
			731	487
			731	488
			732	489
			732	490
			732	491
			732	492
			732	493
			733	494
			733	495
			733	496
			733	497
			733	498
			733	499
			734	500
			734	501
			734	502
			734	503
			734	504
			735	505
			735	506
			735	507
			735	508
			735	509
			736	510
			736	511
			736	512
			736	513
			736	514
			737	515
			737	516
			737	517
			737	518
			737	519
			738	520
			738	521
			738	522
			738	523
			738	524
			739	525
			739	526
			739	527
			739	528
			739	529
			740	530
			740	531
			741	532
			741	533
			741	534
			742	535
			742	536
			742	537
			743	538
			743	539
			743	540
			744	541
			744	542
			744	543
			744	544
			745	545
			745	546
			745	547
			745	548
			746	549
			746	550
			746	551
			746	552
			746	553
			746	554
			747	554
			747	555
			747	556
			747	557
			747	558
			747	559
			747	560
			747	561
			747	562
			747	563
			747	564
			748	565
			748	566
			748	567
			748	568
			747	569
			747	570
			747	571
			747	572
			747	573
			747	574
			747	575
			747	576
			747	577
			746	578
			746	579
			746	580
			746	581
			746	582
			745	583
			745	584
			745	585
			744	586
			744	587
			744	588
			743	589
			743	590
			743	591
			742	592
			742	593
			741	594
		</curveLM07>
		<curveLM08 type=matrix rownames=FALSE colnames=FALSE nrow=33 ncol=2 as.numeric=TRUE >
			741	594
			740	594
			739	594
			738	594
			737	594
			736	594
			735	593
			734	593
			733	592
			732	592
			731	591
			730	590
			729	590
			728	589
			727	588
			726	587
			725	586
			725	585
			724	584
			723	584
			723	583
			722	583
			721	582
			720	582
			719	582
			718	581
			717	581
			716	581
			715	581
			714	581
			713	581
			712	581
			711	581
		</curveLM08>
		<curveLM09 type=matrix rownames=FALSE colnames=FALSE nrow=35 ncol=2 as.numeric=TRUE >
			711	581
			710	581
			709	582
			708	583
			707	583
			706	584
			705	585
			704	586
			703	586
			702	587
			701	588
			701	589
			700	589
			699	590
			699	591
			698	592
			697	593
			697	594
			696	595
			695	596
			695	597
			694	598
			693	599
			693	600
			692	600
			692	601
			691	601
			690	601
			689	602
			688	602
			687	602
			686	602
			685	602
			684	602
			683	602
		</curveLM09>
		<curveLM10 type=matrix rownames=FALSE colnames=FALSE nrow=32 ncol=2 as.numeric=TRUE >
			683	602
			682	602
			681	602
			680	601
			679	601
			678	600
			677	600
			676	599
			675	598
			674	597
			673	596
			672	595
			671	594
			670	593
			670	592
			669	591
			669	590
			668	590
			668	589
			667	588
			667	587
			667	586
			666	586
			666	585
			665	585
			665	584
			664	583
			663	583
			662	582
			661	582
			660	582
			659	582
		</curveLM10>
		<curveLM11 type=matrix rownames=FALSE colnames=FALSE nrow=34 ncol=2 as.numeric=TRUE >
			659	582
			658	582
			658	581
			657	581
			656	581
			655	581
			654	581
			653	582
			652	582
			651	582
			650	583
			649	583
			648	583
			647	584
			646	585
			645	585
			644	586
			643	586
			642	587
			641	587
			640	588
			639	588
			638	589
			637	589
			636	589
			635	589
			634	590
			633	590
			632	590
			631	590
			630	590
			629	589
			628	589
			627	588
		</curveLM11>
		<curveLM12 type=matrix rownames=FALSE colnames=FALSE nrow=240 ncol=2 as.numeric=TRUE >
			627	588
			627	587
			626	587
			626	586
			625	585
			625	584
			625	583
			625	582
			624	581
			624	580
			624	579
			624	578
			624	577
			624	576
			624	575
			624	574
			624	573
			624	572
			624	571
			624	570
			624	569
			625	568
			625	567
			625	566
			625	565
			625	564
			625	563
			625	562
			625	561
			626	560
			626	559
			626	558
			626	557
			626	556
			626	555
			627	554
			627	553
			627	552
			627	551
			627	550
			627	549
			628	549
			628	548
			628	547
			628	546
			628	545
			629	544
			629	543
			629	542
			629	541
			630	540
			630	539
			630	538
			630	537
			631	537
			631	536
			631	535
			632	534
			632	533
			633	532
			633	531
			633	530
			634	529
			634	528
			634	527
			634	526
			635	526
			635	525
			635	524
			635	523
			636	522
			636	521
			636	520
			636	519
			637	518
			637	517
			637	516
			637	515
			637	514
			638	513
			638	512
			638	511
			638	510
			638	509
			639	508
			639	507
			639	506
			639	505
			639	504
			640	503
			640	502
			640	501
			640	500
			640	499
			640	498
			641	497
			641	496
			641	495
			641	494
			641	493
			642	492
			642	491
			642	490
			642	489
			642	488
			642	487
			643	486
			643	485
			643	484
			643	483
			643	482
			643	481
			644	480
			644	479
			644	478
			644	477
			644	476
			644	475
			644	474
			645	473
			645	472
			645	471
			645	470
			645	469
			645	468
			645	467
			646	466
			646	465
			646	464
			646	463
			646	462
			646	461
			646	460
			647	459
			647	458
			647	457
			647	456
			647	455
			647	454
			647	453
			647	452
			647	451
			648	451
			648	450
			648	449
			648	448
			648	447
			648	446
			648	445
			649	444
			649	443
			649	442
			649	441
			649	440
			649	439
			650	438
			650	437
			650	436
			650	435
			650	434
			651	434
			651	433
			651	432
			651	431
			651	430
			652	429
			652	428
			652	427
			652	426
			653	425
			653	424
			653	423
			653	422
			654	421
			654	420
			654	419
			655	418
			655	417
			655	416
			655	415
			656	414
			656	413
			656	412
			657	411
			657	410
			657	409
			658	408
			658	407
			658	406
			659	405
			659	404
			659	403
			660	402
			660	401
			660	400
			661	400
			661	399
			661	398
			661	397
			662	396
			662	395
			663	394
			663	393
			663	392
			664	391
			664	390
			664	389
			665	388
			665	387
			666	386
			666	385
			666	384
			667	383
			667	382
			668	381
			668	380
			669	379
			669	378
			669	377
			670	376
			670	375
			671	374
			671	373
			672	372
			672	371
			673	370
			673	369
			674	368
			675	367
			676	366
			676	365
			677	365
			677	364
			678	364
			679	363
			680	362
			681	361
			682	361
			683	360
			684	360
		</curveLM12>
	</curves.pixel>
	<curves.scaled type=list>
		<curveLM07 type=matrix rownames=FALSE colnames=FALSE nrow=241 ncol=2 as.numeric=TRUE >
			5.82126257833377	-3.06382240964935
			5.82977319613835	-3.06382240964935
			5.83828381394293	-3.07233302745393
			5.84679443174751	-3.07233302745393
			5.85530504955209	-3.08084364525851
			5.86381566735668	-3.0893542630631
			5.87232628516126	-3.0893542630631
			5.88083690296584	-3.09786488086768
			5.88934752077042	-3.10637549867226
			5.897858138575	-3.11488611647684
			5.90636875637958	-3.12339673428142
			5.90636875637958	-3.131907352086
			5.91487937418417	-3.14041796989059
			5.92338999198875	-3.14892858769517
			5.93190060979333	-3.15743920549975
			5.93190060979333	-3.16594982330433
			5.94041122759791	-3.16594982330433
			5.94041122759791	-3.17446044110891
			5.94892184540249	-3.18297105891349
			5.94892184540249	-3.19148167671807
			5.95743246320707	-3.19999229452266
			5.95743246320707	-3.20850291232724
			5.96594308101165	-3.21701353013182
			5.97445369881624	-3.2255241479364
			5.97445369881624	-3.23403476574098
			5.98296431662082	-3.24254538354556
			5.98296431662082	-3.25105600135015
			5.9914749344254	-3.25956661915473
			5.9914749344254	-3.26807723695931
			5.99998555222998	-3.27658785476389
			5.99998555222998	-3.28509847256847
			5.99998555222998	-3.29360909037305
			6.00849617003456	-3.29360909037305
			6.00849617003456	-3.30211970817764
			6.00849617003456	-3.31063032598222
			6.01700678783914	-3.3191409437868
			6.01700678783914	-3.32765156159138
			6.02551740564373	-3.33616217939596
			6.02551740564373	-3.34467279720054
			6.03402802344831	-3.35318341500512
			6.03402802344831	-3.36169403280971
			6.03402802344831	-3.37020465061429
			6.04253864125289	-3.37871526841887
			6.04253864125289	-3.38722588622345
			6.05104925905747	-3.39573650402803
			6.05104925905747	-3.40424712183261
			6.05104925905747	-3.41275773963719
			6.05955987686205	-3.42126835744178
			6.05955987686205	-3.42977897524636
			6.05955987686205	-3.43828959305094
			6.06807049466663	-3.44680021085552
			6.06807049466663	-3.4553108286601
			6.06807049466663	-3.46382144646468
			6.07658111247121	-3.47233206426927
			6.07658111247121	-3.48084268207385
			6.07658111247121	-3.48935329987843
			6.0850917302758	-3.49786391768301
			6.0850917302758	-3.50637453548759
			6.0850917302758	-3.51488515329217
			6.09360234808038	-3.52339577109675
			6.09360234808038	-3.53190638890134
			6.09360234808038	-3.54041700670592
			6.09360234808038	-3.5489276245105
			6.10211296588496	-3.55743824231508
			6.10211296588496	-3.56594886011966
			6.10211296588496	-3.57445947792424
			6.10211296588496	-3.58297009572883
			6.11062358368954	-3.59148071353341
			6.11062358368954	-3.59999133133799
			6.11062358368954	-3.60850194914257
			6.11062358368954	-3.61701256694715
			6.11062358368954	-3.62552318475173
			6.11913420149412	-3.63403380255631
			6.11913420149412	-3.6425444203609
			6.11913420149412	-3.65105503816548
			6.11913420149412	-3.65956565597006
			6.1276448192987	-3.66807627377464
			6.1276448192987	-3.67658689157922
			6.1276448192987	-3.6850975093838
			6.1276448192987	-3.69360812718839
			6.1276448192987	-3.70211874499297
			6.13615543710329	-3.71062936279755
			6.13615543710329	-3.71913998060213
			6.13615543710329	-3.72765059840671
			6.13615543710329	-3.73616121621129
			6.13615543710329	-3.74467183401587
			6.14466605490787	-3.75318245182046
			6.14466605490787	-3.76169306962504
			6.14466605490787	-3.77020368742962
			6.14466605490787	-3.7787143052342
			6.14466605490787	-3.78722492303878
			6.15317667271245	-3.79573554084336
			6.15317667271245	-3.80424615864795
			6.15317667271245	-3.81275677645253
			6.15317667271245	-3.82126739425711
			6.16168729051703	-3.82977801206169
			6.16168729051703	-3.83828862986627
			6.16168729051703	-3.84679924767085
			6.16168729051703	-3.85530986547543
			6.16168729051703	-3.86382048328002
			6.17019790832161	-3.8723311010846
			6.17019790832161	-3.88084171888918
			6.17019790832161	-3.88935233669376
			6.17019790832161	-3.89786295449834
			6.17019790832161	-3.90637357230292
			6.17870852612619	-3.91488419010751
			6.17870852612619	-3.92339480791209
			6.17870852612619	-3.93190542571667
			6.17870852612619	-3.94041604352125
			6.17870852612619	-3.94892666132583
			6.18721914393077	-3.95743727913041
			6.18721914393077	-3.96594789693499
			6.18721914393077	-3.97445851473958
			6.18721914393077	-3.98296913254416
			6.18721914393077	-3.99147975034874
			6.19572976173536	-3.99999036815332
			6.19572976173536	-4.0085009859579
			6.19572976173536	-4.01701160376248
			6.19572976173536	-4.02552222156707
			6.20424037953994	-4.03403283937165
			6.20424037953994	-4.04254345717623
			6.20424037953994	-4.05105407498081
			6.20424037953994	-4.05956469278539
			6.20424037953994	-4.06807531058997
			6.21275099734452	-4.07658592839455
			6.21275099734452	-4.08509654619914
			6.21275099734452	-4.09360716400372
			6.21275099734452	-4.1021177818083
			6.21275099734452	-4.11062839961288
			6.2212616151491	-4.11913901741746
			6.2212616151491	-4.12764963522204
			6.2212616151491	-4.13616025302662
			6.2212616151491	-4.14467087083121
			6.2212616151491	-4.15318148863579
			6.22977223295368	-4.16169210644037
			6.22977223295368	-4.17020272424495
			6.22977223295368	-4.17871334204953
			6.22977223295368	-4.18722395985411
			6.22977223295368	-4.1957345776587
			6.23828285075826	-4.20424519546328
			6.23828285075826	-4.21275581326786
			6.23828285075826	-4.22126643107244
			6.23828285075826	-4.22977704887702
			6.23828285075826	-4.2382876666816
			6.23828285075826	-4.24679828448618
			6.24679346856285	-4.25530890229077
			6.24679346856285	-4.26381952009535
			6.24679346856285	-4.27233013789993
			6.24679346856285	-4.28084075570451
			6.24679346856285	-4.28935137350909
			6.25530408636743	-4.29786199131367
			6.25530408636743	-4.30637260911826
			6.25530408636743	-4.31488322692284
			6.25530408636743	-4.32339384472742
			6.25530408636743	-4.331904462532
			6.26381470417201	-4.34041508033658
			6.26381470417201	-4.34892569814116
			6.26381470417201	-4.35743631594574
			6.26381470417201	-4.36594693375033
			6.26381470417201	-4.37445755155491
			6.27232532197659	-4.38296816935949
			6.27232532197659	-4.39147878716407
			6.27232532197659	-4.39998940496865
			6.27232532197659	-4.40850002277323
			6.27232532197659	-4.41701064057782
			6.28083593978117	-4.4255212583824
			6.28083593978117	-4.43403187618698
			6.28083593978117	-4.44254249399156
			6.28083593978117	-4.45105311179614
			6.28083593978117	-4.45956372960072
			6.28934655758575	-4.46807434740531
			6.28934655758575	-4.47658496520989
			6.28934655758575	-4.48509558301447
			6.28934655758575	-4.49360620081905
			6.28934655758575	-4.50211681862363
			6.29785717539033	-4.51062743642821
			6.29785717539033	-4.51913805423279
			6.30636779319492	-4.52764867203738
			6.30636779319492	-4.53615928984196
			6.30636779319492	-4.54466990764654
			6.3148784109995	-4.55318052545112
			6.3148784109995	-4.5616911432557
			6.3148784109995	-4.57020176106028
			6.32338902880408	-4.57871237886487
			6.32338902880408	-4.58722299666945
			6.32338902880408	-4.59573361447403
			6.33189964660866	-4.60424423227861
			6.33189964660866	-4.61275485008319
			6.33189964660866	-4.62126546788777
			6.33189964660866	-4.62977608569235
			6.34041026441324	-4.63828670349694
			6.34041026441324	-4.64679732130152
			6.34041026441324	-4.6553079391061
			6.34041026441324	-4.66381855691068
			6.34892088221782	-4.67232917471526
			6.34892088221782	-4.68083979251984
			6.34892088221782	-4.68935041032442
			6.34892088221782	-4.69786102812901
			6.34892088221782	-4.70637164593359
			6.34892088221782	-4.71488226373817
			6.3574315000224	-4.71488226373817
			6.3574315000224	-4.72339288154275
			6.3574315000224	-4.73190349934733
			6.3574315000224	-4.74041411715191
			6.3574315000224	-4.7489247349565
			6.3574315000224	-4.75743535276108
			6.3574315000224	-4.76594597056566
			6.3574315000224	-4.77445658837024
			6.3574315000224	-4.78296720617482
			6.3574315000224	-4.7914778239794
			6.3574315000224	-4.79998844178398
			6.36594211782699	-4.80849905958857
			6.36594211782699	-4.81700967739315
			6.36594211782699	-4.82552029519773
			6.36594211782699	-4.83403091300231
			6.3574315000224	-4.84254153080689
			6.3574315000224	-4.85105214861147
			6.3574315000224	-4.85956276641606
			6.3574315000224	-4.86807338422064
			6.3574315000224	-4.87658400202522
			6.3574315000224	-4.8850946198298
			6.3574315000224	-4.89360523763438
			6.3574315000224	-4.90211585543896
			6.3574315000224	-4.91062647324354
			6.34892088221782	-4.91913709104813
			6.34892088221782	-4.92764770885271
			6.34892088221782	-4.93615832665729
			6.34892088221782	-4.94466894446187
			6.34892088221782	-4.95317956226645
			6.34041026441324	-4.96169018007103
			6.34041026441324	-4.97020079787562
			6.34041026441324	-4.9787114156802
			6.33189964660866	-4.98722203348478
			6.33189964660866	-4.99573265128936
			6.33189964660866	-5.00424326909394
			6.32338902880408	-5.01275388689852
			6.32338902880408	-5.0212645047031
			6.32338902880408	-5.02977512250769
			6.3148784109995	-5.03828574031227
			6.3148784109995	-5.04679635811685
			6.30636779319492	-5.05530697592143
		</curveLM07>
		<curveLM08 type=matrix rownames=FALSE colnames=FALSE nrow=33 ncol=2 as.numeric=TRUE >
			6.30636779319492	-5.05530697592143
			6.29785717539033	-5.05530697592143
			6.28934655758575	-5.05530697592143
			6.28083593978117	-5.05530697592143
			6.27232532197659	-5.05530697592143
			6.26381470417201	-5.05530697592143
			6.25530408636743	-5.04679635811685
			6.24679346856285	-5.04679635811685
			6.23828285075826	-5.03828574031227
			6.22977223295368	-5.03828574031227
			6.2212616151491	-5.02977512250769
			6.21275099734452	-5.0212645047031
			6.20424037953994	-5.0212645047031
			6.19572976173536	-5.01275388689852
			6.18721914393077	-5.00424326909394
			6.17870852612619	-4.99573265128936
			6.17019790832161	-4.98722203348478
			6.17019790832161	-4.9787114156802
			6.16168729051703	-4.97020079787562
			6.15317667271245	-4.97020079787562
			6.15317667271245	-4.96169018007103
			6.14466605490787	-4.96169018007103
			6.13615543710329	-4.95317956226645
			6.1276448192987	-4.95317956226645
			6.11913420149412	-4.95317956226645
			6.11062358368954	-4.94466894446187
			6.10211296588496	-4.94466894446187
			6.09360234808038	-4.94466894446187
			6.0850917302758	-4.94466894446187
			6.07658111247121	-4.94466894446187
			6.06807049466663	-4.94466894446187
			6.05955987686205	-4.94466894446187
			6.05104925905747	-4.94466894446187
		</curveLM08>
		<curveLM09 type=matrix rownames=FALSE colnames=FALSE nrow=35 ncol=2 as.numeric=TRUE >
			6.05104925905747	-4.94466894446187
			6.04253864125289	-4.94466894446187
			6.03402802344831	-4.95317956226645
			6.02551740564373	-4.96169018007103
			6.01700678783914	-4.96169018007103
			6.00849617003456	-4.97020079787562
			5.99998555222998	-4.9787114156802
			5.9914749344254	-4.98722203348478
			5.98296431662082	-4.98722203348478
			5.97445369881624	-4.99573265128936
			5.96594308101165	-5.00424326909394
			5.96594308101165	-5.01275388689852
			5.95743246320707	-5.01275388689852
			5.94892184540249	-5.0212645047031
			5.94892184540249	-5.02977512250769
			5.94041122759791	-5.03828574031227
			5.93190060979333	-5.04679635811685
			5.93190060979333	-5.05530697592143
			5.92338999198875	-5.06381759372601
			5.91487937418417	-5.07232821153059
			5.91487937418417	-5.08083882933518
			5.90636875637958	-5.08934944713976
			5.897858138575	-5.09786006494434
			5.897858138575	-5.10637068274892
			5.88934752077042	-5.10637068274892
			5.88934752077042	-5.1148813005535
			5.88083690296584	-5.1148813005535
			5.87232628516126	-5.1148813005535
			5.86381566735668	-5.12339191835808
			5.85530504955209	-5.12339191835808
			5.84679443174751	-5.12339191835808
			5.83828381394293	-5.12339191835808
			5.82977319613835	-5.12339191835808
			5.82126257833377	-5.12339191835808
			5.81275196052919	-5.12339191835808
		</curveLM09>
		<curveLM10 type=matrix rownames=FALSE colnames=FALSE nrow=32 ncol=2 as.numeric=TRUE >
			5.81275196052919	-5.12339191835808
			5.80424134272461	-5.12339191835808
			5.79573072492002	-5.12339191835808
			5.78722010711544	-5.1148813005535
			5.77870948931086	-5.1148813005535
			5.77019887150628	-5.10637068274892
			5.7616882537017	-5.10637068274892
			5.75317763589712	-5.09786006494434
			5.74466701809254	-5.08934944713976
			5.73615640028795	-5.08083882933518
			5.72764578248337	-5.07232821153059
			5.71913516467879	-5.06381759372601
			5.71062454687421	-5.05530697592143
			5.70211392906963	-5.04679635811685
			5.70211392906963	-5.03828574031227
			5.69360331126505	-5.02977512250769
			5.69360331126505	-5.0212645047031
			5.68509269346046	-5.0212645047031
			5.68509269346046	-5.01275388689852
			5.67658207565588	-5.00424326909394
			5.67658207565588	-4.99573265128936
			5.67658207565588	-4.98722203348478
			5.6680714578513	-4.98722203348478
			5.6680714578513	-4.9787114156802
			5.65956084004672	-4.9787114156802
			5.65956084004672	-4.97020079787562
			5.65105022224214	-4.96169018007103
			5.64253960443756	-4.96169018007103
			5.63402898663298	-4.95317956226645
			5.62551836882839	-4.95317956226645
			5.61700775102381	-4.95317956226645
			5.60849713321923	-4.95317956226645
		</curveLM10>
		<curveLM11 type=matrix rownames=FALSE colnames=FALSE nrow=34 ncol=2 as.numeric=TRUE >
			5.60849713321923	-4.95317956226645
			5.59998651541465	-4.95317956226645
			5.59998651541465	-4.94466894446187
			5.59147589761007	-4.94466894446187
			5.58296527980549	-4.94466894446187
			5.5744546620009	-4.94466894446187
			5.56594404419632	-4.94466894446187
			5.55743342639174	-4.95317956226645
			5.54892280858716	-4.95317956226645
			5.54041219078258	-4.95317956226645
			5.531901572978	-4.96169018007103
			5.52339095517342	-4.96169018007103
			5.51488033736883	-4.96169018007103
			5.50636971956425	-4.97020079787562
			5.49785910175967	-4.9787114156802
			5.48934848395509	-4.9787114156802
			5.48083786615051	-4.98722203348478
			5.47232724834593	-4.98722203348478
			5.46381663054134	-4.99573265128936
			5.45530601273676	-4.99573265128936
			5.44679539493218	-5.00424326909394
			5.4382847771276	-5.00424326909394
			5.42977415932302	-5.01275388689852
			5.42126354151844	-5.01275388689852
			5.41275292371385	-5.01275388689852
			5.40424230590927	-5.01275388689852
			5.39573168810469	-5.0212645047031
			5.38722107030011	-5.0212645047031
			5.37871045249553	-5.0212645047031
			5.37019983469095	-5.0212645047031
			5.36168921688637	-5.0212645047031
			5.35317859908178	-5.01275388689852
			5.3446679812772	-5.01275388689852
			5.33615736347262	-5.00424326909394
		</curveLM11>
		<curveLM12 type=matrix rownames=FALSE colnames=FALSE nrow=240 ncol=2 as.numeric=TRUE >
			5.33615736347262	-5.00424326909394
			5.33615736347262	-4.99573265128936
			5.32764674566804	-4.99573265128936
			5.32764674566804	-4.98722203348478
			5.31913612786346	-4.9787114156802
			5.31913612786346	-4.97020079787562
			5.31913612786346	-4.96169018007103
			5.31913612786346	-4.95317956226645
			5.31062551005888	-4.94466894446187
			5.31062551005888	-4.93615832665729
			5.31062551005888	-4.92764770885271
			5.31062551005888	-4.91913709104813
			5.31062551005888	-4.91062647324354
			5.31062551005888	-4.90211585543896
			5.31062551005888	-4.89360523763438
			5.31062551005888	-4.8850946198298
			5.31062551005888	-4.87658400202522
			5.31062551005888	-4.86807338422064
			5.31062551005888	-4.85956276641606
			5.31062551005888	-4.85105214861147
			5.31062551005888	-4.84254153080689
			5.31913612786346	-4.83403091300231
			5.31913612786346	-4.82552029519773
			5.31913612786346	-4.81700967739315
			5.31913612786346	-4.80849905958857
			5.31913612786346	-4.79998844178398
			5.31913612786346	-4.7914778239794
			5.31913612786346	-4.78296720617482
			5.31913612786346	-4.77445658837024
			5.32764674566804	-4.76594597056566
			5.32764674566804	-4.75743535276108
			5.32764674566804	-4.7489247349565
			5.32764674566804	-4.74041411715191
			5.32764674566804	-4.73190349934733
			5.32764674566804	-4.72339288154275
			5.33615736347262	-4.71488226373817
			5.33615736347262	-4.70637164593359
			5.33615736347262	-4.69786102812901
			5.33615736347262	-4.68935041032442
			5.33615736347262	-4.68083979251984
			5.33615736347262	-4.67232917471526
			5.3446679812772	-4.67232917471526
			5.3446679812772	-4.66381855691068
			5.3446679812772	-4.6553079391061
			5.3446679812772	-4.64679732130152
			5.3446679812772	-4.63828670349694
			5.35317859908178	-4.62977608569235
			5.35317859908178	-4.62126546788777
			5.35317859908178	-4.61275485008319
			5.35317859908178	-4.60424423227861
			5.36168921688637	-4.59573361447403
			5.36168921688637	-4.58722299666945
			5.36168921688637	-4.57871237886487
			5.36168921688637	-4.57020176106028
			5.37019983469095	-4.57020176106028
			5.37019983469095	-4.5616911432557
			5.37019983469095	-4.55318052545112
			5.37871045249553	-4.54466990764654
			5.37871045249553	-4.53615928984196
			5.38722107030011	-4.52764867203738
			5.38722107030011	-4.51913805423279
			5.38722107030011	-4.51062743642821
			5.39573168810469	-4.50211681862363
			5.39573168810469	-4.49360620081905
			5.39573168810469	-4.48509558301447
			5.39573168810469	-4.47658496520989
			5.40424230590927	-4.47658496520989
			5.40424230590927	-4.46807434740531
			5.40424230590927	-4.45956372960072
			5.40424230590927	-4.45105311179614
			5.41275292371385	-4.44254249399156
			5.41275292371385	-4.43403187618698
			5.41275292371385	-4.4255212583824
			5.41275292371385	-4.41701064057782
			5.42126354151844	-4.40850002277323
			5.42126354151844	-4.39998940496865
			5.42126354151844	-4.39147878716407
			5.42126354151844	-4.38296816935949
			5.42126354151844	-4.37445755155491
			5.42977415932302	-4.36594693375033
			5.42977415932302	-4.35743631594574
			5.42977415932302	-4.34892569814116
			5.42977415932302	-4.34041508033658
			5.42977415932302	-4.331904462532
			5.4382847771276	-4.32339384472742
			5.4382847771276	-4.31488322692284
			5.4382847771276	-4.30637260911826
			5.4382847771276	-4.29786199131367
			5.4382847771276	-4.28935137350909
			5.44679539493218	-4.28084075570451
			5.44679539493218	-4.27233013789993
			5.44679539493218	-4.26381952009535
			5.44679539493218	-4.25530890229077
			5.44679539493218	-4.24679828448618
			5.44679539493218	-4.2382876666816
			5.45530601273676	-4.22977704887702
			5.45530601273676	-4.22126643107244
			5.45530601273676	-4.21275581326786
			5.45530601273676	-4.20424519546328
			5.45530601273676	-4.1957345776587
			5.46381663054134	-4.18722395985411
			5.46381663054134	-4.17871334204953
			5.46381663054134	-4.17020272424495
			5.46381663054134	-4.16169210644037
			5.46381663054134	-4.15318148863579
			5.46381663054134	-4.14467087083121
			5.47232724834593	-4.13616025302662
			5.47232724834593	-4.12764963522204
			5.47232724834593	-4.11913901741746
			5.47232724834593	-4.11062839961288
			5.47232724834593	-4.1021177818083
			5.47232724834593	-4.09360716400372
			5.48083786615051	-4.08509654619914
			5.48083786615051	-4.07658592839455
			5.48083786615051	-4.06807531058997
			5.48083786615051	-4.05956469278539
			5.48083786615051	-4.05105407498081
			5.48083786615051	-4.04254345717623
			5.48083786615051	-4.03403283937165
			5.48934848395509	-4.02552222156707
			5.48934848395509	-4.01701160376248
			5.48934848395509	-4.0085009859579
			5.48934848395509	-3.99999036815332
			5.48934848395509	-3.99147975034874
			5.48934848395509	-3.98296913254416
			5.48934848395509	-3.97445851473958
			5.49785910175967	-3.96594789693499
			5.49785910175967	-3.95743727913041
			5.49785910175967	-3.94892666132583
			5.49785910175967	-3.94041604352125
			5.49785910175967	-3.93190542571667
			5.49785910175967	-3.92339480791209
			5.49785910175967	-3.91488419010751
			5.50636971956425	-3.90637357230292
			5.50636971956425	-3.89786295449834
			5.50636971956425	-3.88935233669376
			5.50636971956425	-3.88084171888918
			5.50636971956425	-3.8723311010846
			5.50636971956425	-3.86382048328002
			5.50636971956425	-3.85530986547543
			5.50636971956425	-3.84679924767085
			5.50636971956425	-3.83828862986627
			5.51488033736883	-3.83828862986627
			5.51488033736883	-3.82977801206169
			5.51488033736883	-3.82126739425711
			5.51488033736883	-3.81275677645253
			5.51488033736883	-3.80424615864795
			5.51488033736883	-3.79573554084336
			5.51488033736883	-3.78722492303878
			5.52339095517342	-3.7787143052342
			5.52339095517342	-3.77020368742962
			5.52339095517342	-3.76169306962504
			5.52339095517342	-3.75318245182046
			5.52339095517342	-3.74467183401587
			5.52339095517342	-3.73616121621129
			5.531901572978	-3.72765059840671
			5.531901572978	-3.71913998060213
			5.531901572978	-3.71062936279755
			5.531901572978	-3.70211874499297
			5.531901572978	-3.69360812718839
			5.54041219078258	-3.69360812718839
			5.54041219078258	-3.6850975093838
			5.54041219078258	-3.67658689157922
			5.54041219078258	-3.66807627377464
			5.54041219078258	-3.65956565597006
			5.54892280858716	-3.65105503816548
			5.54892280858716	-3.6425444203609
			5.54892280858716	-3.63403380255631
			5.54892280858716	-3.62552318475173
			5.55743342639174	-3.61701256694715
			5.55743342639174	-3.60850194914257
			5.55743342639174	-3.59999133133799
			5.55743342639174	-3.59148071353341
			5.56594404419632	-3.58297009572883
			5.56594404419632	-3.57445947792424
			5.56594404419632	-3.56594886011966
			5.5744546620009	-3.55743824231508
			5.5744546620009	-3.5489276245105
			5.5744546620009	-3.54041700670592
			5.5744546620009	-3.53190638890134
			5.58296527980549	-3.52339577109675
			5.58296527980549	-3.51488515329217
			5.58296527980549	-3.50637453548759
			5.59147589761007	-3.49786391768301
			5.59147589761007	-3.48935329987843
			5.59147589761007	-3.48084268207385
			5.59998651541465	-3.47233206426927
			5.59998651541465	-3.46382144646468
			5.59998651541465	-3.4553108286601
			5.60849713321923	-3.44680021085552
			5.60849713321923	-3.43828959305094
			5.60849713321923	-3.42977897524636
			5.61700775102381	-3.42126835744178
			5.61700775102381	-3.41275773963719
			5.61700775102381	-3.40424712183261
			5.62551836882839	-3.40424712183261
			5.62551836882839	-3.39573650402803
			5.62551836882839	-3.38722588622345
			5.62551836882839	-3.37871526841887
			5.63402898663298	-3.37020465061429
			5.63402898663298	-3.36169403280971
			5.64253960443756	-3.35318341500512
			5.64253960443756	-3.34467279720054
			5.64253960443756	-3.33616217939596
			5.65105022224214	-3.32765156159138
			5.65105022224214	-3.3191409437868
			5.65105022224214	-3.31063032598222
			5.65956084004672	-3.30211970817764
			5.65956084004672	-3.29360909037305
			5.6680714578513	-3.28509847256847
			5.6680714578513	-3.27658785476389
			5.6680714578513	-3.26807723695931
			5.67658207565588	-3.25956661915473
			5.67658207565588	-3.25105600135015
			5.68509269346046	-3.24254538354556
			5.68509269346046	-3.23403476574098
			5.69360331126505	-3.2255241479364
			5.69360331126505	-3.21701353013182
			5.69360331126505	-3.20850291232724
			5.70211392906963	-3.19999229452266
			5.70211392906963	-3.19148167671807
			5.71062454687421	-3.18297105891349
			5.71062454687421	-3.17446044110891
			5.71913516467879	-3.16594982330433
			5.71913516467879	-3.15743920549975
			5.72764578248337	-3.14892858769517
			5.72764578248337	-3.14041796989059
			5.73615640028795	-3.131907352086
			5.74466701809254	-3.12339673428142
			5.75317763589712	-3.11488611647684
			5.75317763589712	-3.10637549867226
			5.7616882537017	-3.10637549867226
			5.7616882537017	-3.09786488086768
			5.77019887150628	-3.09786488086768
			5.77870948931086	-3.0893542630631
			5.78722010711544	-3.08084364525851
			5.79573072492002	-3.07233302745393
			5.80424134272461	-3.07233302745393
			5.81275196052919	-3.06382240964935
			5.82126257833377	-3.06382240964935
		</curveLM12>
	</curves.scaled>
	<ruler.points type=matrix rownames=TRUE colnames=FALSE nrow=5 ncol=2 as.numeric=TRUE >
		Ruler point 1	211	813
		Ruler point 2	328	813
		Ruler point 3	446	813
		Ruler point 4	564	814
		Ruler point 5	681	814
	</ruler.points>
</shapes>

