<shapes type=list>
	<ruler.pixel type=vector names=FALSE length=1 as.numeric=TRUE >117.250000018642</ruler.pixel>
	<ruler.interval type=vector names=FALSE length=1 as.numeric=TRUE >1</ruler.interval>
	<scaling.units type=vector names=FALSE length=1 as.numeric=FALSE >cm</scaling.units>
	<scaling type=vector names=FALSE length=1 as.numeric=TRUE >0.0085287846468316</scaling>
	<landmarks.pixel type=matrix rownames=TRUE colnames=FALSE nrow=6 ncol=2 as.numeric=TRUE >
		LM01	676	299
		LM02	751	530
		LM03	709	523
		LM04	676	603
		LM05	638	518
		LM06	596	521
	</landmarks.pixel>
	<landmarks.scaled type=matrix rownames=TRUE colnames=FALSE nrow=6 ncol=2 as.numeric=TRUE >
		LM01	5.76545842125816	-2.55010660940265
		LM02	6.40511726977053	-4.52025586282075
		LM03	6.04690831460361	-4.46055437029293
		LM04	5.76545842125816	-5.14285714203946
		LM05	5.44136460467856	-4.41791044705877
		LM06	5.08315564951164	-4.44349680099927
	</landmarks.scaled>
	<curves.control type=list>
		<curveLM07 type=matrix rownames=FALSE colnames=FALSE nrow=5 ncol=2 as.numeric=TRUE >
			676	299
			682	301
			710	382
			759	530
			751	530
		</curveLM07>
		<curveLM08 type=matrix rownames=FALSE colnames=FALSE nrow=5 ncol=2 as.numeric=TRUE >
			751	530
			749	536
			726	526
			720	523
			709	523
		</curveLM08>
		<curveLM09 type=matrix rownames=FALSE colnames=FALSE nrow=5 ncol=2 as.numeric=TRUE >
			709	523
			700	527
			697	578
			693	603
			676	603
		</curveLM09>
		<curveLM10 type=matrix rownames=FALSE colnames=FALSE nrow=5 ncol=2 as.numeric=TRUE >
			676	603
			658	604
			653	563
			653	530
			638	518
		</curveLM10>
		<curveLM11 type=matrix rownames=FALSE colnames=FALSE nrow=5 ncol=2 as.numeric=TRUE >
			638	518
			632	516
			609	522
			600	524
			596	521
		</curveLM11>
		<curveLM12 type=matrix rownames=FALSE colnames=FALSE nrow=5 ncol=2 as.numeric=TRUE >
			596	521
			592	515
			620	440
			667	296
			676	299
		</curveLM12>
	</curves.control>
	<curves.pixel type=list>
		<curveLM07 type=matrix rownames=FALSE colnames=FALSE nrow=244 ncol=2 as.numeric=TRUE >
			676	299
			677	300
			678	301
			679	302
			679	303
			680	304
			681	305
			681	306
			682	307
			682	308
			682	309
			683	310
			683	311
			684	312
			684	313
			685	314
			685	315
			685	316
			686	316
			686	317
			686	318
			687	319
			687	320
			688	321
			688	322
			689	323
			689	324
			689	325
			690	326
			690	327
			690	328
			691	329
			691	330
			691	331
			692	331
			692	332
			692	333
			693	334
			693	335
			693	336
			694	337
			694	338
			695	339
			695	340
			695	341
			696	342
			696	343
			696	344
			697	345
			697	346
			698	347
			698	348
			698	349
			699	350
			699	351
			699	352
			700	353
			700	354
			700	355
			701	355
			701	356
			701	357
			702	358
			702	359
			702	360
			703	361
			703	362
			703	363
			704	364
			704	365
			704	366
			705	366
			705	367
			705	368
			706	369
			706	370
			706	371
			707	372
			707	373
			707	374
			707	375
			708	375
			708	376
			708	377
			709	378
			709	379
			709	380
			710	381
			710	382
			710	383
			711	384
			711	385
			711	386
			712	387
			712	388
			712	389
			713	390
			713	391
			713	392
			714	393
			714	394
			714	395
			715	396
			715	397
			715	398
			716	399
			716	400
			716	401
			717	402
			717	403
			717	404
			718	405
			718	406
			718	407
			719	408
			719	409
			719	410
			719	411
			720	412
			720	413
			720	414
			721	415
			721	416
			722	417
			722	418
			722	419
			723	420
			723	421
			723	422
			723	423
			724	424
			724	425
			724	426
			725	427
			725	428
			725	429
			726	430
			726	431
			726	432
			727	433
			727	434
			727	435
			727	436
			728	436
			728	437
			728	438
			728	439
			729	440
			729	441
			730	442
			730	443
			730	444
			730	445
			731	446
			731	447
			731	448
			732	449
			732	450
			732	451
			732	452
			733	453
			733	454
			734	455
			734	456
			734	457
			734	458
			735	458
			735	459
			735	460
			735	461
			736	462
			736	463
			736	464
			736	465
			737	465
			737	466
			737	467
			737	468
			738	468
			738	469
			738	470
			738	471
			739	472
			739	473
			739	474
			740	475
			740	476
			740	477
			740	478
			741	479
			741	480
			741	481
			742	482
			742	483
			742	484
			743	485
			743	486
			743	487
			743	488
			744	489
			744	490
			744	491
			745	492
			745	493
			745	494
			745	495
			746	496
			746	497
			746	498
			746	499
			747	499
			747	500
			747	501
			747	502
			747	503
			748	504
			748	505
			748	506
			748	507
			749	508
			749	509
			749	510
			749	511
			750	512
			750	513
			750	514
			750	515
			750	516
			751	516
			751	517
			751	518
			751	519
			751	520
			751	521
			752	522
			752	523
			752	524
			752	525
			752	526
			752	527
			752	528
			752	529
			752	530
			751	530
		</curveLM07>
		<curveLM08 type=matrix rownames=FALSE colnames=FALSE nrow=46 ncol=2 as.numeric=TRUE >
			751	530
			751	531
			750	531
			750	532
			749	532
			748	532
			747	532
			746	532
			745	532
			744	532
			743	532
			742	532
			741	531
			740	531
			739	531
			738	531
			737	530
			736	530
			735	530
			734	529
			733	529
			732	528
			731	528
			730	528
			729	527
			728	527
			727	526
			726	526
			725	526
			725	525
			724	525
			723	525
			722	525
			721	524
			720	524
			719	524
			718	524
			717	524
			716	523
			715	523
			714	523
			713	523
			712	523
			711	523
			710	523
			709	523
		</curveLM08>
		<curveLM09 type=matrix rownames=FALSE colnames=FALSE nrow=93 ncol=2 as.numeric=TRUE >
			709	523
			708	523
			708	524
			707	525
			706	526
			705	527
			705	528
			704	529
			704	530
			704	531
			703	532
			703	533
			703	534
			702	535
			702	536
			702	537
			702	538
			702	539
			701	540
			701	541
			701	542
			701	543
			701	544
			700	544
			700	545
			700	546
			700	547
			700	548
			700	549
			700	550
			699	551
			699	552
			699	553
			699	554
			699	555
			699	556
			699	557
			699	558
			698	559
			698	560
			698	561
			698	562
			698	563
			698	564
			698	565
			698	566
			698	567
			698	568
			698	569
			698	570
			697	571
			697	572
			697	573
			697	574
			697	575
			697	576
			697	577
			697	578
			697	579
			697	580
			696	581
			696	582
			696	583
			696	584
			696	585
			695	586
			695	587
			695	588
			694	589
			694	590
			693	591
			693	592
			692	593
			692	594
			691	595
			691	596
			690	596
			689	597
			689	598
			688	598
			688	599
			687	600
			686	600
			685	601
			684	601
			683	602
			682	602
			681	602
			680	603
			679	603
			678	603
			677	603
			676	603
		</curveLM09>
		<curveLM10 type=matrix rownames=FALSE colnames=FALSE nrow=94 ncol=2 as.numeric=TRUE >
			676	603
			675	603
			674	603
			673	603
			672	603
			671	602
			670	602
			669	602
			669	601
			668	601
			667	600
			666	599
			665	598
			664	597
			663	596
			662	595
			662	594
			661	593
			660	592
			660	591
			659	590
			659	589
			659	588
			658	587
			658	586
			658	585
			657	584
			657	583
			657	582
			656	581
			656	580
			656	579
			656	578
			655	577
			655	576
			655	575
			655	574
			655	573
			654	572
			654	571
			654	570
			654	569
			654	568
			654	567
			653	566
			653	565
			653	564
			653	563
			653	562
			653	561
			653	560
			653	559
			653	558
			653	557
			653	556
			653	555
			653	554
			653	553
			653	552
			652	551
			652	550
			652	549
			652	548
			652	547
			652	546
			652	545
			651	544
			651	543
			651	542
			651	541
			651	540
			650	539
			650	538
			650	537
			649	536
			649	535
			649	534
			648	533
			648	532
			648	531
			647	530
			647	529
			646	528
			646	527
			645	526
			644	525
			644	524
			643	523
			643	522
			642	522
			641	521
			640	520
			639	519
			638	518
		</curveLM10>
		<curveLM11 type=matrix rownames=FALSE colnames=FALSE nrow=43 ncol=2 as.numeric=TRUE >
			638	518
			637	518
			636	518
			635	518
			634	518
			633	518
			632	518
			631	518
			630	518
			629	518
			628	518
			627	518
			626	518
			625	518
			624	519
			623	519
			622	519
			621	519
			620	519
			619	520
			618	520
			617	520
			616	520
			615	521
			614	521
			613	521
			612	521
			611	522
			610	522
			609	522
			608	522
			607	522
			606	523
			605	523
			604	523
			603	523
			602	523
			601	523
			600	523
			599	522
			598	522
			597	522
			596	521
		</curveLM11>
		<curveLM12 type=matrix rownames=FALSE colnames=FALSE nrow=235 ncol=2 as.numeric=TRUE >
			596	521
			596	520
			596	519
			596	518
			596	517
			596	516
			596	515
			596	514
			596	513
			596	512
			597	511
			597	510
			597	509
			597	508
			597	507
			598	506
			598	505
			598	504
			599	503
			599	502
			599	501
			599	500
			600	499
			600	498
			600	497
			601	496
			601	495
			601	494
			601	493
			602	492
			602	491
			602	490
			603	489
			603	488
			603	487
			604	486
			604	485
			604	484
			605	483
			605	482
			605	481
			606	480
			606	479
			606	478
			607	477
			607	476
			607	475
			608	475
			608	474
			608	473
			608	472
			609	471
			609	470
			609	469
			610	468
			610	467
			610	466
			611	465
			611	464
			612	463
			612	462
			612	461
			613	460
			613	459
			613	458
			614	457
			614	456
			614	455
			615	454
			615	453
			616	452
			616	451
			616	450
			617	449
			617	448
			617	447
			618	447
			618	446
			618	445
			618	444
			619	444
			619	443
			619	442
			620	441
			620	440
			620	439
			621	438
			621	437
			621	436
			622	435
			622	434
			622	433
			623	432
			623	431
			623	430
			624	429
			624	428
			624	427
			624	426
			625	426
			625	425
			625	424
			626	423
			626	422
			626	421
			627	420
			627	419
			627	418
			627	417
			628	417
			628	416
			628	415
			629	414
			629	413
			629	412
			629	411
			630	410
			630	409
			631	408
			631	407
			631	406
			632	405
			632	404
			632	403
			633	402
			633	401
			633	400
			634	399
			634	398
			634	397
			635	396
			635	395
			635	394
			636	393
			636	392
			636	391
			637	390
			637	389
			637	388
			638	387
			638	386
			638	385
			639	384
			639	383
			640	382
			640	381
			640	380
			640	379
			641	379
			641	378
			641	377
			642	376
			642	375
			642	374
			643	373
			643	372
			643	371
			644	370
			644	369
			644	368
			645	367
			645	366
			645	365
			646	364
			646	363
			647	362
			647	361
			647	360
			648	359
			648	358
			648	357
			649	356
			649	355
			649	354
			650	353
			650	352
			651	351
			651	350
			651	349
			652	348
			652	347
			653	346
			653	345
			653	344
			654	343
			654	342
			654	341
			655	340
			655	339
			655	338
			656	337
			656	336
			657	335
			657	334
			657	333
			658	333
			658	332
			658	331
			659	330
			659	329
			660	328
			660	327
			660	326
			661	325
			661	324
			661	323
			662	322
			662	321
			663	320
			663	319
			664	318
			664	317
			664	316
			665	315
			665	314
			666	314
			666	313
			666	312
			667	311
			667	310
			668	309
			669	308
			669	307
			669	306
			670	306
			670	305
			670	304
			671	304
			671	303
			672	302
			672	301
			673	301
			674	300
			675	299
			676	299
		</curveLM12>
	</curves.pixel>
	<curves.scaled type=list>
		<curveLM07 type=matrix rownames=FALSE colnames=FALSE nrow=244 ncol=2 as.numeric=TRUE >
			5.76545842125816	-2.55010660940265
			5.773987205905	-2.55863539404948
			5.78251599055183	-2.56716417869631
			5.79104477519866	-2.57569296334314
			5.79104477519866	-2.58422174798998
			5.79957355984549	-2.59275053263681
			5.80810234449232	-2.60127931728364
			5.80810234449232	-2.60980810193047
			5.81663112913915	-2.6183368865773
			5.81663112913915	-2.62686567122413
			5.81663112913915	-2.63539445587097
			5.82515991378598	-2.6439232405178
			5.82515991378598	-2.65245202516463
			5.83368869843282	-2.66098080981146
			5.83368869843282	-2.66950959445829
			5.84221748307965	-2.67803837910512
			5.84221748307965	-2.68656716375195
			5.84221748307965	-2.69509594839879
			5.85074626772648	-2.69509594839879
			5.85074626772648	-2.70362473304562
			5.85074626772648	-2.71215351769245
			5.85927505237331	-2.72068230233928
			5.85927505237331	-2.72921108698611
			5.86780383702014	-2.73773987163294
			5.86780383702014	-2.74626865627978
			5.87633262166697	-2.75479744092661
			5.87633262166697	-2.76332622557344
			5.87633262166697	-2.77185501022027
			5.88486140631381	-2.7803837948671
			5.88486140631381	-2.78891257951393
			5.88486140631381	-2.79744136416077
			5.89339019096064	-2.8059701488076
			5.89339019096064	-2.81449893345443
			5.89339019096064	-2.82302771810126
			5.90191897560747	-2.82302771810126
			5.90191897560747	-2.83155650274809
			5.90191897560747	-2.84008528739492
			5.9104477602543	-2.84861407204176
			5.9104477602543	-2.85714285668859
			5.9104477602543	-2.86567164133542
			5.91897654490113	-2.87420042598225
			5.91897654490113	-2.88272921062908
			5.92750532954796	-2.89125799527591
			5.92750532954796	-2.89978677992275
			5.92750532954796	-2.90831556456958
			5.9360341141948	-2.91684434921641
			5.9360341141948	-2.92537313386324
			5.9360341141948	-2.93390191851007
			5.94456289884163	-2.9424307031569
			5.94456289884163	-2.95095948780373
			5.95309168348846	-2.95948827245057
			5.95309168348846	-2.9680170570974
			5.95309168348846	-2.97654584174423
			5.96162046813529	-2.98507462639106
			5.96162046813529	-2.99360341103789
			5.96162046813529	-3.00213219568472
			5.97014925278212	-3.01066098033156
			5.97014925278212	-3.01918976497839
			5.97014925278212	-3.02771854962522
			5.97867803742895	-3.02771854962522
			5.97867803742895	-3.03624733427205
			5.97867803742895	-3.04477611891888
			5.98720682207579	-3.05330490356571
			5.98720682207579	-3.06183368821255
			5.98720682207579	-3.07036247285938
			5.99573560672262	-3.07889125750621
			5.99573560672262	-3.08742004215304
			5.99573560672262	-3.09594882679987
			6.00426439136945	-3.1044776114467
			6.00426439136945	-3.11300639609354
			6.00426439136945	-3.12153518074037
			6.01279317601628	-3.12153518074037
			6.01279317601628	-3.1300639653872
			6.01279317601628	-3.13859275003403
			6.02132196066311	-3.14712153468086
			6.02132196066311	-3.15565031932769
			6.02132196066311	-3.16417910397452
			6.02985074530994	-3.17270788862136
			6.02985074530994	-3.18123667326819
			6.02985074530994	-3.18976545791502
			6.02985074530994	-3.19829424256185
			6.03837952995678	-3.19829424256185
			6.03837952995678	-3.20682302720868
			6.03837952995678	-3.21535181185551
			6.04690831460361	-3.22388059650235
			6.04690831460361	-3.23240938114918
			6.04690831460361	-3.24093816579601
			6.05543709925044	-3.24946695044284
			6.05543709925044	-3.25799573508967
			6.05543709925044	-3.2665245197365
			6.06396588389727	-3.27505330438334
			6.06396588389727	-3.28358208903017
			6.06396588389727	-3.292110873677
			6.0724946685441	-3.30063965832383
			6.0724946685441	-3.30916844297066
			6.0724946685441	-3.31769722761749
			6.08102345319093	-3.32622601226433
			6.08102345319093	-3.33475479691116
			6.08102345319093	-3.34328358155799
			6.08955223783776	-3.35181236620482
			6.08955223783776	-3.36034115085165
			6.08955223783776	-3.36886993549848
			6.0980810224846	-3.37739872014531
			6.0980810224846	-3.38592750479215
			6.0980810224846	-3.39445628943898
			6.10660980713143	-3.40298507408581
			6.10660980713143	-3.41151385873264
			6.10660980713143	-3.42004264337947
			6.11513859177826	-3.4285714280263
			6.11513859177826	-3.43710021267314
			6.11513859177826	-3.44562899731997
			6.12366737642509	-3.4541577819668
			6.12366737642509	-3.46268656661363
			6.12366737642509	-3.47121535126046
			6.13219616107192	-3.47974413590729
			6.13219616107192	-3.48827292055413
			6.13219616107192	-3.49680170520096
			6.13219616107192	-3.50533048984779
			6.14072494571875	-3.51385927449462
			6.14072494571875	-3.52238805914145
			6.14072494571875	-3.53091684378828
			6.14925373036559	-3.53944562843512
			6.14925373036559	-3.54797441308195
			6.15778251501242	-3.55650319772878
			6.15778251501242	-3.56503198237561
			6.15778251501242	-3.57356076702244
			6.16631129965925	-3.58208955166927
			6.16631129965925	-3.5906183363161
			6.16631129965925	-3.59914712096294
			6.16631129965925	-3.60767590560977
			6.17484008430608	-3.6162046902566
			6.17484008430608	-3.62473347490343
			6.17484008430608	-3.63326225955026
			6.18336886895291	-3.64179104419709
			6.18336886895291	-3.65031982884393
			6.18336886895291	-3.65884861349076
			6.19189765359974	-3.66737739813759
			6.19189765359974	-3.67590618278442
			6.19189765359974	-3.68443496743125
			6.20042643824658	-3.69296375207808
			6.20042643824658	-3.70149253672492
			6.20042643824658	-3.71002132137175
			6.20042643824658	-3.71855010601858
			6.20895522289341	-3.71855010601858
			6.20895522289341	-3.72707889066541
			6.20895522289341	-3.73560767531224
			6.20895522289341	-3.74413645995907
			6.21748400754024	-3.75266524460591
			6.21748400754024	-3.76119402925274
			6.22601279218707	-3.76972281389957
			6.22601279218707	-3.7782515985464
			6.22601279218707	-3.78678038319323
			6.22601279218707	-3.79530916784006
			6.2345415768339	-3.80383795248689
			6.2345415768339	-3.81236673713373
			6.2345415768339	-3.82089552178056
			6.24307036148073	-3.82942430642739
			6.24307036148073	-3.83795309107422
			6.24307036148073	-3.84648187572105
			6.24307036148073	-3.85501066036788
			6.25159914612756	-3.86353944501472
			6.25159914612756	-3.87206822966155
			6.2601279307744	-3.88059701430838
			6.2601279307744	-3.88912579895521
			6.2601279307744	-3.89765458360204
			6.2601279307744	-3.90618336824887
			6.26865671542123	-3.90618336824887
			6.26865671542123	-3.91471215289571
			6.26865671542123	-3.92324093754254
			6.26865671542123	-3.93176972218937
			6.27718550006806	-3.9402985068362
			6.27718550006806	-3.94882729148303
			6.27718550006806	-3.95735607612986
			6.27718550006806	-3.9658848607767
			6.28571428471489	-3.9658848607767
			6.28571428471489	-3.97441364542353
			6.28571428471489	-3.98294243007036
			6.28571428471489	-3.99147121471719
			6.29424306936172	-3.99147121471719
			6.29424306936172	-3.99999999936402
			6.29424306936172	-4.00852878401085
			6.29424306936172	-4.01705756865768
			6.30277185400855	-4.02558635330452
			6.30277185400855	-4.03411513795135
			6.30277185400855	-4.04264392259818
			6.31130063865539	-4.05117270724501
			6.31130063865539	-4.05970149189184
			6.31130063865539	-4.06823027653867
			6.31130063865539	-4.07675906118551
			6.31982942330222	-4.08528784583234
			6.31982942330222	-4.09381663047917
			6.31982942330222	-4.102345415126
			6.32835820794905	-4.11087419977283
			6.32835820794905	-4.11940298441966
			6.32835820794905	-4.1279317690665
			6.33688699259588	-4.13646055371333
			6.33688699259588	-4.14498933836016
			6.33688699259588	-4.15351812300699
			6.33688699259588	-4.16204690765382
			6.34541577724271	-4.17057569230065
			6.34541577724271	-4.17910447694749
			6.34541577724271	-4.18763326159432
			6.35394456188954	-4.19616204624115
			6.35394456188954	-4.20469083088798
			6.35394456188954	-4.21321961553481
			6.35394456188954	-4.22174840018164
			6.36247334653638	-4.23027718482848
			6.36247334653638	-4.23880596947531
			6.36247334653638	-4.24733475412214
			6.36247334653638	-4.25586353876897
			6.37100213118321	-4.25586353876897
			6.37100213118321	-4.2643923234158
			6.37100213118321	-4.27292110806263
			6.37100213118321	-4.28144989270946
			6.37100213118321	-4.2899786773563
			6.37953091583004	-4.29850746200313
			6.37953091583004	-4.30703624664996
			6.37953091583004	-4.31556503129679
			6.37953091583004	-4.32409381594362
			6.38805970047687	-4.33262260059045
			6.38805970047687	-4.34115138523729
			6.38805970047687	-4.34968016988412
			6.38805970047687	-4.35820895453095
			6.3965884851237	-4.36673773917778
			6.3965884851237	-4.37526652382461
			6.3965884851237	-4.38379530847144
			6.3965884851237	-4.39232409311828
			6.3965884851237	-4.40085287776511
			6.40511726977053	-4.40085287776511
			6.40511726977053	-4.40938166241194
			6.40511726977053	-4.41791044705877
			6.40511726977053	-4.4264392317056
			6.40511726977053	-4.43496801635243
			6.40511726977053	-4.44349680099927
			6.41364605441737	-4.4520255856461
			6.41364605441737	-4.46055437029293
			6.41364605441737	-4.46908315493976
			6.41364605441737	-4.47761193958659
			6.41364605441737	-4.48614072423342
			6.41364605441737	-4.49466950888026
			6.41364605441737	-4.50319829352709
			6.41364605441737	-4.51172707817392
			6.41364605441737	-4.52025586282075
			6.40511726977053	-4.52025586282075
		</curveLM07>
		<curveLM08 type=matrix rownames=FALSE colnames=FALSE nrow=46 ncol=2 as.numeric=TRUE >
			6.40511726977053	-4.52025586282075
			6.40511726977053	-4.52878464746758
			6.3965884851237	-4.52878464746758
			6.3965884851237	-4.53731343211441
			6.38805970047687	-4.53731343211441
			6.37953091583004	-4.53731343211441
			6.37100213118321	-4.53731343211441
			6.36247334653638	-4.53731343211441
			6.35394456188954	-4.53731343211441
			6.34541577724271	-4.53731343211441
			6.33688699259588	-4.53731343211441
			6.32835820794905	-4.53731343211441
			6.31982942330222	-4.52878464746758
			6.31130063865539	-4.52878464746758
			6.30277185400855	-4.52878464746758
			6.29424306936172	-4.52878464746758
			6.28571428471489	-4.52025586282075
			6.27718550006806	-4.52025586282075
			6.26865671542123	-4.52025586282075
			6.2601279307744	-4.51172707817392
			6.25159914612756	-4.51172707817392
			6.24307036148073	-4.50319829352709
			6.2345415768339	-4.50319829352709
			6.22601279218707	-4.50319829352709
			6.21748400754024	-4.49466950888026
			6.20895522289341	-4.49466950888026
			6.20042643824658	-4.48614072423342
			6.19189765359974	-4.48614072423342
			6.18336886895291	-4.48614072423342
			6.18336886895291	-4.47761193958659
			6.17484008430608	-4.47761193958659
			6.16631129965925	-4.47761193958659
			6.15778251501242	-4.47761193958659
			6.14925373036559	-4.46908315493976
			6.14072494571875	-4.46908315493976
			6.13219616107192	-4.46908315493976
			6.12366737642509	-4.46908315493976
			6.11513859177826	-4.46908315493976
			6.10660980713143	-4.46055437029293
			6.0980810224846	-4.46055437029293
			6.08955223783776	-4.46055437029293
			6.08102345319093	-4.46055437029293
			6.0724946685441	-4.46055437029293
			6.06396588389727	-4.46055437029293
			6.05543709925044	-4.46055437029293
			6.04690831460361	-4.46055437029293
		</curveLM08>
		<curveLM09 type=matrix rownames=FALSE colnames=FALSE nrow=93 ncol=2 as.numeric=TRUE >
			6.04690831460361	-4.46055437029293
			6.03837952995678	-4.46055437029293
			6.03837952995678	-4.46908315493976
			6.02985074530994	-4.47761193958659
			6.02132196066311	-4.48614072423342
			6.01279317601628	-4.49466950888026
			6.01279317601628	-4.50319829352709
			6.00426439136945	-4.51172707817392
			6.00426439136945	-4.52025586282075
			6.00426439136945	-4.52878464746758
			5.99573560672262	-4.53731343211441
			5.99573560672262	-4.54584221676124
			5.99573560672262	-4.55437100140808
			5.98720682207579	-4.56289978605491
			5.98720682207579	-4.57142857070174
			5.98720682207579	-4.57995735534857
			5.98720682207579	-4.5884861399954
			5.98720682207579	-4.59701492464223
			5.97867803742895	-4.60554370928907
			5.97867803742895	-4.6140724939359
			5.97867803742895	-4.62260127858273
			5.97867803742895	-4.63113006322956
			5.97867803742895	-4.63965884787639
			5.97014925278212	-4.63965884787639
			5.97014925278212	-4.64818763252322
			5.97014925278212	-4.65671641717006
			5.97014925278212	-4.66524520181689
			5.97014925278212	-4.67377398646372
			5.97014925278212	-4.68230277111055
			5.97014925278212	-4.69083155575738
			5.96162046813529	-4.69936034040421
			5.96162046813529	-4.70788912505104
			5.96162046813529	-4.71641790969788
			5.96162046813529	-4.72494669434471
			5.96162046813529	-4.73347547899154
			5.96162046813529	-4.74200426363837
			5.96162046813529	-4.7505330482852
			5.96162046813529	-4.75906183293203
			5.95309168348846	-4.76759061757887
			5.95309168348846	-4.7761194022257
			5.95309168348846	-4.78464818687253
			5.95309168348846	-4.79317697151936
			5.95309168348846	-4.80170575616619
			5.95309168348846	-4.81023454081302
			5.95309168348846	-4.81876332545986
			5.95309168348846	-4.82729211010669
			5.95309168348846	-4.83582089475352
			5.95309168348846	-4.84434967940035
			5.95309168348846	-4.85287846404718
			5.95309168348846	-4.86140724869401
			5.94456289884163	-4.86993603334085
			5.94456289884163	-4.87846481798768
			5.94456289884163	-4.88699360263451
			5.94456289884163	-4.89552238728134
			5.94456289884163	-4.90405117192817
			5.94456289884163	-4.912579956575
			5.94456289884163	-4.92110874122184
			5.94456289884163	-4.92963752586867
			5.94456289884163	-4.9381663105155
			5.94456289884163	-4.94669509516233
			5.9360341141948	-4.95522387980916
			5.9360341141948	-4.96375266445599
			5.9360341141948	-4.97228144910282
			5.9360341141948	-4.98081023374966
			5.9360341141948	-4.98933901839649
			5.92750532954796	-4.99786780304332
			5.92750532954796	-5.00639658769015
			5.92750532954796	-5.01492537233698
			5.91897654490113	-5.02345415698381
			5.91897654490113	-5.03198294163065
			5.9104477602543	-5.04051172627748
			5.9104477602543	-5.04904051092431
			5.90191897560747	-5.05756929557114
			5.90191897560747	-5.06609808021797
			5.89339019096064	-5.0746268648648
			5.89339019096064	-5.08315564951164
			5.88486140631381	-5.08315564951164
			5.87633262166697	-5.09168443415847
			5.87633262166697	-5.1002132188053
			5.86780383702014	-5.1002132188053
			5.86780383702014	-5.10874200345213
			5.85927505237331	-5.11727078809896
			5.85074626772648	-5.11727078809896
			5.84221748307965	-5.12579957274579
			5.83368869843282	-5.12579957274579
			5.82515991378598	-5.13432835739262
			5.81663112913915	-5.13432835739262
			5.80810234449232	-5.13432835739262
			5.79957355984549	-5.14285714203946
			5.79104477519866	-5.14285714203946
			5.78251599055183	-5.14285714203946
			5.773987205905	-5.14285714203946
			5.76545842125816	-5.14285714203946
		</curveLM09>
		<curveLM10 type=matrix rownames=FALSE colnames=FALSE nrow=94 ncol=2 as.numeric=TRUE >
			5.76545842125816	-5.14285714203946
			5.75692963661133	-5.14285714203946
			5.7484008519645	-5.14285714203946
			5.73987206731767	-5.14285714203946
			5.73134328267084	-5.14285714203946
			5.72281449802401	-5.13432835739262
			5.71428571337717	-5.13432835739262
			5.70575692873034	-5.13432835739262
			5.70575692873034	-5.12579957274579
			5.69722814408351	-5.12579957274579
			5.68869935943668	-5.11727078809896
			5.68017057478985	-5.10874200345213
			5.67164179014302	-5.1002132188053
			5.66311300549618	-5.09168443415847
			5.65458422084935	-5.08315564951164
			5.64605543620252	-5.0746268648648
			5.64605543620252	-5.06609808021797
			5.63752665155569	-5.05756929557114
			5.62899786690886	-5.04904051092431
			5.62899786690886	-5.04051172627748
			5.62046908226203	-5.03198294163065
			5.62046908226203	-5.02345415698381
			5.62046908226203	-5.01492537233698
			5.6119402976152	-5.00639658769015
			5.6119402976152	-4.99786780304332
			5.6119402976152	-4.98933901839649
			5.60341151296836	-4.98081023374966
			5.60341151296836	-4.97228144910282
			5.60341151296836	-4.96375266445599
			5.59488272832153	-4.95522387980916
			5.59488272832153	-4.94669509516233
			5.59488272832153	-4.9381663105155
			5.59488272832153	-4.92963752586867
			5.5863539436747	-4.92110874122184
			5.5863539436747	-4.912579956575
			5.5863539436747	-4.90405117192817
			5.5863539436747	-4.89552238728134
			5.5863539436747	-4.88699360263451
			5.57782515902787	-4.87846481798768
			5.57782515902787	-4.86993603334085
			5.57782515902787	-4.86140724869401
			5.57782515902787	-4.85287846404718
			5.57782515902787	-4.84434967940035
			5.57782515902787	-4.83582089475352
			5.56929637438104	-4.82729211010669
			5.56929637438104	-4.81876332545986
			5.56929637438104	-4.81023454081302
			5.56929637438104	-4.80170575616619
			5.56929637438104	-4.79317697151936
			5.56929637438104	-4.78464818687253
			5.56929637438104	-4.7761194022257
			5.56929637438104	-4.76759061757887
			5.56929637438104	-4.75906183293203
			5.56929637438104	-4.7505330482852
			5.56929637438104	-4.74200426363837
			5.56929637438104	-4.73347547899154
			5.56929637438104	-4.72494669434471
			5.56929637438104	-4.71641790969788
			5.56929637438104	-4.70788912505104
			5.56076758973421	-4.69936034040421
			5.56076758973421	-4.69083155575738
			5.56076758973421	-4.68230277111055
			5.56076758973421	-4.67377398646372
			5.56076758973421	-4.66524520181689
			5.56076758973421	-4.65671641717006
			5.56076758973421	-4.64818763252322
			5.55223880508737	-4.63965884787639
			5.55223880508737	-4.63113006322956
			5.55223880508737	-4.62260127858273
			5.55223880508737	-4.6140724939359
			5.55223880508737	-4.60554370928907
			5.54371002044054	-4.59701492464223
			5.54371002044054	-4.5884861399954
			5.54371002044054	-4.57995735534857
			5.53518123579371	-4.57142857070174
			5.53518123579371	-4.56289978605491
			5.53518123579371	-4.55437100140808
			5.52665245114688	-4.54584221676124
			5.52665245114688	-4.53731343211441
			5.52665245114688	-4.52878464746758
			5.51812366650005	-4.52025586282075
			5.51812366650005	-4.51172707817392
			5.50959488185322	-4.50319829352709
			5.50959488185322	-4.49466950888026
			5.50106609720638	-4.48614072423342
			5.49253731255955	-4.47761193958659
			5.49253731255955	-4.46908315493976
			5.48400852791272	-4.46055437029293
			5.48400852791272	-4.4520255856461
			5.47547974326589	-4.4520255856461
			5.46695095861906	-4.44349680099927
			5.45842217397223	-4.43496801635243
			5.44989338932539	-4.4264392317056
			5.44136460467856	-4.41791044705877
		</curveLM10>
		<curveLM11 type=matrix rownames=FALSE colnames=FALSE nrow=43 ncol=2 as.numeric=TRUE >
			5.44136460467856	-4.41791044705877
			5.43283582003173	-4.41791044705877
			5.4243070353849	-4.41791044705877
			5.41577825073807	-4.41791044705877
			5.40724946609124	-4.41791044705877
			5.3987206814444	-4.41791044705877
			5.39019189679757	-4.41791044705877
			5.38166311215074	-4.41791044705877
			5.37313432750391	-4.41791044705877
			5.36460554285708	-4.41791044705877
			5.35607675821025	-4.41791044705877
			5.34754797356342	-4.41791044705877
			5.33901918891658	-4.41791044705877
			5.33049040426975	-4.41791044705877
			5.32196161962292	-4.4264392317056
			5.31343283497609	-4.4264392317056
			5.30490405032926	-4.4264392317056
			5.29637526568243	-4.4264392317056
			5.28784648103559	-4.4264392317056
			5.27931769638876	-4.43496801635243
			5.27078891174193	-4.43496801635243
			5.2622601270951	-4.43496801635243
			5.25373134244827	-4.43496801635243
			5.24520255780144	-4.44349680099927
			5.2366737731546	-4.44349680099927
			5.22814498850777	-4.44349680099927
			5.21961620386094	-4.44349680099927
			5.21108741921411	-4.4520255856461
			5.20255863456728	-4.4520255856461
			5.19402984992045	-4.4520255856461
			5.18550106527361	-4.4520255856461
			5.17697228062678	-4.4520255856461
			5.16844349597995	-4.46055437029293
			5.15991471133312	-4.46055437029293
			5.15138592668629	-4.46055437029293
			5.14285714203946	-4.46055437029293
			5.13432835739262	-4.46055437029293
			5.12579957274579	-4.46055437029293
			5.11727078809896	-4.46055437029293
			5.10874200345213	-4.4520255856461
			5.1002132188053	-4.4520255856461
			5.09168443415847	-4.4520255856461
			5.08315564951164	-4.44349680099927
		</curveLM11>
		<curveLM12 type=matrix rownames=FALSE colnames=FALSE nrow=235 ncol=2 as.numeric=TRUE >
			5.08315564951164	-4.44349680099927
			5.08315564951164	-4.43496801635243
			5.08315564951164	-4.4264392317056
			5.08315564951164	-4.41791044705877
			5.08315564951164	-4.40938166241194
			5.08315564951164	-4.40085287776511
			5.08315564951164	-4.39232409311828
			5.08315564951164	-4.38379530847144
			5.08315564951164	-4.37526652382461
			5.08315564951164	-4.36673773917778
			5.09168443415847	-4.35820895453095
			5.09168443415847	-4.34968016988412
			5.09168443415847	-4.34115138523729
			5.09168443415847	-4.33262260059045
			5.09168443415847	-4.32409381594362
			5.1002132188053	-4.31556503129679
			5.1002132188053	-4.30703624664996
			5.1002132188053	-4.29850746200313
			5.10874200345213	-4.2899786773563
			5.10874200345213	-4.28144989270946
			5.10874200345213	-4.27292110806263
			5.10874200345213	-4.2643923234158
			5.11727078809896	-4.25586353876897
			5.11727078809896	-4.24733475412214
			5.11727078809896	-4.23880596947531
			5.12579957274579	-4.23027718482848
			5.12579957274579	-4.22174840018164
			5.12579957274579	-4.21321961553481
			5.12579957274579	-4.20469083088798
			5.13432835739262	-4.19616204624115
			5.13432835739262	-4.18763326159432
			5.13432835739262	-4.17910447694749
			5.14285714203946	-4.17057569230065
			5.14285714203946	-4.16204690765382
			5.14285714203946	-4.15351812300699
			5.15138592668629	-4.14498933836016
			5.15138592668629	-4.13646055371333
			5.15138592668629	-4.1279317690665
			5.15991471133312	-4.11940298441966
			5.15991471133312	-4.11087419977283
			5.15991471133312	-4.102345415126
			5.16844349597995	-4.09381663047917
			5.16844349597995	-4.08528784583234
			5.16844349597995	-4.07675906118551
			5.17697228062678	-4.06823027653867
			5.17697228062678	-4.05970149189184
			5.17697228062678	-4.05117270724501
			5.18550106527361	-4.05117270724501
			5.18550106527361	-4.04264392259818
			5.18550106527361	-4.03411513795135
			5.18550106527361	-4.02558635330452
			5.19402984992045	-4.01705756865768
			5.19402984992045	-4.00852878401085
			5.19402984992045	-3.99999999936402
			5.20255863456728	-3.99147121471719
			5.20255863456728	-3.98294243007036
			5.20255863456728	-3.97441364542353
			5.21108741921411	-3.9658848607767
			5.21108741921411	-3.95735607612986
			5.21961620386094	-3.94882729148303
			5.21961620386094	-3.9402985068362
			5.21961620386094	-3.93176972218937
			5.22814498850777	-3.92324093754254
			5.22814498850777	-3.91471215289571
			5.22814498850777	-3.90618336824887
			5.2366737731546	-3.89765458360204
			5.2366737731546	-3.88912579895521
			5.2366737731546	-3.88059701430838
			5.24520255780144	-3.87206822966155
			5.24520255780144	-3.86353944501472
			5.25373134244827	-3.85501066036788
			5.25373134244827	-3.84648187572105
			5.25373134244827	-3.83795309107422
			5.2622601270951	-3.82942430642739
			5.2622601270951	-3.82089552178056
			5.2622601270951	-3.81236673713373
			5.27078891174193	-3.81236673713373
			5.27078891174193	-3.80383795248689
			5.27078891174193	-3.79530916784006
			5.27078891174193	-3.78678038319323
			5.27931769638876	-3.78678038319323
			5.27931769638876	-3.7782515985464
			5.27931769638876	-3.76972281389957
			5.28784648103559	-3.76119402925274
			5.28784648103559	-3.75266524460591
			5.28784648103559	-3.74413645995907
			5.29637526568243	-3.73560767531224
			5.29637526568243	-3.72707889066541
			5.29637526568243	-3.71855010601858
			5.30490405032926	-3.71002132137175
			5.30490405032926	-3.70149253672492
			5.30490405032926	-3.69296375207808
			5.31343283497609	-3.68443496743125
			5.31343283497609	-3.67590618278442
			5.31343283497609	-3.66737739813759
			5.32196161962292	-3.65884861349076
			5.32196161962292	-3.65031982884393
			5.32196161962292	-3.64179104419709
			5.32196161962292	-3.63326225955026
			5.33049040426975	-3.63326225955026
			5.33049040426975	-3.62473347490343
			5.33049040426975	-3.6162046902566
			5.33901918891658	-3.60767590560977
			5.33901918891658	-3.59914712096294
			5.33901918891658	-3.5906183363161
			5.34754797356342	-3.58208955166927
			5.34754797356342	-3.57356076702244
			5.34754797356342	-3.56503198237561
			5.34754797356342	-3.55650319772878
			5.35607675821025	-3.55650319772878
			5.35607675821025	-3.54797441308195
			5.35607675821025	-3.53944562843512
			5.36460554285708	-3.53091684378828
			5.36460554285708	-3.52238805914145
			5.36460554285708	-3.51385927449462
			5.36460554285708	-3.50533048984779
			5.37313432750391	-3.49680170520096
			5.37313432750391	-3.48827292055413
			5.38166311215074	-3.47974413590729
			5.38166311215074	-3.47121535126046
			5.38166311215074	-3.46268656661363
			5.39019189679757	-3.4541577819668
			5.39019189679757	-3.44562899731997
			5.39019189679757	-3.43710021267314
			5.3987206814444	-3.4285714280263
			5.3987206814444	-3.42004264337947
			5.3987206814444	-3.41151385873264
			5.40724946609124	-3.40298507408581
			5.40724946609124	-3.39445628943898
			5.40724946609124	-3.38592750479215
			5.41577825073807	-3.37739872014531
			5.41577825073807	-3.36886993549848
			5.41577825073807	-3.36034115085165
			5.4243070353849	-3.35181236620482
			5.4243070353849	-3.34328358155799
			5.4243070353849	-3.33475479691116
			5.43283582003173	-3.32622601226433
			5.43283582003173	-3.31769722761749
			5.43283582003173	-3.30916844297066
			5.44136460467856	-3.30063965832383
			5.44136460467856	-3.292110873677
			5.44136460467856	-3.28358208903017
			5.44989338932539	-3.27505330438334
			5.44989338932539	-3.2665245197365
			5.45842217397223	-3.25799573508967
			5.45842217397223	-3.24946695044284
			5.45842217397223	-3.24093816579601
			5.45842217397223	-3.23240938114918
			5.46695095861906	-3.23240938114918
			5.46695095861906	-3.22388059650235
			5.46695095861906	-3.21535181185551
			5.47547974326589	-3.20682302720868
			5.47547974326589	-3.19829424256185
			5.47547974326589	-3.18976545791502
			5.48400852791272	-3.18123667326819
			5.48400852791272	-3.17270788862136
			5.48400852791272	-3.16417910397452
			5.49253731255955	-3.15565031932769
			5.49253731255955	-3.14712153468086
			5.49253731255955	-3.13859275003403
			5.50106609720638	-3.1300639653872
			5.50106609720638	-3.12153518074037
			5.50106609720638	-3.11300639609354
			5.50959488185322	-3.1044776114467
			5.50959488185322	-3.09594882679987
			5.51812366650005	-3.08742004215304
			5.51812366650005	-3.07889125750621
			5.51812366650005	-3.07036247285938
			5.52665245114688	-3.06183368821255
			5.52665245114688	-3.05330490356571
			5.52665245114688	-3.04477611891888
			5.53518123579371	-3.03624733427205
			5.53518123579371	-3.02771854962522
			5.53518123579371	-3.01918976497839
			5.54371002044054	-3.01066098033156
			5.54371002044054	-3.00213219568472
			5.55223880508737	-2.99360341103789
			5.55223880508737	-2.98507462639106
			5.55223880508737	-2.97654584174423
			5.56076758973421	-2.9680170570974
			5.56076758973421	-2.95948827245057
			5.56929637438104	-2.95095948780373
			5.56929637438104	-2.9424307031569
			5.56929637438104	-2.93390191851007
			5.57782515902787	-2.92537313386324
			5.57782515902787	-2.91684434921641
			5.57782515902787	-2.90831556456958
			5.5863539436747	-2.89978677992275
			5.5863539436747	-2.89125799527591
			5.5863539436747	-2.88272921062908
			5.59488272832153	-2.87420042598225
			5.59488272832153	-2.86567164133542
			5.60341151296836	-2.85714285668859
			5.60341151296836	-2.84861407204176
			5.60341151296836	-2.84008528739492
			5.6119402976152	-2.84008528739492
			5.6119402976152	-2.83155650274809
			5.6119402976152	-2.82302771810126
			5.62046908226203	-2.81449893345443
			5.62046908226203	-2.8059701488076
			5.62899786690886	-2.79744136416077
			5.62899786690886	-2.78891257951393
			5.62899786690886	-2.7803837948671
			5.63752665155569	-2.77185501022027
			5.63752665155569	-2.76332622557344
			5.63752665155569	-2.75479744092661
			5.64605543620252	-2.74626865627978
			5.64605543620252	-2.73773987163294
			5.65458422084935	-2.72921108698611
			5.65458422084935	-2.72068230233928
			5.66311300549618	-2.71215351769245
			5.66311300549618	-2.70362473304562
			5.66311300549618	-2.69509594839879
			5.67164179014302	-2.68656716375195
			5.67164179014302	-2.67803837910512
			5.68017057478985	-2.67803837910512
			5.68017057478985	-2.66950959445829
			5.68017057478985	-2.66098080981146
			5.68869935943668	-2.65245202516463
			5.68869935943668	-2.6439232405178
			5.69722814408351	-2.63539445587097
			5.70575692873034	-2.62686567122413
			5.70575692873034	-2.6183368865773
			5.70575692873034	-2.60980810193047
			5.71428571337717	-2.60980810193047
			5.71428571337717	-2.60127931728364
			5.71428571337717	-2.59275053263681
			5.72281449802401	-2.59275053263681
			5.72281449802401	-2.58422174798998
			5.73134328267084	-2.57569296334314
			5.73134328267084	-2.56716417869631
			5.73987206731767	-2.56716417869631
			5.7484008519645	-2.55863539404948
			5.75692963661133	-2.55010660940265
			5.76545842125816	-2.55010660940265
		</curveLM12>
	</curves.scaled>
	<ruler.points type=matrix rownames=TRUE colnames=FALSE nrow=5 ncol=2 as.numeric=TRUE >
		Ruler point 1	210	813
		Ruler point 2	327	814
		Ruler point 3	445	813
		Ruler point 4	561	813
		Ruler point 5	679	813
	</ruler.points>
</shapes>

