<shapes type=list>
	<ruler.pixel type=vector names=FALSE length=1 as.numeric=TRUE >117.499999344313</ruler.pixel>
	<ruler.interval type=vector names=FALSE length=1 as.numeric=TRUE >1</ruler.interval>
	<scaling.units type=vector names=FALSE length=1 as.numeric=FALSE >cm</scaling.units>
	<scaling type=vector names=FALSE length=1 as.numeric=TRUE >0.00851063834536437</scaling>
	<landmarks.pixel type=matrix rownames=TRUE colnames=FALSE nrow=6 ncol=2 as.numeric=TRUE >
		LM01	675	407
		LM02	736	562
		LM03	705	556
		LM04	675	603
		LM05	647	556
		LM06	617	565
	</landmarks.pixel>
	<landmarks.scaled type=matrix rownames=TRUE colnames=FALSE nrow=6 ncol=2 as.numeric=TRUE >
		LM01	5.74468088312095	-3.4638298065633
		LM02	6.26382982218818	-4.78297875009478
		LM03	6.00000003348188	-4.73191492002259
		LM04	5.74468088312095	-5.13191492225472
		LM05	5.50638300945075	-4.73191492002259
		LM06	5.25106385908982	-4.80851066513087
	</landmarks.scaled>
	<curves.control type=list>
		<curveLM07 type=matrix rownames=FALSE colnames=FALSE nrow=7 ncol=2 as.numeric=TRUE >
			675	407
			686	413
			701	459
			737	534
			736	547
			737	557
			736	562
		</curveLM07>
		<curveLM08 type=matrix rownames=FALSE colnames=FALSE nrow=5 ncol=2 as.numeric=TRUE >
			736	562
			731	570
			715	556
			711	554
			705	556
		</curveLM08>
		<curveLM09 type=matrix rownames=FALSE colnames=FALSE nrow=5 ncol=2 as.numeric=TRUE >
			705	556
			693	557
			696	586
			686	604
			675	603
		</curveLM09>
		<curveLM10 type=matrix rownames=FALSE colnames=FALSE nrow=5 ncol=2 as.numeric=TRUE >
			675	603
			655	604
			652	570
			654	560
			647	556
		</curveLM10>
		<curveLM11 type=matrix rownames=FALSE colnames=FALSE nrow=5 ncol=2 as.numeric=TRUE >
			647	556
			640	551
			625	562
			620	565
			617	565
		</curveLM11>
		<curveLM12 type=matrix rownames=FALSE colnames=FALSE nrow=7 ncol=2 as.numeric=TRUE >
			617	565
			609	563
			618	538
			641	489
			656	442
			671	408
			675	407
		</curveLM12>
	</curves.control>
	<curves.pixel type=list>
		<curveLM07 type=matrix rownames=FALSE colnames=FALSE nrow=163 ncol=2 as.numeric=TRUE >
			675	407
			676	407
			677	408
			677	409
			678	410
			679	410
			680	411
			681	412
			681	413
			682	414
			682	415
			683	415
			683	416
			684	417
			684	418
			685	419
			685	420
			686	421
			687	422
			687	423
			688	424
			688	425
			688	426
			689	426
			689	427
			689	428
			690	429
			690	430
			691	431
			691	432
			692	433
			692	434
			692	435
			693	436
			693	437
			694	438
			694	439
			694	440
			695	441
			695	442
			695	443
			696	444
			696	445
			696	446
			697	447
			697	448
			698	449
			698	450
			698	451
			699	452
			699	453
			699	454
			700	455
			700	456
			700	457
			701	458
			701	459
			701	460
			702	461
			702	462
			703	463
			703	464
			704	465
			704	466
			705	467
			705	468
			706	469
			706	470
			707	471
			707	472
			708	473
			708	474
			709	475
			709	476
			709	477
			710	478
			710	479
			711	479
			711	480
			711	481
			712	482
			712	483
			713	484
			713	485
			714	486
			714	487
			715	488
			715	489
			716	490
			716	491
			717	492
			717	493
			717	494
			718	495
			718	496
			719	497
			719	498
			719	499
			720	500
			720	501
			721	502
			721	503
			722	504
			722	505
			723	506
			723	507
			724	508
			724	509
			724	510
			725	511
			725	512
			726	513
			726	514
			726	515
			727	516
			727	517
			727	518
			728	519
			728	520
			729	520
			729	521
			729	522
			729	523
			730	524
			730	525
			731	526
			731	527
			731	528
			732	529
			732	530
			733	531
			733	532
			733	533
			733	534
			734	535
			734	536
			734	537
			735	538
			735	539
			735	540
			735	541
			735	542
			736	542
			736	543
			736	544
			736	545
			736	546
			736	547
			736	548
			736	549
			736	550
			736	551
			736	552
			736	553
			736	554
			736	555
			736	556
			736	557
			736	558
			736	559
			736	560
			736	561
			736	562
		</curveLM07>
		<curveLM08 type=matrix rownames=FALSE colnames=FALSE nrow=35 ncol=2 as.numeric=TRUE >
			736	562
			735	563
			735	564
			734	564
			733	565
			732	565
			731	565
			730	565
			729	565
			728	564
			727	564
			726	564
			725	563
			724	563
			723	562
			722	562
			722	561
			721	560
			720	560
			719	559
			718	558
			717	557
			716	556
			715	556
			714	556
			714	555
			713	555
			712	555
			711	555
			710	555
			709	555
			708	555
			707	555
			706	556
			705	556
		</curveLM08>
		<curveLM09 type=matrix rownames=FALSE colnames=FALSE nrow=62 ncol=2 as.numeric=TRUE >
			705	556
			704	556
			703	556
			702	557
			701	557
			700	558
			700	559
			699	559
			698	560
			698	561
			698	562
			697	563
			697	564
			696	565
			696	566
			696	567
			696	568
			696	569
			696	570
			696	571
			696	572
			695	572
			695	573
			695	574
			695	575
			695	576
			695	577
			695	578
			695	579
			696	580
			696	581
			696	582
			696	583
			696	584
			696	585
			696	586
			696	587
			695	588
			694	589
			694	590
			693	591
			692	592
			692	593
			691	593
			691	594
			690	595
			690	596
			689	596
			688	597
			687	598
			686	599
			685	600
			684	601
			683	601
			682	602
			681	602
			680	602
			679	603
			678	603
			677	603
			676	603
			675	603
		</curveLM09>
		<curveLM10 type=matrix rownames=FALSE colnames=FALSE nrow=58 ncol=2 as.numeric=TRUE >
			675	603
			674	603
			673	603
			672	603
			671	603
			670	603
			669	602
			668	602
			667	602
			666	601
			665	601
			664	600
			663	600
			662	599
			662	598
			661	597
			660	597
			660	596
			659	595
			658	594
			658	593
			657	592
			657	591
			656	590
			656	589
			656	588
			655	587
			655	586
			655	585
			654	584
			654	583
			654	582
			654	581
			653	580
			653	579
			653	578
			653	577
			653	576
			653	575
			652	574
			652	573
			652	572
			652	571
			652	570
			652	569
			652	568
			652	567
			652	566
			652	565
			652	564
			652	563
			652	562
			652	561
			651	560
			650	559
			649	558
			648	557
			647	556
		</curveLM10>
		<curveLM11 type=matrix rownames=FALSE colnames=FALSE nrow=33 ncol=2 as.numeric=TRUE >
			647	556
			646	555
			645	555
			644	555
			643	555
			642	554
			641	554
			640	555
			639	555
			638	555
			637	555
			636	556
			635	556
			634	557
			633	557
			632	557
			632	558
			631	558
			630	559
			629	559
			628	560
			627	561
			626	561
			625	562
			624	562
			624	563
			623	563
			622	564
			621	564
			620	564
			619	565
			618	565
			617	565
		</curveLM11>
		<curveLM12 type=matrix rownames=FALSE colnames=FALSE nrow=166 ncol=2 as.numeric=TRUE >
			617	565
			616	565
			616	564
			615	564
			614	563
			614	562
			613	561
			613	560
			613	559
			613	558
			613	557
			613	556
			613	555
			614	554
			614	553
			614	552
			614	551
			614	550
			615	549
			615	548
			615	547
			615	546
			616	545
			616	544
			616	543
			617	542
			617	541
			617	540
			618	539
			618	538
			619	537
			619	536
			620	535
			620	534
			620	533
			621	532
			621	531
			622	530
			622	529
			623	528
			623	527
			623	526
			624	525
			625	524
			625	523
			625	522
			626	521
			626	520
			627	519
			627	518
			627	517
			628	516
			629	515
			629	514
			629	513
			630	512
			630	511
			631	510
			631	509
			631	508
			632	507
			632	506
			633	505
			633	504
			633	503
			634	503
			634	502
			634	501
			635	500
			635	499
			636	498
			636	497
			636	496
			637	495
			637	494
			638	493
			638	492
			638	491
			639	490
			639	489
			640	488
			640	487
			640	486
			641	485
			641	484
			642	483
			642	482
			642	481
			643	480
			643	479
			644	478
			644	477
			644	476
			645	475
			645	474
			645	473
			646	472
			646	471
			646	470
			647	469
			647	468
			647	467
			648	466
			648	465
			648	464
			649	464
			649	463
			649	462
			650	461
			650	460
			650	459
			651	458
			651	457
			651	456
			652	455
			652	454
			652	453
			653	452
			653	451
			653	450
			654	449
			654	448
			654	447
			655	446
			655	445
			655	444
			656	443
			656	442
			656	441
			657	440
			657	439
			658	438
			658	437
			659	436
			659	435
			660	434
			660	433
			661	432
			661	431
			662	430
			662	429
			663	428
			663	427
			663	426
			664	425
			664	424
			665	423
			665	422
			666	421
			666	420
			667	419
			667	418
			668	418
			668	417
			668	416
			669	415
			669	414
			670	413
			671	412
			671	411
			672	410
			673	409
			673	408
			674	408
			674	407
			675	407
		</curveLM12>
	</curves.pixel>
	<curves.scaled type=list>
		<curveLM07 type=matrix rownames=FALSE colnames=FALSE nrow=163 ncol=2 as.numeric=TRUE >
			5.74468088312095	-3.4638298065633
			5.75319152146631	-3.4638298065633
			5.76170215981168	-3.47234044490866
			5.76170215981168	-3.48085108325403
			5.77021279815704	-3.48936172159939
			5.77872343650241	-3.48936172159939
			5.78723407484777	-3.49787235994476
			5.79574471319314	-3.50638299829012
			5.79574471319314	-3.51489363663548
			5.8042553515385	-3.52340427498085
			5.8042553515385	-3.53191491332621
			5.81276598988386	-3.53191491332621
			5.81276598988386	-3.54042555167158
			5.82127662822923	-3.54893619001694
			5.82127662822923	-3.55744682836231
			5.82978726657459	-3.56595746670767
			5.82978726657459	-3.57446810505304
			5.83829790491996	-3.5829787433984
			5.84680854326532	-3.59148938174376
			5.84680854326532	-3.60000002008913
			5.85531918161069	-3.60851065843449
			5.85531918161069	-3.61702129677986
			5.85531918161069	-3.62553193512522
			5.86382981995605	-3.62553193512522
			5.86382981995605	-3.63404257347059
			5.86382981995605	-3.64255321181595
			5.87234045830141	-3.65106385016131
			5.87234045830141	-3.65957448850668
			5.88085109664678	-3.66808512685204
			5.88085109664678	-3.67659576519741
			5.88936173499214	-3.68510640354277
			5.88936173499214	-3.69361704188814
			5.88936173499214	-3.7021276802335
			5.89787237333751	-3.71063831857887
			5.89787237333751	-3.71914895692423
			5.90638301168287	-3.72765959526959
			5.90638301168287	-3.73617023361496
			5.90638301168287	-3.74468087196032
			5.91489365002824	-3.75319151030569
			5.91489365002824	-3.76170214865105
			5.91489365002824	-3.77021278699642
			5.9234042883736	-3.77872342534178
			5.9234042883736	-3.78723406368714
			5.9234042883736	-3.79574470203251
			5.93191492671897	-3.80425534037787
			5.93191492671897	-3.81276597872324
			5.94042556506433	-3.8212766170686
			5.94042556506433	-3.82978725541397
			5.94042556506433	-3.83829789375933
			5.94893620340969	-3.8468085321047
			5.94893620340969	-3.85531917045006
			5.94893620340969	-3.86382980879542
			5.95744684175506	-3.87234044714079
			5.95744684175506	-3.88085108548615
			5.95744684175506	-3.88936172383152
			5.96595748010042	-3.89787236217688
			5.96595748010042	-3.90638300052225
			5.96595748010042	-3.91489363886761
			5.97446811844579	-3.92340427721297
			5.97446811844579	-3.93191491555834
			5.98297875679115	-3.9404255539037
			5.98297875679115	-3.94893619224907
			5.99148939513652	-3.95744683059443
			5.99148939513652	-3.9659574689398
			6.00000003348188	-3.97446810728516
			6.00000003348188	-3.98297874563053
			6.00851067182725	-3.99148938397589
			6.00851067182725	-4.00000002232125
			6.01702131017261	-4.00851066066662
			6.01702131017261	-4.01702129901198
			6.02553194851797	-4.02553193735735
			6.02553194851797	-4.03404257570271
			6.03404258686334	-4.04255321404808
			6.03404258686334	-4.05106385239344
			6.03404258686334	-4.0595744907388
			6.0425532252087	-4.06808512908417
			6.0425532252087	-4.07659576742953
			6.05106386355407	-4.07659576742953
			6.05106386355407	-4.0851064057749
			6.05106386355407	-4.09361704412026
			6.05957450189943	-4.10212768246563
			6.05957450189943	-4.11063832081099
			6.0680851402448	-4.11914895915636
			6.0680851402448	-4.12765959750172
			6.07659577859016	-4.13617023584708
			6.07659577859016	-4.14468087419245
			6.08510641693552	-4.15319151253781
			6.08510641693552	-4.16170215088318
			6.09361705528089	-4.17021278922854
			6.09361705528089	-4.17872342757391
			6.10212769362625	-4.18723406591927
			6.10212769362625	-4.19574470426463
			6.10212769362625	-4.20425534261
			6.11063833197162	-4.21276598095536
			6.11063833197162	-4.22127661930073
			6.11914897031698	-4.22978725764609
			6.11914897031698	-4.23829789599146
			6.11914897031698	-4.24680853433682
			6.12765960866235	-4.25531917268219
			6.12765960866235	-4.26382981102755
			6.13617024700771	-4.27234044937291
			6.13617024700771	-4.28085108771828
			6.14468088535308	-4.28936172606364
			6.14468088535308	-4.29787236440901
			6.15319152369844	-4.30638300275437
			6.15319152369844	-4.31489364109974
			6.1617021620438	-4.3234042794451
			6.1617021620438	-4.33191491779046
			6.1617021620438	-4.34042555613583
			6.17021280038917	-4.34893619448119
			6.17021280038917	-4.35744683282656
			6.17872343873453	-4.36595747117192
			6.17872343873453	-4.37446810951729
			6.17872343873453	-4.38297874786265
			6.1872340770799	-4.39148938620801
			6.1872340770799	-4.40000002455338
			6.1872340770799	-4.40851066289874
			6.19574471542526	-4.41702130124411
			6.19574471542526	-4.42553193958947
			6.20425535377063	-4.42553193958947
			6.20425535377063	-4.43404257793484
			6.20425535377063	-4.4425532162802
			6.20425535377063	-4.45106385462557
			6.21276599211599	-4.45957449297093
			6.21276599211599	-4.46808513131629
			6.22127663046135	-4.47659576966166
			6.22127663046135	-4.48510640800702
			6.22127663046135	-4.49361704635239
			6.22978726880672	-4.50212768469775
			6.22978726880672	-4.51063832304312
			6.23829790715208	-4.51914896138848
			6.23829790715208	-4.52765959973384
			6.23829790715208	-4.53617023807921
			6.23829790715208	-4.54468087642457
			6.24680854549745	-4.55319151476994
			6.24680854549745	-4.5617021531153
			6.24680854549745	-4.57021279146067
			6.25531918384281	-4.57872342980603
			6.25531918384281	-4.5872340681514
			6.25531918384281	-4.59574470649676
			6.25531918384281	-4.60425534484212
			6.25531918384281	-4.61276598318749
			6.26382982218818	-4.61276598318749
			6.26382982218818	-4.62127662153285
			6.26382982218818	-4.62978725987822
			6.26382982218818	-4.63829789822358
			6.26382982218818	-4.64680853656895
			6.26382982218818	-4.65531917491431
			6.26382982218818	-4.66382981325967
			6.26382982218818	-4.67234045160504
			6.26382982218818	-4.6808510899504
			6.26382982218818	-4.68936172829577
			6.26382982218818	-4.69787236664113
			6.26382982218818	-4.7063830049865
			6.26382982218818	-4.71489364333186
			6.26382982218818	-4.72340428167723
			6.26382982218818	-4.73191492002259
			6.26382982218818	-4.74042555836795
			6.26382982218818	-4.74893619671332
			6.26382982218818	-4.75744683505868
			6.26382982218818	-4.76595747340405
			6.26382982218818	-4.77446811174941
			6.26382982218818	-4.78297875009478
		</curveLM07>
		<curveLM08 type=matrix rownames=FALSE colnames=FALSE nrow=35 ncol=2 as.numeric=TRUE >
			6.26382982218818	-4.78297875009478
			6.25531918384281	-4.79148938844014
			6.25531918384281	-4.8000000267855
			6.24680854549745	-4.8000000267855
			6.23829790715208	-4.80851066513087
			6.22978726880672	-4.80851066513087
			6.22127663046135	-4.80851066513087
			6.21276599211599	-4.80851066513087
			6.20425535377063	-4.80851066513087
			6.19574471542526	-4.8000000267855
			6.1872340770799	-4.8000000267855
			6.17872343873453	-4.8000000267855
			6.17021280038917	-4.79148938844014
			6.1617021620438	-4.79148938844014
			6.15319152369844	-4.78297875009478
			6.14468088535308	-4.78297875009478
			6.14468088535308	-4.77446811174941
			6.13617024700771	-4.76595747340405
			6.12765960866235	-4.76595747340405
			6.11914897031698	-4.75744683505868
			6.11063833197162	-4.74893619671332
			6.10212769362625	-4.74042555836795
			6.09361705528089	-4.73191492002259
			6.08510641693552	-4.73191492002259
			6.07659577859016	-4.73191492002259
			6.07659577859016	-4.72340428167723
			6.0680851402448	-4.72340428167723
			6.05957450189943	-4.72340428167723
			6.05106386355407	-4.72340428167723
			6.0425532252087	-4.72340428167723
			6.03404258686334	-4.72340428167723
			6.02553194851797	-4.72340428167723
			6.01702131017261	-4.72340428167723
			6.00851067182725	-4.73191492002259
			6.00000003348188	-4.73191492002259
		</curveLM08>
		<curveLM09 type=matrix rownames=FALSE colnames=FALSE nrow=62 ncol=2 as.numeric=TRUE >
			6.00000003348188	-4.73191492002259
			5.99148939513652	-4.73191492002259
			5.98297875679115	-4.73191492002259
			5.97446811844579	-4.74042555836795
			5.96595748010042	-4.74042555836795
			5.95744684175506	-4.74893619671332
			5.95744684175506	-4.75744683505868
			5.94893620340969	-4.75744683505868
			5.94042556506433	-4.76595747340405
			5.94042556506433	-4.77446811174941
			5.94042556506433	-4.78297875009478
			5.93191492671897	-4.79148938844014
			5.93191492671897	-4.8000000267855
			5.9234042883736	-4.80851066513087
			5.9234042883736	-4.81702130347623
			5.9234042883736	-4.8255319418216
			5.9234042883736	-4.83404258016696
			5.9234042883736	-4.84255321851233
			5.9234042883736	-4.85106385685769
			5.9234042883736	-4.85957449520305
			5.9234042883736	-4.86808513354842
			5.91489365002824	-4.86808513354842
			5.91489365002824	-4.87659577189378
			5.91489365002824	-4.88510641023915
			5.91489365002824	-4.89361704858451
			5.91489365002824	-4.90212768692988
			5.91489365002824	-4.91063832527524
			5.91489365002824	-4.91914896362061
			5.91489365002824	-4.92765960196597
			5.9234042883736	-4.93617024031134
			5.9234042883736	-4.9446808786567
			5.9234042883736	-4.95319151700206
			5.9234042883736	-4.96170215534743
			5.9234042883736	-4.97021279369279
			5.9234042883736	-4.97872343203816
			5.9234042883736	-4.98723407038352
			5.9234042883736	-4.99574470872889
			5.91489365002824	-5.00425534707425
			5.90638301168287	-5.01276598541961
			5.90638301168287	-5.02127662376498
			5.89787237333751	-5.02978726211034
			5.88936173499214	-5.03829790045571
			5.88936173499214	-5.04680853880107
			5.88085109664678	-5.04680853880107
			5.88085109664678	-5.05531917714644
			5.87234045830141	-5.0638298154918
			5.87234045830141	-5.07234045383716
			5.86382981995605	-5.07234045383716
			5.85531918161069	-5.08085109218253
			5.84680854326532	-5.08936173052789
			5.83829790491996	-5.09787236887326
			5.82978726657459	-5.10638300721862
			5.82127662822923	-5.11489364556399
			5.81276598988386	-5.11489364556399
			5.8042553515385	-5.12340428390935
			5.79574471319314	-5.12340428390935
			5.78723407484777	-5.12340428390935
			5.77872343650241	-5.13191492225472
			5.77021279815704	-5.13191492225472
			5.76170215981168	-5.13191492225472
			5.75319152146631	-5.13191492225472
			5.74468088312095	-5.13191492225472
		</curveLM09>
		<curveLM10 type=matrix rownames=FALSE colnames=FALSE nrow=58 ncol=2 as.numeric=TRUE >
			5.74468088312095	-5.13191492225472
			5.73617024477559	-5.13191492225472
			5.72765960643022	-5.13191492225472
			5.71914896808486	-5.13191492225472
			5.71063832973949	-5.13191492225472
			5.70212769139413	-5.13191492225472
			5.69361705304876	-5.12340428390935
			5.6851064147034	-5.12340428390935
			5.67659577635803	-5.12340428390935
			5.66808513801267	-5.11489364556399
			5.65957449966731	-5.11489364556399
			5.65106386132194	-5.10638300721862
			5.64255322297658	-5.10638300721862
			5.63404258463121	-5.09787236887326
			5.63404258463121	-5.08936173052789
			5.62553194628585	-5.08085109218253
			5.61702130794048	-5.08085109218253
			5.61702130794048	-5.07234045383716
			5.60851066959512	-5.0638298154918
			5.60000003124976	-5.05531917714644
			5.60000003124976	-5.04680853880107
			5.59148939290439	-5.03829790045571
			5.59148939290439	-5.02978726211034
			5.58297875455903	-5.02127662376498
			5.58297875455903	-5.01276598541961
			5.58297875455903	-5.00425534707425
			5.57446811621366	-4.99574470872889
			5.57446811621366	-4.98723407038352
			5.57446811621366	-4.97872343203816
			5.5659574778683	-4.97021279369279
			5.5659574778683	-4.96170215534743
			5.5659574778683	-4.95319151700206
			5.5659574778683	-4.9446808786567
			5.55744683952293	-4.93617024031134
			5.55744683952293	-4.92765960196597
			5.55744683952293	-4.91914896362061
			5.55744683952293	-4.91063832527524
			5.55744683952293	-4.90212768692988
			5.55744683952293	-4.89361704858451
			5.54893620117757	-4.88510641023915
			5.54893620117757	-4.87659577189378
			5.54893620117757	-4.86808513354842
			5.54893620117757	-4.85957449520305
			5.54893620117757	-4.85106385685769
			5.54893620117757	-4.84255321851233
			5.54893620117757	-4.83404258016696
			5.54893620117757	-4.8255319418216
			5.54893620117757	-4.81702130347623
			5.54893620117757	-4.80851066513087
			5.54893620117757	-4.8000000267855
			5.54893620117757	-4.79148938844014
			5.54893620117757	-4.78297875009478
			5.54893620117757	-4.77446811174941
			5.5404255628322	-4.76595747340405
			5.53191492448684	-4.75744683505868
			5.52340428614148	-4.74893619671332
			5.51489364779611	-4.74042555836795
			5.50638300945075	-4.73191492002259
		</curveLM10>
		<curveLM11 type=matrix rownames=FALSE colnames=FALSE nrow=33 ncol=2 as.numeric=TRUE >
			5.50638300945075	-4.73191492002259
			5.49787237110538	-4.72340428167723
			5.48936173276002	-4.72340428167723
			5.48085109441465	-4.72340428167723
			5.47234045606929	-4.72340428167723
			5.46382981772393	-4.71489364333186
			5.45531917937856	-4.71489364333186
			5.4468085410332	-4.72340428167723
			5.43829790268783	-4.72340428167723
			5.42978726434247	-4.72340428167723
			5.4212766259971	-4.72340428167723
			5.41276598765174	-4.73191492002259
			5.40425534930637	-4.73191492002259
			5.39574471096101	-4.74042555836795
			5.38723407261565	-4.74042555836795
			5.37872343427028	-4.74042555836795
			5.37872343427028	-4.74893619671332
			5.37021279592492	-4.74893619671332
			5.36170215757955	-4.75744683505868
			5.35319151923419	-4.75744683505868
			5.34468088088882	-4.76595747340405
			5.33617024254346	-4.77446811174941
			5.3276596041981	-4.77446811174941
			5.31914896585273	-4.78297875009478
			5.31063832750737	-4.78297875009478
			5.31063832750737	-4.79148938844014
			5.302127689162	-4.79148938844014
			5.29361705081664	-4.8000000267855
			5.28510641247127	-4.8000000267855
			5.27659577412591	-4.8000000267855
			5.26808513578055	-4.80851066513087
			5.25957449743518	-4.80851066513087
			5.25106385908982	-4.80851066513087
		</curveLM11>
		<curveLM12 type=matrix rownames=FALSE colnames=FALSE nrow=166 ncol=2 as.numeric=TRUE >
			5.25106385908982	-4.80851066513087
			5.24255322074445	-4.80851066513087
			5.24255322074445	-4.8000000267855
			5.23404258239909	-4.8000000267855
			5.22553194405372	-4.79148938844014
			5.22553194405372	-4.78297875009478
			5.21702130570836	-4.77446811174941
			5.21702130570836	-4.76595747340405
			5.21702130570836	-4.75744683505868
			5.21702130570836	-4.74893619671332
			5.21702130570836	-4.74042555836795
			5.21702130570836	-4.73191492002259
			5.21702130570836	-4.72340428167723
			5.22553194405372	-4.71489364333186
			5.22553194405372	-4.7063830049865
			5.22553194405372	-4.69787236664113
			5.22553194405372	-4.68936172829577
			5.22553194405372	-4.6808510899504
			5.23404258239909	-4.67234045160504
			5.23404258239909	-4.66382981325967
			5.23404258239909	-4.65531917491431
			5.23404258239909	-4.64680853656895
			5.24255322074445	-4.63829789822358
			5.24255322074445	-4.62978725987822
			5.24255322074445	-4.62127662153285
			5.25106385908982	-4.61276598318749
			5.25106385908982	-4.60425534484212
			5.25106385908982	-4.59574470649676
			5.25957449743518	-4.5872340681514
			5.25957449743518	-4.57872342980603
			5.26808513578055	-4.57021279146067
			5.26808513578055	-4.5617021531153
			5.27659577412591	-4.55319151476994
			5.27659577412591	-4.54468087642457
			5.27659577412591	-4.53617023807921
			5.28510641247127	-4.52765959973384
			5.28510641247127	-4.51914896138848
			5.29361705081664	-4.51063832304312
			5.29361705081664	-4.50212768469775
			5.302127689162	-4.49361704635239
			5.302127689162	-4.48510640800702
			5.302127689162	-4.47659576966166
			5.31063832750737	-4.46808513131629
			5.31914896585273	-4.45957449297093
			5.31914896585273	-4.45106385462557
			5.31914896585273	-4.4425532162802
			5.3276596041981	-4.43404257793484
			5.3276596041981	-4.42553193958947
			5.33617024254346	-4.41702130124411
			5.33617024254346	-4.40851066289874
			5.33617024254346	-4.40000002455338
			5.34468088088882	-4.39148938620801
			5.35319151923419	-4.38297874786265
			5.35319151923419	-4.37446810951729
			5.35319151923419	-4.36595747117192
			5.36170215757955	-4.35744683282656
			5.36170215757955	-4.34893619448119
			5.37021279592492	-4.34042555613583
			5.37021279592492	-4.33191491779046
			5.37021279592492	-4.3234042794451
			5.37872343427028	-4.31489364109974
			5.37872343427028	-4.30638300275437
			5.38723407261565	-4.29787236440901
			5.38723407261565	-4.28936172606364
			5.38723407261565	-4.28085108771828
			5.39574471096101	-4.28085108771828
			5.39574471096101	-4.27234044937291
			5.39574471096101	-4.26382981102755
			5.40425534930637	-4.25531917268219
			5.40425534930637	-4.24680853433682
			5.41276598765174	-4.23829789599146
			5.41276598765174	-4.22978725764609
			5.41276598765174	-4.22127661930073
			5.4212766259971	-4.21276598095536
			5.4212766259971	-4.20425534261
			5.42978726434247	-4.19574470426463
			5.42978726434247	-4.18723406591927
			5.42978726434247	-4.17872342757391
			5.43829790268783	-4.17021278922854
			5.43829790268783	-4.16170215088318
			5.4468085410332	-4.15319151253781
			5.4468085410332	-4.14468087419245
			5.4468085410332	-4.13617023584708
			5.45531917937856	-4.12765959750172
			5.45531917937856	-4.11914895915636
			5.46382981772393	-4.11063832081099
			5.46382981772393	-4.10212768246563
			5.46382981772393	-4.09361704412026
			5.47234045606929	-4.0851064057749
			5.47234045606929	-4.07659576742953
			5.48085109441465	-4.06808512908417
			5.48085109441465	-4.0595744907388
			5.48085109441465	-4.05106385239344
			5.48936173276002	-4.04255321404808
			5.48936173276002	-4.03404257570271
			5.48936173276002	-4.02553193735735
			5.49787237110538	-4.01702129901198
			5.49787237110538	-4.00851066066662
			5.49787237110538	-4.00000002232125
			5.50638300945075	-3.99148938397589
			5.50638300945075	-3.98297874563053
			5.50638300945075	-3.97446810728516
			5.51489364779611	-3.9659574689398
			5.51489364779611	-3.95744683059443
			5.51489364779611	-3.94893619224907
			5.52340428614148	-3.94893619224907
			5.52340428614148	-3.9404255539037
			5.52340428614148	-3.93191491555834
			5.53191492448684	-3.92340427721297
			5.53191492448684	-3.91489363886761
			5.53191492448684	-3.90638300052225
			5.5404255628322	-3.89787236217688
			5.5404255628322	-3.88936172383152
			5.5404255628322	-3.88085108548615
			5.54893620117757	-3.87234044714079
			5.54893620117757	-3.86382980879542
			5.54893620117757	-3.85531917045006
			5.55744683952293	-3.8468085321047
			5.55744683952293	-3.83829789375933
			5.55744683952293	-3.82978725541397
			5.5659574778683	-3.8212766170686
			5.5659574778683	-3.81276597872324
			5.5659574778683	-3.80425534037787
			5.57446811621366	-3.79574470203251
			5.57446811621366	-3.78723406368714
			5.57446811621366	-3.77872342534178
			5.58297875455903	-3.77021278699642
			5.58297875455903	-3.76170214865105
			5.58297875455903	-3.75319151030569
			5.59148939290439	-3.74468087196032
			5.59148939290439	-3.73617023361496
			5.60000003124976	-3.72765959526959
			5.60000003124976	-3.71914895692423
			5.60851066959512	-3.71063831857887
			5.60851066959512	-3.7021276802335
			5.61702130794048	-3.69361704188814
			5.61702130794048	-3.68510640354277
			5.62553194628585	-3.67659576519741
			5.62553194628585	-3.66808512685204
			5.63404258463121	-3.65957448850668
			5.63404258463121	-3.65106385016131
			5.64255322297658	-3.64255321181595
			5.64255322297658	-3.63404257347059
			5.64255322297658	-3.62553193512522
			5.65106386132194	-3.61702129677986
			5.65106386132194	-3.60851065843449
			5.65957449966731	-3.60000002008913
			5.65957449966731	-3.59148938174376
			5.66808513801267	-3.5829787433984
			5.66808513801267	-3.57446810505304
			5.67659577635803	-3.56595746670767
			5.67659577635803	-3.55744682836231
			5.6851064147034	-3.55744682836231
			5.6851064147034	-3.54893619001694
			5.6851064147034	-3.54042555167158
			5.69361705304876	-3.53191491332621
			5.69361705304876	-3.52340427498085
			5.70212769139413	-3.51489363663548
			5.71063832973949	-3.50638299829012
			5.71063832973949	-3.49787235994476
			5.71914896808486	-3.48936172159939
			5.72765960643022	-3.48085108325403
			5.72765960643022	-3.47234044490866
			5.73617024477559	-3.47234044490866
			5.73617024477559	-3.4638298065633
			5.74468088312095	-3.4638298065633
		</curveLM12>
	</curves.scaled>
	<ruler.points type=matrix rownames=TRUE colnames=FALSE nrow=5 ncol=2 as.numeric=TRUE >
		Ruler point 1	211	814
		Ruler point 2	327	814
		Ruler point 3	444	814
		Ruler point 4	562	815
		Ruler point 5	680	814
	</ruler.points>
</shapes>

