<shapes type=list>
	<ruler.pixel type=vector names=FALSE length=1 as.numeric=TRUE >117.568050497947</ruler.pixel>
	<ruler.interval type=vector names=FALSE length=1 as.numeric=TRUE >1</ruler.interval>
	<scaling.units type=vector names=FALSE length=1 as.numeric=FALSE >cm</scaling.units>
	<scaling type=vector names=FALSE length=1 as.numeric=TRUE >0.00850571218766154</scaling>
	<landmarks.pixel type=matrix rownames=TRUE colnames=FALSE nrow=6 ncol=2 as.numeric=TRUE >
		LM01	685	331
		LM02	752	543
		LM03	714	536
		LM04	684	602
		LM05	647	536
		LM06	597	519
	</landmarks.pixel>
	<landmarks.scaled type=matrix rownames=TRUE colnames=FALSE nrow=6 ncol=2 as.numeric=TRUE >
		LM01	5.82641284854816	-2.81539073411597
		LM02	6.39629556512148	-4.61860171790022
		LM03	6.07307850199034	-4.55906173258659
		LM04	5.8179071363605	-5.12043873697225
		LM05	5.50319578541702	-4.55906173258659
		LM06	5.07791017603394	-4.41446462539634
	</landmarks.scaled>
	<curves.control type=list>
		<curveLM07 type=matrix rownames=FALSE colnames=FALSE nrow=7 ncol=2 as.numeric=TRUE >
			685	331
			692	328
			738	410
			754	485
			759	508
			763	521
			752	543
		</curveLM07>
		<curveLM08 type=matrix rownames=FALSE colnames=FALSE nrow=5 ncol=2 as.numeric=TRUE >
			752	543
			748	546
			729	537
			723	533
			714	536
		</curveLM08>
		<curveLM09 type=matrix rownames=FALSE colnames=FALSE nrow=5 ncol=2 as.numeric=TRUE >
			714	536
			703	542
			703	576
			702	600
			684	602
		</curveLM09>
		<curveLM10 type=matrix rownames=FALSE colnames=FALSE nrow=5 ncol=2 as.numeric=TRUE >
			684	602
			662	598
			659	569
			658	549
			647	536
		</curveLM10>
		<curveLM11 type=matrix rownames=FALSE colnames=FALSE nrow=5 ncol=2 as.numeric=TRUE >
			647	536
			638	528
			618	528
			602	525
			597	519
		</curveLM11>
		<curveLM12 type=matrix rownames=FALSE colnames=FALSE nrow=7 ncol=2 as.numeric=TRUE >
			597	519
			595	511
			621	453
			640	393
			674	339
			678	331
			685	331
		</curveLM12>
	</curves.control>
	<curves.pixel type=list>
		<curveLM07 type=matrix rownames=FALSE colnames=FALSE nrow=223 ncol=2 as.numeric=TRUE >
			685	331
			686	331
			687	331
			688	332
			689	333
			690	334
			691	335
			692	336
			693	337
			694	338
			695	339
			695	340
			696	341
			697	342
			697	343
			698	344
			699	345
			700	346
			700	347
			701	348
			702	349
			702	350
			703	351
			704	352
			704	353
			705	353
			705	354
			705	355
			706	356
			707	357
			707	358
			708	359
			709	360
			709	361
			710	362
			710	363
			711	364
			712	365
			712	366
			713	367
			714	368
			714	369
			715	370
			716	371
			716	372
			716	373
			717	373
			717	374
			718	375
			718	376
			719	376
			719	377
			719	378
			720	378
			720	379
			721	380
			721	381
			722	381
			722	382
			723	383
			723	384
			724	385
			724	386
			725	387
			726	388
			726	389
			727	390
			727	391
			728	392
			728	393
			729	394
			730	395
			730	396
			731	397
			731	398
			732	399
			733	400
			733	401
			734	402
			734	403
			734	404
			735	404
			735	405
			736	406
			736	407
			737	408
			738	409
			738	410
			738	411
			738	412
			739	413
			739	414
			739	415
			739	416
			740	417
			740	418
			740	419
			740	420
			740	421
			741	422
			741	423
			741	424
			741	425
			741	426
			742	427
			742	428
			742	429
			742	430
			743	431
			743	432
			743	433
			743	434
			743	435
			744	436
			744	437
			744	438
			744	439
			744	440
			745	441
			745	442
			745	443
			745	444
			745	445
			746	446
			746	447
			746	448
			746	449
			746	450
			747	450
			747	451
			747	452
			747	453
			747	454
			748	455
			748	456
			748	457
			748	458
			749	459
			749	460
			749	461
			749	462
			749	463
			750	464
			750	465
			750	466
			750	467
			750	468
			751	469
			751	470
			751	471
			751	472
			752	473
			752	474
			752	475
			752	476
			752	477
			753	478
			753	479
			753	480
			753	481
			753	482
			754	483
			754	484
			754	485
			754	486
			754	487
			755	488
			755	489
			755	490
			755	491
			756	492
			756	493
			756	494
			756	495
			756	496
			757	497
			757	498
			757	499
			757	500
			758	501
			758	502
			758	503
			758	504
			758	505
			759	506
			759	507
			759	508
			759	509
			760	510
			760	511
			760	512
			760	513
			760	514
			760	515
			760	516
			760	517
			760	518
			760	519
			760	520
			760	521
			760	522
			759	523
			759	524
			759	525
			759	526
			758	527
			758	528
			758	529
			758	530
			757	531
			757	532
			757	533
			756	534
			756	535
			755	536
			755	537
			754	538
			754	539
			753	540
			753	541
			753	542
			752	542
			752	543
		</curveLM07>
		<curveLM08 type=matrix rownames=FALSE colnames=FALSE nrow=39 ncol=2 as.numeric=TRUE >
			752	543
			751	543
			750	544
			749	544
			748	544
			747	544
			746	543
			745	543
			744	543
			743	543
			742	542
			741	542
			740	542
			739	541
			738	541
			737	541
			736	540
			735	540
			734	539
			733	539
			732	538
			731	538
			730	537
			729	537
			728	536
			727	536
			726	535
			725	535
			724	535
			723	535
			722	535
			721	535
			720	535
			719	535
			718	535
			717	535
			716	536
			715	536
			714	536
		</curveLM08>
		<curveLM09 type=matrix rownames=FALSE colnames=FALSE nrow=79 ncol=2 as.numeric=TRUE >
			714	536
			713	536
			713	537
			712	537
			712	538
			711	538
			710	539
			710	540
			709	541
			709	542
			708	543
			708	544
			707	545
			707	546
			706	547
			706	548
			706	549
			705	550
			705	551
			705	552
			705	553
			705	554
			704	555
			704	556
			704	557
			704	558
			704	559
			704	560
			704	561
			704	562
			703	563
			703	564
			703	565
			703	566
			703	567
			703	568
			703	569
			703	570
			703	571
			703	572
			703	573
			703	574
			703	575
			703	576
			703	577
			703	578
			703	579
			703	580
			703	581
			702	582
			702	583
			702	584
			702	585
			702	586
			701	587
			701	588
			701	589
			700	590
			700	591
			699	592
			699	593
			698	593
			698	594
			697	595
			697	596
			696	596
			696	597
			695	597
			694	598
			693	599
			692	600
			691	600
			690	601
			689	601
			688	601
			687	602
			686	602
			685	602
			684	602
		</curveLM09>
		<curveLM10 type=matrix rownames=FALSE colnames=FALSE nrow=82 ncol=2 as.numeric=TRUE >
			684	602
			683	602
			682	602
			681	601
			680	601
			679	601
			678	600
			677	600
			676	599
			675	599
			674	598
			673	598
			673	597
			672	597
			671	596
			670	596
			670	595
			669	594
			668	593
			667	593
			667	592
			666	591
			666	590
			665	589
			665	588
			664	587
			664	586
			663	585
			663	584
			662	583
			662	582
			661	581
			661	580
			661	579
			661	578
			660	577
			660	576
			660	575
			660	574
			660	573
			659	572
			659	571
			659	570
			659	569
			659	568
			659	567
			659	566
			659	565
			659	564
			658	563
			658	562
			658	561
			658	560
			658	559
			658	558
			657	557
			657	556
			657	555
			657	554
			656	554
			656	553
			656	552
			656	551
			655	550
			655	549
			655	548
			654	548
			654	547
			653	546
			653	545
			653	544
			652	544
			652	543
			651	542
			651	541
			650	541
			650	540
			649	539
			649	538
			648	538
			648	537
			647	536
		</curveLM10>
		<curveLM11 type=matrix rownames=FALSE colnames=FALSE nrow=52 ncol=2 as.numeric=TRUE >
			647	536
			646	535
			645	534
			644	534
			643	533
			642	533
			641	532
			640	532
			639	531
			638	531
			637	531
			636	530
			635	530
			634	530
			633	529
			632	529
			631	529
			630	529
			629	529
			628	529
			627	528
			626	528
			625	528
			624	528
			623	528
			622	528
			621	528
			620	528
			619	528
			618	528
			617	528
			616	528
			615	527
			614	527
			613	527
			612	527
			611	527
			611	526
			610	526
			609	526
			608	525
			607	525
			606	525
			605	524
			604	524
			603	523
			602	523
			601	522
			600	521
			599	521
			598	520
			597	519
		</curveLM11>
		<curveLM12 type=matrix rownames=FALSE colnames=FALSE nrow=206 ncol=2 as.numeric=TRUE >
			597	519
			597	518
			597	517
			597	516
			597	515
			597	514
			597	513
			598	513
			598	512
			598	511
			598	510
			598	509
			599	508
			599	507
			599	506
			600	505
			600	504
			601	503
			601	502
			601	501
			601	500
			602	500
			602	499
			602	498
			603	497
			603	496
			603	495
			604	494
			604	493
			604	492
			605	491
			605	490
			606	489
			606	488
			606	487
			607	486
			607	485
			608	484
			608	483
			609	482
			609	481
			609	480
			610	479
			610	478
			610	477
			611	476
			611	475
			612	474
			612	473
			613	472
			613	471
			613	470
			614	470
			614	469
			614	468
			615	468
			615	467
			615	466
			615	465
			616	465
			616	464
			616	463
			617	463
			617	462
			617	461
			618	461
			618	460
			618	459
			619	458
			619	457
			620	456
			620	455
			620	454
			621	453
			621	452
			622	451
			622	450
			622	449
			623	448
			623	447
			623	446
			624	445
			624	444
			624	443
			625	442
			625	441
			625	440
			626	439
			626	438
			626	437
			627	436
			627	435
			627	434
			628	433
			628	432
			629	431
			629	430
			629	429
			630	428
			630	427
			630	426
			631	425
			631	424
			631	423
			632	422
			632	421
			633	420
			633	419
			634	418
			634	417
			634	416
			635	415
			635	414
			636	413
			636	412
			636	411
			637	410
			637	409
			638	408
			638	407
			639	406
			639	405
			640	404
			640	403
			640	402
			641	401
			641	400
			642	399
			642	398
			643	397
			643	396
			643	395
			644	394
			644	393
			645	392
			645	391
			646	390
			646	389
			647	388
			647	387
			648	386
			648	385
			649	384
			649	383
			650	382
			650	381
			651	380
			651	379
			652	378
			652	377
			653	376
			653	375
			654	374
			654	373
			655	372
			656	371
			656	370
			657	369
			657	368
			658	367
			658	366
			659	365
			659	364
			660	363
			660	362
			661	361
			661	360
			662	359
			663	358
			663	357
			664	356
			664	355
			665	354
			665	353
			666	352
			666	351
			667	350
			668	349
			668	348
			669	347
			670	346
			670	345
			671	344
			671	343
			672	343
			672	342
			672	341
			673	341
			673	340
			674	339
			674	338
			675	338
			675	337
			676	336
			676	335
			677	335
			677	334
			678	334
			678	333
			679	333
			680	332
			681	332
			682	331
			683	331
			684	331
			685	331
		</curveLM12>
	</curves.pixel>
	<curves.scaled type=list>
		<curveLM07 type=matrix rownames=FALSE colnames=FALSE nrow=223 ncol=2 as.numeric=TRUE >
			5.82641284854816	-2.81539073411597
			5.83491856073582	-2.81539073411597
			5.84342427292348	-2.81539073411597
			5.85192998511114	-2.82389644630363
			5.8604356972988	-2.83240215849129
			5.86894140948647	-2.84090787067896
			5.87744712167413	-2.84941358286662
			5.88595283386179	-2.85791929505428
			5.89445854604945	-2.86642500724194
			5.90296425823711	-2.8749307194296
			5.91146997042477	-2.88343643161726
			5.91146997042477	-2.89194214380493
			5.91997568261244	-2.90044785599259
			5.9284813948001	-2.90895356818025
			5.9284813948001	-2.91745928036791
			5.93698710698776	-2.92596499255557
			5.94549281917542	-2.93447070474323
			5.95399853136308	-2.94297641693089
			5.95399853136308	-2.95148212911856
			5.96250424355074	-2.95998784130622
			5.9710099557384	-2.96849355349388
			5.9710099557384	-2.97699926568154
			5.97951566792607	-2.9855049778692
			5.98802138011373	-2.99401069005686
			5.98802138011373	-3.00251640224453
			5.99652709230139	-3.00251640224453
			5.99652709230139	-3.01102211443219
			5.99652709230139	-3.01952782661985
			6.00503280448905	-3.02803353880751
			6.01353851667671	-3.03653925099517
			6.01353851667671	-3.04504496318283
			6.02204422886437	-3.05355067537049
			6.03054994105204	-3.06205638755816
			6.03054994105204	-3.07056209974582
			6.0390556532397	-3.07906781193348
			6.0390556532397	-3.08757352412114
			6.04756136542736	-3.0960792363088
			6.05606707761502	-3.10458494849646
			6.05606707761502	-3.11309066068413
			6.06457278980268	-3.12159637287179
			6.07307850199034	-3.13010208505945
			6.07307850199034	-3.13860779724711
			6.081584214178	-3.14711350943477
			6.09008992636567	-3.15561922162243
			6.09008992636567	-3.16412493381009
			6.09008992636567	-3.17263064599776
			6.09859563855333	-3.17263064599776
			6.09859563855333	-3.18113635818542
			6.10710135074099	-3.18964207037308
			6.10710135074099	-3.19814778256074
			6.11560706292865	-3.19814778256074
			6.11560706292865	-3.2066534947484
			6.11560706292865	-3.21515920693606
			6.12411277511631	-3.21515920693606
			6.12411277511631	-3.22366491912373
			6.13261848730397	-3.23217063131139
			6.13261848730397	-3.24067634349905
			6.14112419949164	-3.24067634349905
			6.14112419949164	-3.24918205568671
			6.1496299116793	-3.25768776787437
			6.1496299116793	-3.26619348006203
			6.15813562386696	-3.27469919224969
			6.15813562386696	-3.28320490443736
			6.16664133605462	-3.29171061662502
			6.17514704824228	-3.30021632881268
			6.17514704824228	-3.30872204100034
			6.18365276042994	-3.317227753188
			6.18365276042994	-3.32573346537566
			6.1921584726176	-3.33423917756333
			6.1921584726176	-3.34274488975099
			6.20066418480527	-3.35125060193865
			6.20916989699293	-3.35975631412631
			6.20916989699293	-3.36826202631397
			6.21767560918059	-3.37676773850163
			6.21767560918059	-3.38527345068929
			6.22618132136825	-3.39377916287696
			6.23468703355591	-3.40228487506462
			6.23468703355591	-3.41079058725228
			6.24319274574357	-3.41929629943994
			6.24319274574357	-3.4278020116276
			6.24319274574357	-3.43630772381526
			6.25169845793124	-3.43630772381526
			6.25169845793124	-3.44481343600293
			6.2602041701189	-3.45331914819059
			6.2602041701189	-3.46182486037825
			6.26870988230656	-3.47033057256591
			6.27721559449422	-3.47883628475357
			6.27721559449422	-3.48734199694123
			6.27721559449422	-3.49584770912889
			6.27721559449422	-3.50435342131656
			6.28572130668188	-3.51285913350422
			6.28572130668188	-3.52136484569188
			6.28572130668188	-3.52987055787954
			6.28572130668188	-3.5383762700672
			6.29422701886954	-3.54688198225486
			6.29422701886954	-3.55538769444253
			6.29422701886954	-3.56389340663019
			6.29422701886954	-3.57239911881785
			6.29422701886954	-3.58090483100551
			6.3027327310572	-3.58941054319317
			6.3027327310572	-3.59791625538083
			6.3027327310572	-3.60642196756849
			6.3027327310572	-3.61492767975616
			6.3027327310572	-3.62343339194382
			6.31123844324487	-3.63193910413148
			6.31123844324487	-3.64044481631914
			6.31123844324487	-3.6489505285068
			6.31123844324487	-3.65745624069446
			6.31974415543253	-3.66596195288213
			6.31974415543253	-3.67446766506979
			6.31974415543253	-3.68297337725745
			6.31974415543253	-3.69147908944511
			6.31974415543253	-3.69998480163277
			6.32824986762019	-3.70849051382043
			6.32824986762019	-3.71699622600809
			6.32824986762019	-3.72550193819576
			6.32824986762019	-3.73400765038342
			6.32824986762019	-3.74251336257108
			6.33675557980785	-3.75101907475874
			6.33675557980785	-3.7595247869464
			6.33675557980785	-3.76803049913406
			6.33675557980785	-3.77653621132173
			6.33675557980785	-3.78504192350939
			6.34526129199551	-3.79354763569705
			6.34526129199551	-3.80205334788471
			6.34526129199551	-3.81055906007237
			6.34526129199551	-3.81906477226003
			6.34526129199551	-3.82757048444769
			6.35376700418317	-3.82757048444769
			6.35376700418317	-3.83607619663536
			6.35376700418317	-3.84458190882302
			6.35376700418317	-3.85308762101068
			6.35376700418317	-3.86159333319834
			6.36227271637084	-3.870099045386
			6.36227271637084	-3.87860475757366
			6.36227271637084	-3.88711046976133
			6.36227271637084	-3.89561618194899
			6.3707784285585	-3.90412189413665
			6.3707784285585	-3.91262760632431
			6.3707784285585	-3.92113331851197
			6.3707784285585	-3.92963903069963
			6.3707784285585	-3.9381447428873
			6.37928414074616	-3.94665045507496
			6.37928414074616	-3.95515616726262
			6.37928414074616	-3.96366187945028
			6.37928414074616	-3.97216759163794
			6.37928414074616	-3.9806733038256
			6.38778985293382	-3.98917901601326
			6.38778985293382	-3.99768472820093
			6.38778985293382	-4.00619044038859
			6.38778985293382	-4.01469615257625
			6.39629556512148	-4.02320186476391
			6.39629556512148	-4.03170757695157
			6.39629556512148	-4.04021328913923
			6.39629556512148	-4.0487190013269
			6.39629556512148	-4.05722471351456
			6.40480127730914	-4.06573042570222
			6.40480127730914	-4.07423613788988
			6.40480127730914	-4.08274185007754
			6.40480127730914	-4.0912475622652
			6.40480127730914	-4.09975327445286
			6.4133069894968	-4.10825898664053
			6.4133069894968	-4.11676469882819
			6.4133069894968	-4.12527041101585
			6.4133069894968	-4.13377612320351
			6.4133069894968	-4.14228183539117
			6.42181270168447	-4.15078754757883
			6.42181270168447	-4.1592932597665
			6.42181270168447	-4.16779897195416
			6.42181270168447	-4.17630468414182
			6.43031841387213	-4.18481039632948
			6.43031841387213	-4.19331610851714
			6.43031841387213	-4.2018218207048
			6.43031841387213	-4.21032753289246
			6.43031841387213	-4.21883324508013
			6.43882412605979	-4.22733895726779
			6.43882412605979	-4.23584466945545
			6.43882412605979	-4.24435038164311
			6.43882412605979	-4.25285609383077
			6.44732983824745	-4.26136180601843
			6.44732983824745	-4.2698675182061
			6.44732983824745	-4.27837323039376
			6.44732983824745	-4.28687894258142
			6.44732983824745	-4.29538465476908
			6.45583555043511	-4.30389036695674
			6.45583555043511	-4.3123960791444
			6.45583555043511	-4.32090179133206
			6.45583555043511	-4.32940750351973
			6.46434126262277	-4.33791321570739
			6.46434126262277	-4.34641892789505
			6.46434126262277	-4.35492464008271
			6.46434126262277	-4.36343035227037
			6.46434126262277	-4.37193606445803
			6.46434126262277	-4.3804417766457
			6.46434126262277	-4.38894748883336
			6.46434126262277	-4.39745320102102
			6.46434126262277	-4.40595891320868
			6.46434126262277	-4.41446462539634
			6.46434126262277	-4.422970337584
			6.46434126262277	-4.43147604977166
			6.46434126262277	-4.43998176195933
			6.45583555043511	-4.44848747414699
			6.45583555043511	-4.45699318633465
			6.45583555043511	-4.46549889852231
			6.45583555043511	-4.47400461070997
			6.44732983824745	-4.48251032289763
			6.44732983824745	-4.4910160350853
			6.44732983824745	-4.49952174727296
			6.44732983824745	-4.50802745946062
			6.43882412605979	-4.51653317164828
			6.43882412605979	-4.52503888383594
			6.43882412605979	-4.5335445960236
			6.43031841387213	-4.54205030821127
			6.43031841387213	-4.55055602039893
			6.42181270168447	-4.55906173258659
			6.42181270168447	-4.56756744477425
			6.4133069894968	-4.57607315696191
			6.4133069894968	-4.58457886914957
			6.40480127730914	-4.59308458133723
			6.40480127730914	-4.6015902935249
			6.40480127730914	-4.61009600571256
			6.39629556512148	-4.61009600571256
			6.39629556512148	-4.61860171790022
		</curveLM07>
		<curveLM08 type=matrix rownames=FALSE colnames=FALSE nrow=39 ncol=2 as.numeric=TRUE >
			6.39629556512148	-4.61860171790022
			6.38778985293382	-4.61860171790022
			6.37928414074616	-4.62710743008788
			6.3707784285585	-4.62710743008788
			6.36227271637084	-4.62710743008788
			6.35376700418317	-4.62710743008788
			6.34526129199551	-4.61860171790022
			6.33675557980785	-4.61860171790022
			6.32824986762019	-4.61860171790022
			6.31974415543253	-4.61860171790022
			6.31123844324487	-4.61009600571256
			6.3027327310572	-4.61009600571256
			6.29422701886954	-4.61009600571256
			6.28572130668188	-4.6015902935249
			6.27721559449422	-4.6015902935249
			6.26870988230656	-4.6015902935249
			6.2602041701189	-4.59308458133723
			6.25169845793124	-4.59308458133723
			6.24319274574357	-4.58457886914957
			6.23468703355591	-4.58457886914957
			6.22618132136825	-4.57607315696191
			6.21767560918059	-4.57607315696191
			6.20916989699293	-4.56756744477425
			6.20066418480527	-4.56756744477425
			6.1921584726176	-4.55906173258659
			6.18365276042994	-4.55906173258659
			6.17514704824228	-4.55055602039893
			6.16664133605462	-4.55055602039893
			6.15813562386696	-4.55055602039893
			6.1496299116793	-4.55055602039893
			6.14112419949164	-4.55055602039893
			6.13261848730397	-4.55055602039893
			6.12411277511631	-4.55055602039893
			6.11560706292865	-4.55055602039893
			6.10710135074099	-4.55055602039893
			6.09859563855333	-4.55055602039893
			6.09008992636567	-4.55906173258659
			6.081584214178	-4.55906173258659
			6.07307850199034	-4.55906173258659
		</curveLM08>
		<curveLM09 type=matrix rownames=FALSE colnames=FALSE nrow=79 ncol=2 as.numeric=TRUE >
			6.07307850199034	-4.55906173258659
			6.06457278980268	-4.55906173258659
			6.06457278980268	-4.56756744477425
			6.05606707761502	-4.56756744477425
			6.05606707761502	-4.57607315696191
			6.04756136542736	-4.57607315696191
			6.0390556532397	-4.58457886914957
			6.0390556532397	-4.59308458133723
			6.03054994105204	-4.6015902935249
			6.03054994105204	-4.61009600571256
			6.02204422886437	-4.61860171790022
			6.02204422886437	-4.62710743008788
			6.01353851667671	-4.63561314227554
			6.01353851667671	-4.6441188544632
			6.00503280448905	-4.65262456665087
			6.00503280448905	-4.66113027883853
			6.00503280448905	-4.66963599102619
			5.99652709230139	-4.67814170321385
			5.99652709230139	-4.68664741540151
			5.99652709230139	-4.69515312758917
			5.99652709230139	-4.70365883977683
			5.99652709230139	-4.7121645519645
			5.98802138011373	-4.72067026415216
			5.98802138011373	-4.72917597633982
			5.98802138011373	-4.73768168852748
			5.98802138011373	-4.74618740071514
			5.98802138011373	-4.7546931129028
			5.98802138011373	-4.76319882509047
			5.98802138011373	-4.77170453727813
			5.98802138011373	-4.78021024946579
			5.97951566792607	-4.78871596165345
			5.97951566792607	-4.79722167384111
			5.97951566792607	-4.80572738602877
			5.97951566792607	-4.81423309821643
			5.97951566792607	-4.8227388104041
			5.97951566792607	-4.83124452259176
			5.97951566792607	-4.83975023477942
			5.97951566792607	-4.84825594696708
			5.97951566792607	-4.85676165915474
			5.97951566792607	-4.8652673713424
			5.97951566792607	-4.87377308353007
			5.97951566792607	-4.88227879571773
			5.97951566792607	-4.89078450790539
			5.97951566792607	-4.89929022009305
			5.97951566792607	-4.90779593228071
			5.97951566792607	-4.91630164446837
			5.97951566792607	-4.92480735665603
			5.97951566792607	-4.9333130688437
			5.97951566792607	-4.94181878103136
			5.9710099557384	-4.95032449321902
			5.9710099557384	-4.95883020540668
			5.9710099557384	-4.96733591759434
			5.9710099557384	-4.975841629782
			5.9710099557384	-4.98434734196967
			5.96250424355074	-4.99285305415733
			5.96250424355074	-5.00135876634499
			5.96250424355074	-5.00986447853265
			5.95399853136308	-5.01837019072031
			5.95399853136308	-5.02687590290797
			5.94549281917542	-5.03538161509563
			5.94549281917542	-5.0438873272833
			5.93698710698776	-5.0438873272833
			5.93698710698776	-5.05239303947096
			5.9284813948001	-5.06089875165862
			5.9284813948001	-5.06940446384628
			5.91997568261244	-5.06940446384628
			5.91997568261244	-5.07791017603394
			5.91146997042477	-5.07791017603394
			5.90296425823711	-5.0864158882216
			5.89445854604945	-5.09492160040927
			5.88595283386179	-5.10342731259693
			5.87744712167413	-5.10342731259693
			5.86894140948647	-5.11193302478459
			5.8604356972988	-5.11193302478459
			5.85192998511114	-5.11193302478459
			5.84342427292348	-5.12043873697225
			5.83491856073582	-5.12043873697225
			5.82641284854816	-5.12043873697225
			5.8179071363605	-5.12043873697225
		</curveLM09>
		<curveLM10 type=matrix rownames=FALSE colnames=FALSE nrow=82 ncol=2 as.numeric=TRUE >
			5.8179071363605	-5.12043873697225
			5.80940142417283	-5.12043873697225
			5.80089571198517	-5.12043873697225
			5.79238999979751	-5.11193302478459
			5.78388428760985	-5.11193302478459
			5.77537857542219	-5.11193302478459
			5.76687286323453	-5.10342731259693
			5.75836715104687	-5.10342731259693
			5.7498614388592	-5.09492160040927
			5.74135572667154	-5.09492160040927
			5.73285001448388	-5.0864158882216
			5.72434430229622	-5.0864158882216
			5.72434430229622	-5.07791017603394
			5.71583859010856	-5.07791017603394
			5.7073328779209	-5.06940446384628
			5.69882716573323	-5.06940446384628
			5.69882716573323	-5.06089875165862
			5.69032145354557	-5.05239303947096
			5.68181574135791	-5.0438873272833
			5.67331002917025	-5.0438873272833
			5.67331002917025	-5.03538161509563
			5.66480431698259	-5.02687590290797
			5.66480431698259	-5.01837019072031
			5.65629860479493	-5.00986447853265
			5.65629860479493	-5.00135876634499
			5.64779289260727	-4.99285305415733
			5.64779289260727	-4.98434734196967
			5.6392871804196	-4.975841629782
			5.6392871804196	-4.96733591759434
			5.63078146823194	-4.95883020540668
			5.63078146823194	-4.95032449321902
			5.62227575604428	-4.94181878103136
			5.62227575604428	-4.9333130688437
			5.62227575604428	-4.92480735665603
			5.62227575604428	-4.91630164446837
			5.61377004385662	-4.90779593228071
			5.61377004385662	-4.89929022009305
			5.61377004385662	-4.89078450790539
			5.61377004385662	-4.88227879571773
			5.61377004385662	-4.87377308353007
			5.60526433166896	-4.8652673713424
			5.60526433166896	-4.85676165915474
			5.60526433166896	-4.84825594696708
			5.60526433166896	-4.83975023477942
			5.60526433166896	-4.83124452259176
			5.60526433166896	-4.8227388104041
			5.60526433166896	-4.81423309821643
			5.60526433166896	-4.80572738602877
			5.60526433166896	-4.79722167384111
			5.5967586194813	-4.78871596165345
			5.5967586194813	-4.78021024946579
			5.5967586194813	-4.77170453727813
			5.5967586194813	-4.76319882509047
			5.5967586194813	-4.7546931129028
			5.5967586194813	-4.74618740071514
			5.58825290729363	-4.73768168852748
			5.58825290729363	-4.72917597633982
			5.58825290729363	-4.72067026415216
			5.58825290729363	-4.7121645519645
			5.57974719510597	-4.7121645519645
			5.57974719510597	-4.70365883977683
			5.57974719510597	-4.69515312758917
			5.57974719510597	-4.68664741540151
			5.57124148291831	-4.67814170321385
			5.57124148291831	-4.66963599102619
			5.57124148291831	-4.66113027883853
			5.56273577073065	-4.66113027883853
			5.56273577073065	-4.65262456665087
			5.55423005854299	-4.6441188544632
			5.55423005854299	-4.63561314227554
			5.55423005854299	-4.62710743008788
			5.54572434635533	-4.62710743008788
			5.54572434635533	-4.61860171790022
			5.53721863416767	-4.61009600571256
			5.53721863416767	-4.6015902935249
			5.52871292198	-4.6015902935249
			5.52871292198	-4.59308458133723
			5.52020720979234	-4.58457886914957
			5.52020720979234	-4.57607315696191
			5.51170149760468	-4.57607315696191
			5.51170149760468	-4.56756744477425
			5.50319578541702	-4.55906173258659
		</curveLM10>
		<curveLM11 type=matrix rownames=FALSE colnames=FALSE nrow=52 ncol=2 as.numeric=TRUE >
			5.50319578541702	-4.55906173258659
			5.49469007322936	-4.55055602039893
			5.4861843610417	-4.54205030821127
			5.47767864885403	-4.54205030821127
			5.46917293666637	-4.5335445960236
			5.46066722447871	-4.5335445960236
			5.45216151229105	-4.52503888383594
			5.44365580010339	-4.52503888383594
			5.43515008791573	-4.51653317164828
			5.42664437572807	-4.51653317164828
			5.4181386635404	-4.51653317164828
			5.40963295135274	-4.50802745946062
			5.40112723916508	-4.50802745946062
			5.39262152697742	-4.50802745946062
			5.38411581478976	-4.49952174727296
			5.3756101026021	-4.49952174727296
			5.36710439041443	-4.49952174727296
			5.35859867822677	-4.49952174727296
			5.35009296603911	-4.49952174727296
			5.34158725385145	-4.49952174727296
			5.33308154166379	-4.4910160350853
			5.32457582947613	-4.4910160350853
			5.31607011728847	-4.4910160350853
			5.3075644051008	-4.4910160350853
			5.29905869291314	-4.4910160350853
			5.29055298072548	-4.4910160350853
			5.28204726853782	-4.4910160350853
			5.27354155635016	-4.4910160350853
			5.2650358441625	-4.4910160350853
			5.25653013197483	-4.4910160350853
			5.24802441978717	-4.4910160350853
			5.23951870759951	-4.4910160350853
			5.23101299541185	-4.48251032289763
			5.22250728322419	-4.48251032289763
			5.21400157103653	-4.48251032289763
			5.20549585884886	-4.48251032289763
			5.1969901466612	-4.48251032289763
			5.1969901466612	-4.47400461070997
			5.18848443447354	-4.47400461070997
			5.17997872228588	-4.47400461070997
			5.17147301009822	-4.46549889852231
			5.16296729791056	-4.46549889852231
			5.1544615857229	-4.46549889852231
			5.14595587353523	-4.45699318633465
			5.13745016134757	-4.45699318633465
			5.12894444915991	-4.44848747414699
			5.12043873697225	-4.44848747414699
			5.11193302478459	-4.43998176195933
			5.10342731259693	-4.43147604977166
			5.09492160040927	-4.43147604977166
			5.0864158882216	-4.422970337584
			5.07791017603394	-4.41446462539634
		</curveLM11>
		<curveLM12 type=matrix rownames=FALSE colnames=FALSE nrow=206 ncol=2 as.numeric=TRUE >
			5.07791017603394	-4.41446462539634
			5.07791017603394	-4.40595891320868
			5.07791017603394	-4.39745320102102
			5.07791017603394	-4.38894748883336
			5.07791017603394	-4.3804417766457
			5.07791017603394	-4.37193606445803
			5.07791017603394	-4.36343035227037
			5.0864158882216	-4.36343035227037
			5.0864158882216	-4.35492464008271
			5.0864158882216	-4.34641892789505
			5.0864158882216	-4.33791321570739
			5.0864158882216	-4.32940750351973
			5.09492160040927	-4.32090179133206
			5.09492160040927	-4.3123960791444
			5.09492160040927	-4.30389036695674
			5.10342731259693	-4.29538465476908
			5.10342731259693	-4.28687894258142
			5.11193302478459	-4.27837323039376
			5.11193302478459	-4.2698675182061
			5.11193302478459	-4.26136180601843
			5.11193302478459	-4.25285609383077
			5.12043873697225	-4.25285609383077
			5.12043873697225	-4.24435038164311
			5.12043873697225	-4.23584466945545
			5.12894444915991	-4.22733895726779
			5.12894444915991	-4.21883324508013
			5.12894444915991	-4.21032753289246
			5.13745016134757	-4.2018218207048
			5.13745016134757	-4.19331610851714
			5.13745016134757	-4.18481039632948
			5.14595587353523	-4.17630468414182
			5.14595587353523	-4.16779897195416
			5.1544615857229	-4.1592932597665
			5.1544615857229	-4.15078754757883
			5.1544615857229	-4.14228183539117
			5.16296729791056	-4.13377612320351
			5.16296729791056	-4.12527041101585
			5.17147301009822	-4.11676469882819
			5.17147301009822	-4.10825898664053
			5.17997872228588	-4.09975327445286
			5.17997872228588	-4.0912475622652
			5.17997872228588	-4.08274185007754
			5.18848443447354	-4.07423613788988
			5.18848443447354	-4.06573042570222
			5.18848443447354	-4.05722471351456
			5.1969901466612	-4.0487190013269
			5.1969901466612	-4.04021328913923
			5.20549585884886	-4.03170757695157
			5.20549585884886	-4.02320186476391
			5.21400157103653	-4.01469615257625
			5.21400157103653	-4.00619044038859
			5.21400157103653	-3.99768472820093
			5.22250728322419	-3.99768472820093
			5.22250728322419	-3.98917901601326
			5.22250728322419	-3.9806733038256
			5.23101299541185	-3.9806733038256
			5.23101299541185	-3.97216759163794
			5.23101299541185	-3.96366187945028
			5.23101299541185	-3.95515616726262
			5.23951870759951	-3.95515616726262
			5.23951870759951	-3.94665045507496
			5.23951870759951	-3.9381447428873
			5.24802441978717	-3.9381447428873
			5.24802441978717	-3.92963903069963
			5.24802441978717	-3.92113331851197
			5.25653013197483	-3.92113331851197
			5.25653013197483	-3.91262760632431
			5.25653013197483	-3.90412189413665
			5.2650358441625	-3.89561618194899
			5.2650358441625	-3.88711046976133
			5.27354155635016	-3.87860475757366
			5.27354155635016	-3.870099045386
			5.27354155635016	-3.86159333319834
			5.28204726853782	-3.85308762101068
			5.28204726853782	-3.84458190882302
			5.29055298072548	-3.83607619663536
			5.29055298072548	-3.82757048444769
			5.29055298072548	-3.81906477226003
			5.29905869291314	-3.81055906007237
			5.29905869291314	-3.80205334788471
			5.29905869291314	-3.79354763569705
			5.3075644051008	-3.78504192350939
			5.3075644051008	-3.77653621132173
			5.3075644051008	-3.76803049913406
			5.31607011728847	-3.7595247869464
			5.31607011728847	-3.75101907475874
			5.31607011728847	-3.74251336257108
			5.32457582947613	-3.73400765038342
			5.32457582947613	-3.72550193819576
			5.32457582947613	-3.71699622600809
			5.33308154166379	-3.70849051382043
			5.33308154166379	-3.69998480163277
			5.33308154166379	-3.69147908944511
			5.34158725385145	-3.68297337725745
			5.34158725385145	-3.67446766506979
			5.35009296603911	-3.66596195288213
			5.35009296603911	-3.65745624069446
			5.35009296603911	-3.6489505285068
			5.35859867822677	-3.64044481631914
			5.35859867822677	-3.63193910413148
			5.35859867822677	-3.62343339194382
			5.36710439041443	-3.61492767975616
			5.36710439041443	-3.60642196756849
			5.36710439041443	-3.59791625538083
			5.3756101026021	-3.58941054319317
			5.3756101026021	-3.58090483100551
			5.38411581478976	-3.57239911881785
			5.38411581478976	-3.56389340663019
			5.39262152697742	-3.55538769444253
			5.39262152697742	-3.54688198225486
			5.39262152697742	-3.5383762700672
			5.40112723916508	-3.52987055787954
			5.40112723916508	-3.52136484569188
			5.40963295135274	-3.51285913350422
			5.40963295135274	-3.50435342131656
			5.40963295135274	-3.49584770912889
			5.4181386635404	-3.48734199694123
			5.4181386635404	-3.47883628475357
			5.42664437572807	-3.47033057256591
			5.42664437572807	-3.46182486037825
			5.43515008791573	-3.45331914819059
			5.43515008791573	-3.44481343600293
			5.44365580010339	-3.43630772381526
			5.44365580010339	-3.4278020116276
			5.44365580010339	-3.41929629943994
			5.45216151229105	-3.41079058725228
			5.45216151229105	-3.40228487506462
			5.46066722447871	-3.39377916287696
			5.46066722447871	-3.38527345068929
			5.46917293666637	-3.37676773850163
			5.46917293666637	-3.36826202631397
			5.46917293666637	-3.35975631412631
			5.47767864885403	-3.35125060193865
			5.47767864885403	-3.34274488975099
			5.4861843610417	-3.33423917756333
			5.4861843610417	-3.32573346537566
			5.49469007322936	-3.317227753188
			5.49469007322936	-3.30872204100034
			5.50319578541702	-3.30021632881268
			5.50319578541702	-3.29171061662502
			5.51170149760468	-3.28320490443736
			5.51170149760468	-3.27469919224969
			5.52020720979234	-3.26619348006203
			5.52020720979234	-3.25768776787437
			5.52871292198	-3.24918205568671
			5.52871292198	-3.24067634349905
			5.53721863416767	-3.23217063131139
			5.53721863416767	-3.22366491912373
			5.54572434635533	-3.21515920693606
			5.54572434635533	-3.2066534947484
			5.55423005854299	-3.19814778256074
			5.55423005854299	-3.18964207037308
			5.56273577073065	-3.18113635818542
			5.56273577073065	-3.17263064599776
			5.57124148291831	-3.16412493381009
			5.57974719510597	-3.15561922162243
			5.57974719510597	-3.14711350943477
			5.58825290729363	-3.13860779724711
			5.58825290729363	-3.13010208505945
			5.5967586194813	-3.12159637287179
			5.5967586194813	-3.11309066068413
			5.60526433166896	-3.10458494849646
			5.60526433166896	-3.0960792363088
			5.61377004385662	-3.08757352412114
			5.61377004385662	-3.07906781193348
			5.62227575604428	-3.07056209974582
			5.62227575604428	-3.06205638755816
			5.63078146823194	-3.05355067537049
			5.6392871804196	-3.04504496318283
			5.6392871804196	-3.03653925099517
			5.64779289260727	-3.02803353880751
			5.64779289260727	-3.01952782661985
			5.65629860479493	-3.01102211443219
			5.65629860479493	-3.00251640224453
			5.66480431698259	-2.99401069005686
			5.66480431698259	-2.9855049778692
			5.67331002917025	-2.97699926568154
			5.68181574135791	-2.96849355349388
			5.68181574135791	-2.95998784130622
			5.69032145354557	-2.95148212911856
			5.69882716573323	-2.94297641693089
			5.69882716573323	-2.93447070474323
			5.7073328779209	-2.92596499255557
			5.7073328779209	-2.91745928036791
			5.71583859010856	-2.91745928036791
			5.71583859010856	-2.90895356818025
			5.71583859010856	-2.90044785599259
			5.72434430229622	-2.90044785599259
			5.72434430229622	-2.89194214380493
			5.73285001448388	-2.88343643161726
			5.73285001448388	-2.8749307194296
			5.74135572667154	-2.8749307194296
			5.74135572667154	-2.86642500724194
			5.7498614388592	-2.85791929505428
			5.7498614388592	-2.84941358286662
			5.75836715104687	-2.84941358286662
			5.75836715104687	-2.84090787067896
			5.76687286323453	-2.84090787067896
			5.76687286323453	-2.83240215849129
			5.77537857542219	-2.83240215849129
			5.78388428760985	-2.82389644630363
			5.79238999979751	-2.82389644630363
			5.80089571198517	-2.81539073411597
			5.80940142417283	-2.81539073411597
			5.8179071363605	-2.81539073411597
			5.82641284854816	-2.81539073411597
		</curveLM12>
	</curves.scaled>
	<ruler.points type=matrix rownames=TRUE colnames=FALSE nrow=5 ncol=2 as.numeric=TRUE >
		Ruler point 1	211	814
		Ruler point 2	328	813
		Ruler point 3	445	813
		Ruler point 4	564	812
		Ruler point 5	681	815
	</ruler.points>
</shapes>

