<shapes type=list>
	<ruler.pixel type=vector names=FALSE length=1 as.numeric=TRUE >117.000274014087</ruler.pixel>
	<ruler.interval type=vector names=FALSE length=1 as.numeric=TRUE >1</ruler.interval>
	<scaling.units type=vector names=FALSE length=1 as.numeric=FALSE >cm</scaling.units>
	<scaling type=vector names=FALSE length=1 as.numeric=TRUE >0.00854698852995503</scaling>
	<landmarks.pixel type=matrix rownames=TRUE colnames=FALSE nrow=6 ncol=2 as.numeric=TRUE >
		LM01	676	274
		LM02	775	552
		LM03	705	526
		LM04	676	604
		LM05	643	524
		LM06	576	537
	</landmarks.pixel>
	<landmarks.scaled type=matrix rownames=TRUE colnames=FALSE nrow=6 ncol=2 as.numeric=TRUE >
		LM01	5.7777642462496	-2.34187485720768
		LM02	6.62391611071515	-4.71793766853518
		LM03	6.0256269136183	-4.49571596675635
		LM04	5.7777642462496	-5.16238107209284
		LM05	5.49571362476109	-4.47862198969644
		LM06	4.9230653932541	-4.58973284058585
	</landmarks.scaled>
	<curves.control type=list>
		<curveLM07 type=matrix rownames=FALSE colnames=FALSE nrow=7 ncol=2 as.numeric=TRUE >
			676	274
			683	271
			722	354
			760	471
			775	514
			780	537
			775	552
		</curveLM07>
		<curveLM08 type=matrix rownames=FALSE colnames=FALSE nrow=5 ncol=2 as.numeric=TRUE >
			775	552
			769	567
			729	524
			717	522
			705	526
		</curveLM08>
		<curveLM09 type=matrix rownames=FALSE colnames=FALSE nrow=5 ncol=2 as.numeric=TRUE >
			705	526
			697	531
			699	565
			695	595
			676	604
		</curveLM09>
		<curveLM10 type=matrix rownames=FALSE colnames=FALSE nrow=7 ncol=2 as.numeric=TRUE >
			676	604
			658	602
			646	549
			646	539
			646	533
			645	528
			643	524
		</curveLM10>
		<curveLM11 type=matrix rownames=FALSE colnames=FALSE nrow=5 ncol=2 as.numeric=TRUE >
			643	524
			629	514
			606	536
			583	549
			576	537
		</curveLM11>
		<curveLM12 type=matrix rownames=FALSE colnames=FALSE nrow=7 ncol=2 as.numeric=TRUE >
			576	537
			574	526
			602	451
			620	370
			645	317
			670	272
			676	274
		</curveLM12>
	</curves.control>
	<curves.pixel type=list>
		<curveLM07 type=matrix rownames=FALSE colnames=FALSE nrow=295 ncol=2 as.numeric=TRUE >
			676	274
			677	274
			678	275
			679	275
			680	276
			681	277
			682	278
			683	279
			683	280
			684	281
			685	282
			685	283
			686	284
			687	285
			687	286
			688	287
			688	288
			689	289
			689	290
			690	290
			690	291
			691	292
			691	293
			692	294
			692	295
			693	295
			693	296
			694	297
			694	298
			695	299
			695	300
			696	301
			696	302
			697	303
			697	304
			698	305
			699	306
			699	307
			699	308
			700	308
			700	309
			700	310
			701	310
			701	311
			701	312
			702	313
			703	314
			703	315
			703	316
			704	317
			704	318
			705	319
			706	320
			706	321
			706	322
			707	322
			707	323
			708	324
			708	325
			709	326
			709	327
			710	328
			710	329
			711	330
			711	331
			711	332
			712	333
			712	334
			713	335
			713	336
			714	337
			714	338
			715	338
			715	339
			716	340
			716	341
			716	342
			717	343
			717	344
			718	345
			718	346
			719	347
			719	348
			720	349
			720	350
			720	351
			721	351
			721	352
			721	353
			722	353
			722	354
			722	355
			723	356
			723	357
			723	358
			724	359
			724	360
			724	361
			725	362
			725	363
			725	364
			726	365
			726	366
			726	367
			727	368
			727	369
			727	370
			727	371
			728	372
			728	373
			729	374
			729	375
			729	376
			730	377
			730	378
			730	379
			731	380
			731	381
			731	382
			731	383
			732	384
			732	385
			732	386
			733	387
			733	388
			733	389
			734	390
			734	391
			734	392
			735	393
			735	394
			736	395
			736	396
			736	397
			736	398
			737	399
			737	400
			737	401
			738	402
			738	403
			738	404
			739	405
			739	406
			739	407
			740	408
			740	409
			740	410
			740	411
			741	411
			741	412
			741	413
			742	414
			742	415
			742	416
			743	417
			743	418
			743	419
			744	420
			744	421
			744	422
			745	423
			745	424
			745	425
			745	426
			746	427
			746	428
			746	429
			747	430
			747	431
			747	432
			748	432
			748	433
			748	434
			749	435
			749	436
			749	437
			749	438
			750	439
			750	440
			750	441
			751	441
			751	442
			751	443
			751	444
			752	445
			752	446
			752	447
			753	447
			753	448
			753	449
			753	450
			754	451
			754	452
			754	453
			755	453
			755	454
			755	455
			755	456
			756	457
			756	458
			756	459
			757	460
			757	461
			757	462
			758	463
			758	464
			758	465
			759	466
			759	467
			759	468
			760	468
			760	469
			760	470
			760	471
			761	472
			761	473
			761	474
			762	475
			762	476
			762	477
			763	478
			763	479
			763	480
			764	481
			764	482
			764	483
			765	484
			765	485
			765	486
			766	487
			766	488
			766	489
			767	490
			767	491
			768	492
			768	493
			768	494
			769	495
			769	496
			769	497
			770	498
			770	499
			770	500
			771	501
			771	502
			771	503
			772	504
			772	505
			772	506
			772	507
			773	508
			773	509
			774	510
			774	511
			774	512
			775	513
			775	514
			775	515
			775	516
			776	517
			776	518
			776	519
			776	520
			776	521
			777	522
			777	523
			777	524
			777	525
			777	526
			777	527
			777	528
			777	529
			777	530
			777	531
			777	532
			777	533
			777	534
			777	535
			777	536
			777	537
			777	538
			777	539
			777	540
			777	541
			777	542
			777	543
			777	544
			777	545
			777	546
			776	547
			776	548
			776	549
			776	550
			775	551
			775	552
		</curveLM07>
		<curveLM08 type=matrix rownames=FALSE colnames=FALSE nrow=80 ncol=2 as.numeric=TRUE >
			775	552
			775	553
			774	553
			774	554
			773	555
			772	555
			771	556
			770	556
			769	556
			768	556
			767	555
			766	555
			765	555
			764	554
			763	554
			762	554
			762	553
			761	553
			760	552
			759	552
			758	551
			757	550
			756	549
			755	548
			754	548
			753	547
			752	546
			751	545
			750	545
			749	544
			748	543
			747	542
			746	541
			745	541
			745	540
			744	539
			743	538
			742	537
			741	536
			740	536
			740	535
			739	534
			738	534
			738	533
			737	532
			736	532
			736	531
			735	530
			734	530
			734	529
			733	528
			732	528
			732	527
			731	526
			730	525
			729	524
			728	524
			727	524
			726	524
			725	523
			724	523
			723	523
			722	523
			721	523
			720	523
			719	523
			718	523
			717	524
			716	524
			715	524
			714	524
			713	524
			712	524
			711	524
			710	525
			709	525
			708	525
			707	525
			706	526
			705	526
		</curveLM08>
		<curveLM09 type=matrix rownames=FALSE colnames=FALSE nrow=85 ncol=2 as.numeric=TRUE >
			705	526
			704	527
			703	528
			702	529
			702	530
			701	531
			701	532
			701	533
			700	534
			700	535
			700	536
			700	537
			700	538
			699	539
			699	540
			699	541
			699	542
			699	543
			699	544
			699	545
			699	546
			699	547
			699	548
			699	549
			699	550
			699	551
			699	552
			699	553
			699	554
			699	555
			699	556
			699	557
			699	558
			699	559
			699	560
			699	561
			699	562
			699	563
			699	564
			699	565
			699	566
			699	567
			698	568
			698	569
			698	570
			698	571
			698	572
			698	573
			697	574
			697	575
			697	576
			697	577
			696	578
			696	579
			696	580
			695	581
			695	582
			694	583
			694	584
			694	585
			693	586
			693	587
			692	588
			692	589
			691	589
			691	590
			690	591
			690	592
			689	593
			688	594
			688	595
			687	596
			686	597
			685	597
			685	598
			684	599
			683	599
			682	600
			681	601
			680	602
			679	603
			678	603
			677	603
			677	604
			676	604
		</curveLM09>
		<curveLM10 type=matrix rownames=FALSE colnames=FALSE nrow=89 ncol=2 as.numeric=TRUE >
			676	604
			675	604
			674	604
			673	603
			672	603
			671	602
			670	602
			669	601
			668	600
			667	599
			666	599
			665	598
			665	597
			664	596
			663	595
			662	594
			662	593
			661	592
			660	591
			660	590
			659	589
			659	588
			659	587
			658	587
			658	586
			657	585
			657	584
			656	583
			656	582
			656	581
			655	580
			655	579
			654	578
			654	577
			654	576
			653	575
			653	574
			653	573
			652	572
			652	571
			652	570
			651	569
			651	568
			651	567
			650	566
			650	565
			650	564
			649	563
			649	562
			649	561
			649	560
			648	559
			648	558
			648	557
			648	556
			647	555
			647	554
			647	553
			647	552
			646	551
			646	550
			646	549
			646	548
			646	547
			646	546
			646	545
			646	544
			646	543
			646	542
			646	541
			646	540
			646	539
			646	538
			646	537
			646	536
			646	535
			646	534
			646	533
			646	532
			646	531
			645	531
			645	530
			645	529
			645	528
			644	527
			644	526
			644	525
			643	525
			643	524
		</curveLM10>
		<curveLM11 type=matrix rownames=FALSE colnames=FALSE nrow=70 ncol=2 as.numeric=TRUE >
			643	524
			642	523
			641	523
			640	522
			639	522
			638	522
			637	521
			636	521
			635	521
			634	521
			633	521
			632	521
			631	521
			630	521
			629	521
			628	522
			627	522
			626	522
			625	523
			624	523
			623	524
			622	524
			621	524
			620	525
			619	526
			618	526
			617	527
			616	527
			616	528
			615	529
			614	529
			613	530
			612	531
			611	532
			610	533
			609	534
			608	535
			607	535
			606	536
			605	537
			604	537
			603	538
			602	538
			601	539
			600	539
			599	539
			598	540
			597	540
			596	541
			595	541
			594	541
			593	542
			592	542
			591	542
			590	542
			589	543
			588	543
			587	543
			586	543
			585	543
			584	543
			583	542
			582	542
			581	542
			580	541
			579	541
			578	540
			578	539
			577	538
			576	537
		</curveLM11>
		<curveLM12 type=matrix rownames=FALSE colnames=FALSE nrow=282 ncol=2 as.numeric=TRUE >
			576	537
			576	536
			576	535
			576	534
			576	533
			576	532
			576	531
			576	530
			577	529
			577	528
			577	527
			577	526
			577	525
			578	525
			578	524
			578	523
			578	522
			578	521
			579	520
			579	519
			579	518
			579	517
			580	517
			580	516
			580	515
			580	514
			581	513
			581	512
			581	511
			581	510
			582	509
			582	508
			582	507
			583	506
			583	505
			583	504
			584	503
			584	502
			584	501
			585	500
			585	499
			585	498
			586	497
			586	496
			586	495
			587	494
			587	493
			587	492
			588	491
			588	490
			588	489
			589	488
			589	487
			590	486
			590	485
			590	484
			590	483
			591	482
			591	481
			591	480
			592	479
			592	478
			592	477
			593	476
			593	475
			594	474
			594	473
			594	472
			595	471
			595	470
			595	469
			596	469
			596	468
			596	467
			597	466
			597	465
			597	464
			598	463
			598	462
			598	461
			598	460
			599	460
			599	459
			599	458
			600	457
			600	456
			600	455
			601	455
			601	454
			601	453
			602	452
			602	451
			602	450
			602	449
			603	448
			603	447
			603	446
			603	445
			603	444
			604	444
			604	443
			604	442
			604	441
			605	440
			605	439
			605	438
			605	437
			605	436
			606	435
			606	434
			606	433
			606	432
			607	432
			607	431
			607	430
			607	429
			607	428
			608	427
			608	426
			608	425
			608	424
			609	423
			609	422
			609	421
			610	420
			610	419
			610	418
			610	417
			611	416
			611	415
			611	414
			611	413
			612	412
			612	411
			612	410
			612	409
			612	408
			613	407
			613	406
			614	405
			614	404
			614	403
			614	402
			614	401
			615	401
			615	400
			615	399
			615	398
			616	397
			616	396
			616	395
			616	394
			617	393
			617	392
			617	391
			618	390
			618	389
			618	388
			619	387
			619	386
			619	385
			620	384
			620	383
			620	382
			621	381
			621	380
			621	379
			621	378
			622	377
			622	376
			622	375
			623	374
			623	373
			624	372
			624	371
			624	370
			624	369
			625	368
			625	367
			625	366
			626	366
			626	365
			626	364
			626	363
			627	362
			627	361
			628	360
			628	359
			628	358
			629	357
			629	356
			629	355
			630	354
			630	353
			630	352
			631	351
			631	350
			631	349
			632	348
			632	347
			633	346
			633	345
			633	344
			634	343
			634	342
			635	341
			635	340
			635	339
			636	339
			636	338
			636	337
			637	336
			637	335
			638	334
			638	333
			638	332
			639	331
			639	330
			640	329
			640	328
			640	327
			641	326
			641	325
			642	324
			642	323
			643	322
			643	321
			644	320
			644	319
			644	318
			645	318
			645	317
			645	316
			646	316
			646	315
			646	314
			647	313
			648	312
			648	311
			649	310
			649	309
			650	309
			650	308
			651	307
			651	306
			652	305
			652	304
			653	303
			653	302
			654	301
			655	300
			656	299
			656	298
			657	297
			657	296
			658	295
			658	294
			659	293
			659	292
			660	292
			660	291
			661	290
			661	289
			662	289
			662	288
			663	287
			663	286
			664	286
			664	285
			665	284
			666	283
			666	282
			667	281
			668	280
			669	279
			670	278
			671	277
			672	276
			673	275
			674	274
			675	274
			676	274
		</curveLM12>
	</curves.pixel>
	<curves.scaled type=list>
		<curveLM07 type=matrix rownames=FALSE colnames=FALSE nrow=295 ncol=2 as.numeric=TRUE >
			5.7777642462496	-2.34187485720768
			5.78631123477956	-2.34187485720768
			5.79485822330951	-2.35042184573763
			5.80340521183947	-2.35042184573763
			5.81195220036942	-2.35896883426759
			5.82049918889938	-2.36751582279754
			5.82904617742933	-2.3760628113275
			5.83759316595929	-2.38460979985745
			5.83759316595929	-2.39315678838741
			5.84614015448924	-2.40170377691736
			5.8546871430192	-2.41025076544732
			5.8546871430192	-2.41879775397727
			5.86323413154915	-2.42734474250723
			5.87178112007911	-2.43589173103718
			5.87178112007911	-2.44443871956714
			5.88032810860906	-2.45298570809709
			5.88032810860906	-2.46153269662705
			5.88887509713902	-2.470079685157
			5.88887509713902	-2.47862667368696
			5.89742208566897	-2.47862667368696
			5.89742208566897	-2.48717366221691
			5.90596907419893	-2.49572065074687
			5.90596907419893	-2.50426763927682
			5.91451606272888	-2.51281462780678
			5.91451606272888	-2.52136161633673
			5.92306305125884	-2.52136161633673
			5.92306305125884	-2.52990860486669
			5.93161003978879	-2.53845559339665
			5.93161003978879	-2.5470025819266
			5.94015702831875	-2.55554957045655
			5.94015702831875	-2.56409655898651
			5.9487040168487	-2.57264354751646
			5.9487040168487	-2.58119053604642
			5.95725100537866	-2.58973752457638
			5.95725100537866	-2.59828451310633
			5.96579799390861	-2.60683150163629
			5.97434498243857	-2.61537849016624
			5.97434498243857	-2.62392547869619
			5.97434498243857	-2.63247246722615
			5.98289197096852	-2.63247246722615
			5.98289197096852	-2.64101945575611
			5.98289197096852	-2.64956644428606
			5.99143895949848	-2.64956644428606
			5.99143895949848	-2.65811343281602
			5.99143895949848	-2.66666042134597
			5.99998594802843	-2.67520740987593
			6.00853293655839	-2.68375439840588
			6.00853293655839	-2.69230138693584
			6.00853293655839	-2.70084837546579
			6.01707992508834	-2.70939536399575
			6.01707992508834	-2.7179423525257
			6.0256269136183	-2.72648934105566
			6.03417390214825	-2.73503632958561
			6.03417390214825	-2.74358331811557
			6.03417390214825	-2.75213030664552
			6.04272089067821	-2.75213030664552
			6.04272089067821	-2.76067729517548
			6.05126787920816	-2.76922428370543
			6.05126787920816	-2.77777127223539
			6.05981486773812	-2.78631826076534
			6.05981486773812	-2.7948652492953
			6.06836185626807	-2.80341223782525
			6.06836185626807	-2.81195922635521
			6.07690884479803	-2.82050621488516
			6.07690884479803	-2.82905320341512
			6.07690884479803	-2.83760019194507
			6.08545583332798	-2.84614718047503
			6.08545583332798	-2.85469416900498
			6.09400282185794	-2.86324115753494
			6.09400282185794	-2.87178814606489
			6.10254981038789	-2.88033513459485
			6.10254981038789	-2.8888821231248
			6.11109679891785	-2.8888821231248
			6.11109679891785	-2.89742911165476
			6.1196437874478	-2.90597610018471
			6.1196437874478	-2.91452308871467
			6.1196437874478	-2.92307007724462
			6.12819077597776	-2.93161706577458
			6.12819077597776	-2.94016405430453
			6.13673776450771	-2.94871104283449
			6.13673776450771	-2.95725803136444
			6.14528475303767	-2.9658050198944
			6.14528475303767	-2.97435200842435
			6.15383174156762	-2.98289899695431
			6.15383174156762	-2.99144598548426
			6.15383174156762	-2.99999297401422
			6.16237873009758	-2.99999297401422
			6.16237873009758	-3.00853996254417
			6.16237873009758	-3.01708695107413
			6.17092571862753	-3.01708695107413
			6.17092571862753	-3.02563393960408
			6.17092571862753	-3.03418092813404
			6.17947270715749	-3.04272791666399
			6.17947270715749	-3.05127490519395
			6.17947270715749	-3.0598218937239
			6.18801969568744	-3.06836888225386
			6.18801969568744	-3.07691587078381
			6.18801969568744	-3.08546285931377
			6.1965666842174	-3.09400984784372
			6.1965666842174	-3.10255683637368
			6.1965666842174	-3.11110382490363
			6.20511367274735	-3.11965081343359
			6.20511367274735	-3.12819780196354
			6.20511367274735	-3.1367447904935
			6.21366066127731	-3.14529177902345
			6.21366066127731	-3.15383876755341
			6.21366066127731	-3.16238575608336
			6.21366066127731	-3.17093274461332
			6.22220764980726	-3.17947973314327
			6.22220764980726	-3.18802672167323
			6.23075463833722	-3.19657371020318
			6.23075463833722	-3.20512069873314
			6.23075463833722	-3.21366768726309
			6.23930162686717	-3.22221467579305
			6.23930162686717	-3.230761664323
			6.23930162686717	-3.23930865285296
			6.24784861539713	-3.24785564138291
			6.24784861539713	-3.25640262991287
			6.24784861539713	-3.26494961844282
			6.24784861539713	-3.27349660697278
			6.25639560392708	-3.28204359550273
			6.25639560392708	-3.29059058403269
			6.25639560392708	-3.29913757256264
			6.26494259245704	-3.3076845610926
			6.26494259245704	-3.31623154962255
			6.26494259245704	-3.32477853815251
			6.27348958098699	-3.33332552668246
			6.27348958098699	-3.34187251521242
			6.27348958098699	-3.35041950374237
			6.28203656951695	-3.35896649227233
			6.28203656951695	-3.36751348080228
			6.2905835580469	-3.37606046933224
			6.2905835580469	-3.38460745786219
			6.2905835580469	-3.39315444639215
			6.2905835580469	-3.4017014349221
			6.29913054657686	-3.41024842345206
			6.29913054657686	-3.41879541198201
			6.29913054657686	-3.42734240051197
			6.30767753510681	-3.43588938904192
			6.30767753510681	-3.44443637757188
			6.30767753510681	-3.45298336610183
			6.31622452363677	-3.46153035463179
			6.31622452363677	-3.47007734316174
			6.31622452363677	-3.4786243316917
			6.32477151216672	-3.48717132022165
			6.32477151216672	-3.49571830875161
			6.32477151216672	-3.50426529728156
			6.32477151216672	-3.51281228581152
			6.33331850069668	-3.51281228581152
			6.33331850069668	-3.52135927434147
			6.33331850069668	-3.52990626287143
			6.34186548922663	-3.53845325140138
			6.34186548922663	-3.54700023993134
			6.34186548922663	-3.55554722846129
			6.35041247775659	-3.56409421699125
			6.35041247775659	-3.5726412055212
			6.35041247775659	-3.58118819405116
			6.35895946628654	-3.58973518258111
			6.35895946628654	-3.59828217111107
			6.35895946628654	-3.60682915964102
			6.3675064548165	-3.61537614817098
			6.3675064548165	-3.62392313670093
			6.3675064548165	-3.63247012523089
			6.3675064548165	-3.64101711376084
			6.37605344334645	-3.6495641022908
			6.37605344334645	-3.65811109082075
			6.37605344334645	-3.66665807935071
			6.38460043187641	-3.67520506788066
			6.38460043187641	-3.68375205641062
			6.38460043187641	-3.69229904494057
			6.39314742040636	-3.69229904494057
			6.39314742040636	-3.70084603347053
			6.39314742040636	-3.70939302200048
			6.40169440893632	-3.71794001053044
			6.40169440893632	-3.72648699906039
			6.40169440893632	-3.73503398759035
			6.40169440893632	-3.7435809761203
			6.41024139746628	-3.75212796465026
			6.41024139746628	-3.76067495318021
			6.41024139746628	-3.76922194171017
			6.41878838599623	-3.76922194171017
			6.41878838599623	-3.77776893024012
			6.41878838599623	-3.78631591877008
			6.41878838599623	-3.79486290730003
			6.42733537452618	-3.80340989582999
			6.42733537452618	-3.81195688435994
			6.42733537452618	-3.8205038728899
			6.43588236305614	-3.8205038728899
			6.43588236305614	-3.82905086141986
			6.43588236305614	-3.83759784994981
			6.43588236305614	-3.84614483847976
			6.44442935158609	-3.85469182700972
			6.44442935158609	-3.86323881553967
			6.44442935158609	-3.87178580406963
			6.45297634011605	-3.87178580406963
			6.45297634011605	-3.88033279259959
			6.45297634011605	-3.88887978112954
			6.45297634011605	-3.8974267696595
			6.46152332864601	-3.90597375818945
			6.46152332864601	-3.9145207467194
			6.46152332864601	-3.92306773524936
			6.47007031717596	-3.93161472377932
			6.47007031717596	-3.94016171230927
			6.47007031717596	-3.94870870083923
			6.47861730570592	-3.95725568936918
			6.47861730570592	-3.96580267789914
			6.47861730570592	-3.97434966642909
			6.48716429423587	-3.98289665495905
			6.48716429423587	-3.991443643489
			6.48716429423587	-3.99999063201896
			6.49571128276582	-3.99999063201896
			6.49571128276582	-4.00853762054891
			6.49571128276582	-4.01708460907887
			6.49571128276582	-4.02563159760882
			6.50425827129578	-4.03417858613878
			6.50425827129578	-4.04272557466873
			6.50425827129578	-4.05127256319869
			6.51280525982574	-4.05981955172864
			6.51280525982574	-4.0683665402586
			6.51280525982574	-4.07691352878855
			6.52135224835569	-4.08546051731851
			6.52135224835569	-4.09400750584846
			6.52135224835569	-4.10255449437842
			6.52989923688565	-4.11110148290837
			6.52989923688565	-4.11964847143833
			6.52989923688565	-4.12819545996828
			6.5384462254156	-4.13674244849824
			6.5384462254156	-4.14528943702819
			6.5384462254156	-4.15383642555815
			6.54699321394556	-4.1623834140881
			6.54699321394556	-4.17093040261806
			6.54699321394556	-4.17947739114801
			6.55554020247551	-4.18802437967797
			6.55554020247551	-4.19657136820792
			6.56408719100547	-4.20511835673788
			6.56408719100547	-4.21366534526783
			6.56408719100547	-4.22221233379779
			6.57263417953542	-4.23075932232774
			6.57263417953542	-4.2393063108577
			6.57263417953542	-4.24785329938765
			6.58118116806538	-4.25640028791761
			6.58118116806538	-4.26494727644756
			6.58118116806538	-4.27349426497752
			6.58972815659533	-4.28204125350747
			6.58972815659533	-4.29058824203743
			6.58972815659533	-4.29913523056738
			6.59827514512529	-4.30768221909734
			6.59827514512529	-4.31622920762729
			6.59827514512529	-4.32477619615725
			6.59827514512529	-4.3333231846872
			6.60682213365524	-4.34187017321716
			6.60682213365524	-4.35041716174711
			6.6153691221852	-4.35896415027707
			6.6153691221852	-4.36751113880702
			6.6153691221852	-4.37605812733698
			6.62391611071515	-4.38460511586693
			6.62391611071515	-4.39315210439689
			6.62391611071515	-4.40169909292684
			6.62391611071515	-4.4102460814568
			6.63246309924511	-4.41879306998675
			6.63246309924511	-4.42734005851671
			6.63246309924511	-4.43588704704666
			6.63246309924511	-4.44443403557662
			6.63246309924511	-4.45298102410657
			6.64101008777506	-4.46152801263653
			6.64101008777506	-4.47007500116648
			6.64101008777506	-4.47862198969644
			6.64101008777506	-4.48716897822639
			6.64101008777506	-4.49571596675635
			6.64101008777506	-4.5042629552863
			6.64101008777506	-4.51280994381626
			6.64101008777506	-4.52135693234621
			6.64101008777506	-4.52990392087617
			6.64101008777506	-4.53845090940612
			6.64101008777506	-4.54699789793608
			6.64101008777506	-4.55554488646603
			6.64101008777506	-4.56409187499599
			6.64101008777506	-4.57263886352594
			6.64101008777506	-4.5811858520559
			6.64101008777506	-4.58973284058585
			6.64101008777506	-4.59827982911581
			6.64101008777506	-4.60682681764576
			6.64101008777506	-4.61537380617572
			6.64101008777506	-4.62392079470567
			6.64101008777506	-4.63246778323563
			6.64101008777506	-4.64101477176558
			6.64101008777506	-4.64956176029554
			6.64101008777506	-4.65810874882549
			6.64101008777506	-4.66665573735545
			6.63246309924511	-4.6752027258854
			6.63246309924511	-4.68374971441536
			6.63246309924511	-4.69229670294531
			6.63246309924511	-4.70084369147527
			6.62391611071515	-4.70939068000522
			6.62391611071515	-4.71793766853518
		</curveLM07>
		<curveLM08 type=matrix rownames=FALSE colnames=FALSE nrow=80 ncol=2 as.numeric=TRUE >
			6.62391611071515	-4.71793766853518
			6.62391611071515	-4.72648465706513
			6.6153691221852	-4.72648465706513
			6.6153691221852	-4.73503164559509
			6.60682213365524	-4.74357863412504
			6.59827514512529	-4.74357863412504
			6.58972815659533	-4.752125622655
			6.58118116806538	-4.752125622655
			6.57263417953542	-4.752125622655
			6.56408719100547	-4.752125622655
			6.55554020247551	-4.74357863412504
			6.54699321394556	-4.74357863412504
			6.5384462254156	-4.74357863412504
			6.52989923688565	-4.73503164559509
			6.52135224835569	-4.73503164559509
			6.51280525982574	-4.73503164559509
			6.51280525982574	-4.72648465706513
			6.50425827129578	-4.72648465706513
			6.49571128276582	-4.71793766853518
			6.48716429423587	-4.71793766853518
			6.47861730570592	-4.70939068000522
			6.47007031717596	-4.70084369147527
			6.46152332864601	-4.69229670294531
			6.45297634011605	-4.68374971441536
			6.44442935158609	-4.68374971441536
			6.43588236305614	-4.6752027258854
			6.42733537452618	-4.66665573735545
			6.41878838599623	-4.65810874882549
			6.41024139746628	-4.65810874882549
			6.40169440893632	-4.64956176029554
			6.39314742040636	-4.64101477176558
			6.38460043187641	-4.63246778323563
			6.37605344334645	-4.62392079470567
			6.3675064548165	-4.62392079470567
			6.3675064548165	-4.61537380617572
			6.35895946628654	-4.60682681764576
			6.35041247775659	-4.59827982911581
			6.34186548922663	-4.58973284058585
			6.33331850069668	-4.5811858520559
			6.32477151216672	-4.5811858520559
			6.32477151216672	-4.57263886352594
			6.31622452363677	-4.56409187499599
			6.30767753510681	-4.56409187499599
			6.30767753510681	-4.55554488646603
			6.29913054657686	-4.54699789793608
			6.2905835580469	-4.54699789793608
			6.2905835580469	-4.53845090940612
			6.28203656951695	-4.52990392087617
			6.27348958098699	-4.52990392087617
			6.27348958098699	-4.52135693234621
			6.26494259245704	-4.51280994381626
			6.25639560392708	-4.51280994381626
			6.25639560392708	-4.5042629552863
			6.24784861539713	-4.49571596675635
			6.23930162686717	-4.48716897822639
			6.23075463833722	-4.47862198969644
			6.22220764980726	-4.47862198969644
			6.21366066127731	-4.47862198969644
			6.20511367274735	-4.47862198969644
			6.1965666842174	-4.47007500116648
			6.18801969568744	-4.47007500116648
			6.17947270715749	-4.47007500116648
			6.17092571862753	-4.47007500116648
			6.16237873009758	-4.47007500116648
			6.15383174156762	-4.47007500116648
			6.14528475303767	-4.47007500116648
			6.13673776450771	-4.47007500116648
			6.12819077597776	-4.47862198969644
			6.1196437874478	-4.47862198969644
			6.11109679891785	-4.47862198969644
			6.10254981038789	-4.47862198969644
			6.09400282185794	-4.47862198969644
			6.08545583332798	-4.47862198969644
			6.07690884479803	-4.47862198969644
			6.06836185626807	-4.48716897822639
			6.05981486773812	-4.48716897822639
			6.05126787920816	-4.48716897822639
			6.04272089067821	-4.48716897822639
			6.03417390214825	-4.49571596675635
			6.0256269136183	-4.49571596675635
		</curveLM08>
		<curveLM09 type=matrix rownames=FALSE colnames=FALSE nrow=85 ncol=2 as.numeric=TRUE >
			6.0256269136183	-4.49571596675635
			6.01707992508834	-4.5042629552863
			6.00853293655839	-4.51280994381626
			5.99998594802843	-4.52135693234621
			5.99998594802843	-4.52990392087617
			5.99143895949848	-4.53845090940612
			5.99143895949848	-4.54699789793608
			5.99143895949848	-4.55554488646603
			5.98289197096852	-4.56409187499599
			5.98289197096852	-4.57263886352594
			5.98289197096852	-4.5811858520559
			5.98289197096852	-4.58973284058585
			5.98289197096852	-4.59827982911581
			5.97434498243857	-4.60682681764576
			5.97434498243857	-4.61537380617572
			5.97434498243857	-4.62392079470567
			5.97434498243857	-4.63246778323563
			5.97434498243857	-4.64101477176558
			5.97434498243857	-4.64956176029554
			5.97434498243857	-4.65810874882549
			5.97434498243857	-4.66665573735545
			5.97434498243857	-4.6752027258854
			5.97434498243857	-4.68374971441536
			5.97434498243857	-4.69229670294531
			5.97434498243857	-4.70084369147527
			5.97434498243857	-4.70939068000522
			5.97434498243857	-4.71793766853518
			5.97434498243857	-4.72648465706513
			5.97434498243857	-4.73503164559509
			5.97434498243857	-4.74357863412504
			5.97434498243857	-4.752125622655
			5.97434498243857	-4.76067261118495
			5.97434498243857	-4.76921959971491
			5.97434498243857	-4.77776658824486
			5.97434498243857	-4.78631357677482
			5.97434498243857	-4.79486056530477
			5.97434498243857	-4.80340755383473
			5.97434498243857	-4.81195454236468
			5.97434498243857	-4.82050153089464
			5.97434498243857	-4.82904851942459
			5.97434498243857	-4.83759550795455
			5.97434498243857	-4.8461424964845
			5.96579799390861	-4.85468948501446
			5.96579799390861	-4.86323647354441
			5.96579799390861	-4.87178346207437
			5.96579799390861	-4.88033045060432
			5.96579799390861	-4.88887743913428
			5.96579799390861	-4.89742442766423
			5.95725100537866	-4.90597141619419
			5.95725100537866	-4.91451840472414
			5.95725100537866	-4.9230653932541
			5.95725100537866	-4.93161238178405
			5.9487040168487	-4.94015937031401
			5.9487040168487	-4.94870635884396
			5.9487040168487	-4.95725334737392
			5.94015702831875	-4.96580033590387
			5.94015702831875	-4.97434732443383
			5.93161003978879	-4.98289431296378
			5.93161003978879	-4.99144130149374
			5.93161003978879	-4.99998829002369
			5.92306305125884	-5.00853527855365
			5.92306305125884	-5.0170822670836
			5.91451606272888	-5.02562925561356
			5.91451606272888	-5.03417624414351
			5.90596907419893	-5.03417624414351
			5.90596907419893	-5.04272323267347
			5.89742208566897	-5.05127022120342
			5.89742208566897	-5.05981720973338
			5.88887509713902	-5.06836419826333
			5.88032810860906	-5.07691118679329
			5.88032810860906	-5.08545817532324
			5.87178112007911	-5.0940051638532
			5.86323413154915	-5.10255215238316
			5.8546871430192	-5.10255215238316
			5.8546871430192	-5.11109914091311
			5.84614015448924	-5.11964612944306
			5.83759316595929	-5.11964612944306
			5.82904617742933	-5.12819311797302
			5.82049918889938	-5.13674010650297
			5.81195220036942	-5.14528709503293
			5.80340521183947	-5.15383408356289
			5.79485822330951	-5.15383408356289
			5.78631123477956	-5.15383408356289
			5.78631123477956	-5.16238107209284
			5.7777642462496	-5.16238107209284
		</curveLM09>
		<curveLM10 type=matrix rownames=FALSE colnames=FALSE nrow=89 ncol=2 as.numeric=TRUE >
			5.7777642462496	-5.16238107209284
			5.76921725771965	-5.16238107209284
			5.76067026918969	-5.16238107209284
			5.75212328065974	-5.15383408356289
			5.74357629212978	-5.15383408356289
			5.73502930359983	-5.14528709503293
			5.72648231506987	-5.14528709503293
			5.71793532653992	-5.13674010650297
			5.70938833800996	-5.12819311797302
			5.70084134948001	-5.11964612944306
			5.69229436095005	-5.11964612944306
			5.6837473724201	-5.11109914091311
			5.6837473724201	-5.10255215238316
			5.67520038389014	-5.0940051638532
			5.66665339536019	-5.08545817532324
			5.65810640683023	-5.07691118679329
			5.65810640683023	-5.06836419826333
			5.64955941830028	-5.05981720973338
			5.64101242977032	-5.05127022120342
			5.64101242977032	-5.04272323267347
			5.63246544124037	-5.03417624414351
			5.63246544124037	-5.02562925561356
			5.63246544124037	-5.0170822670836
			5.62391845271041	-5.0170822670836
			5.62391845271041	-5.00853527855365
			5.61537146418046	-4.99998829002369
			5.61537146418046	-4.99144130149374
			5.6068244756505	-4.98289431296378
			5.6068244756505	-4.97434732443383
			5.6068244756505	-4.96580033590387
			5.59827748712055	-4.95725334737392
			5.59827748712055	-4.94870635884396
			5.58973049859059	-4.94015937031401
			5.58973049859059	-4.93161238178405
			5.58973049859059	-4.9230653932541
			5.58118351006064	-4.91451840472414
			5.58118351006064	-4.90597141619419
			5.58118351006064	-4.89742442766423
			5.57263652153068	-4.88887743913428
			5.57263652153068	-4.88033045060432
			5.57263652153068	-4.87178346207437
			5.56408953300073	-4.86323647354441
			5.56408953300073	-4.85468948501446
			5.56408953300073	-4.8461424964845
			5.55554254447077	-4.83759550795455
			5.55554254447077	-4.82904851942459
			5.55554254447077	-4.82050153089464
			5.54699555594082	-4.81195454236468
			5.54699555594082	-4.80340755383473
			5.54699555594082	-4.79486056530477
			5.54699555594082	-4.78631357677482
			5.53844856741086	-4.77776658824486
			5.53844856741086	-4.76921959971491
			5.53844856741086	-4.76067261118495
			5.53844856741086	-4.752125622655
			5.52990157888091	-4.74357863412504
			5.52990157888091	-4.73503164559509
			5.52990157888091	-4.72648465706513
			5.52990157888091	-4.71793766853518
			5.52135459035095	-4.70939068000522
			5.52135459035095	-4.70084369147527
			5.52135459035095	-4.69229670294531
			5.52135459035095	-4.68374971441536
			5.52135459035095	-4.6752027258854
			5.52135459035095	-4.66665573735545
			5.52135459035095	-4.65810874882549
			5.52135459035095	-4.64956176029554
			5.52135459035095	-4.64101477176558
			5.52135459035095	-4.63246778323563
			5.52135459035095	-4.62392079470567
			5.52135459035095	-4.61537380617572
			5.52135459035095	-4.60682681764576
			5.52135459035095	-4.59827982911581
			5.52135459035095	-4.58973284058585
			5.52135459035095	-4.5811858520559
			5.52135459035095	-4.57263886352594
			5.52135459035095	-4.56409187499599
			5.52135459035095	-4.55554488646603
			5.52135459035095	-4.54699789793608
			5.52135459035095	-4.53845090940612
			5.512807601821	-4.53845090940612
			5.512807601821	-4.52990392087617
			5.512807601821	-4.52135693234621
			5.512807601821	-4.51280994381626
			5.50426061329104	-4.5042629552863
			5.50426061329104	-4.49571596675635
			5.50426061329104	-4.48716897822639
			5.49571362476109	-4.48716897822639
			5.49571362476109	-4.47862198969644
		</curveLM10>
		<curveLM11 type=matrix rownames=FALSE colnames=FALSE nrow=70 ncol=2 as.numeric=TRUE >
			5.49571362476109	-4.47862198969644
			5.48716663623113	-4.47007500116648
			5.47861964770118	-4.47007500116648
			5.47007265917122	-4.46152801263653
			5.46152567064127	-4.46152801263653
			5.45297868211131	-4.46152801263653
			5.44443169358136	-4.45298102410657
			5.4358847050514	-4.45298102410657
			5.42733771652145	-4.45298102410657
			5.41879072799149	-4.45298102410657
			5.41024373946154	-4.45298102410657
			5.40169675093158	-4.45298102410657
			5.39314976240163	-4.45298102410657
			5.38460277387167	-4.45298102410657
			5.37605578534172	-4.45298102410657
			5.36750879681176	-4.46152801263653
			5.35896180828181	-4.46152801263653
			5.35041481975185	-4.46152801263653
			5.3418678312219	-4.47007500116648
			5.33332084269194	-4.47007500116648
			5.32477385416199	-4.47862198969644
			5.31622686563203	-4.47862198969644
			5.30767987710208	-4.47862198969644
			5.29913288857212	-4.48716897822639
			5.29058590004217	-4.49571596675635
			5.28203891151221	-4.49571596675635
			5.27349192298226	-4.5042629552863
			5.2649449344523	-4.5042629552863
			5.2649449344523	-4.51280994381626
			5.25639794592235	-4.52135693234621
			5.24785095739239	-4.52135693234621
			5.23930396886244	-4.52990392087617
			5.23075698033248	-4.53845090940612
			5.22220999180252	-4.54699789793608
			5.21366300327257	-4.55554488646603
			5.20511601474262	-4.56409187499599
			5.19656902621266	-4.57263886352594
			5.18802203768271	-4.57263886352594
			5.17947504915275	-4.5811858520559
			5.17092806062279	-4.58973284058585
			5.16238107209284	-4.58973284058585
			5.15383408356289	-4.59827982911581
			5.14528709503293	-4.59827982911581
			5.13674010650297	-4.60682681764576
			5.12819311797302	-4.60682681764576
			5.11964612944306	-4.60682681764576
			5.11109914091311	-4.61537380617572
			5.10255215238316	-4.61537380617572
			5.0940051638532	-4.62392079470567
			5.08545817532324	-4.62392079470567
			5.07691118679329	-4.62392079470567
			5.06836419826333	-4.63246778323563
			5.05981720973338	-4.63246778323563
			5.05127022120342	-4.63246778323563
			5.04272323267347	-4.63246778323563
			5.03417624414351	-4.64101477176558
			5.02562925561356	-4.64101477176558
			5.0170822670836	-4.64101477176558
			5.00853527855365	-4.64101477176558
			4.99998829002369	-4.64101477176558
			4.99144130149374	-4.64101477176558
			4.98289431296378	-4.63246778323563
			4.97434732443383	-4.63246778323563
			4.96580033590387	-4.63246778323563
			4.95725334737392	-4.62392079470567
			4.94870635884396	-4.62392079470567
			4.94015937031401	-4.61537380617572
			4.94015937031401	-4.60682681764576
			4.93161238178405	-4.59827982911581
			4.9230653932541	-4.58973284058585
		</curveLM11>
		<curveLM12 type=matrix rownames=FALSE colnames=FALSE nrow=282 ncol=2 as.numeric=TRUE >
			4.9230653932541	-4.58973284058585
			4.9230653932541	-4.5811858520559
			4.9230653932541	-4.57263886352594
			4.9230653932541	-4.56409187499599
			4.9230653932541	-4.55554488646603
			4.9230653932541	-4.54699789793608
			4.9230653932541	-4.53845090940612
			4.9230653932541	-4.52990392087617
			4.93161238178405	-4.52135693234621
			4.93161238178405	-4.51280994381626
			4.93161238178405	-4.5042629552863
			4.93161238178405	-4.49571596675635
			4.93161238178405	-4.48716897822639
			4.94015937031401	-4.48716897822639
			4.94015937031401	-4.47862198969644
			4.94015937031401	-4.47007500116648
			4.94015937031401	-4.46152801263653
			4.94015937031401	-4.45298102410657
			4.94870635884396	-4.44443403557662
			4.94870635884396	-4.43588704704666
			4.94870635884396	-4.42734005851671
			4.94870635884396	-4.41879306998675
			4.95725334737392	-4.41879306998675
			4.95725334737392	-4.4102460814568
			4.95725334737392	-4.40169909292684
			4.95725334737392	-4.39315210439689
			4.96580033590387	-4.38460511586693
			4.96580033590387	-4.37605812733698
			4.96580033590387	-4.36751113880702
			4.96580033590387	-4.35896415027707
			4.97434732443383	-4.35041716174711
			4.97434732443383	-4.34187017321716
			4.97434732443383	-4.3333231846872
			4.98289431296378	-4.32477619615725
			4.98289431296378	-4.31622920762729
			4.98289431296378	-4.30768221909734
			4.99144130149374	-4.29913523056738
			4.99144130149374	-4.29058824203743
			4.99144130149374	-4.28204125350747
			4.99998829002369	-4.27349426497752
			4.99998829002369	-4.26494727644756
			4.99998829002369	-4.25640028791761
			5.00853527855365	-4.24785329938765
			5.00853527855365	-4.2393063108577
			5.00853527855365	-4.23075932232774
			5.0170822670836	-4.22221233379779
			5.0170822670836	-4.21366534526783
			5.0170822670836	-4.20511835673788
			5.02562925561356	-4.19657136820792
			5.02562925561356	-4.18802437967797
			5.02562925561356	-4.17947739114801
			5.03417624414351	-4.17093040261806
			5.03417624414351	-4.1623834140881
			5.04272323267347	-4.15383642555815
			5.04272323267347	-4.14528943702819
			5.04272323267347	-4.13674244849824
			5.04272323267347	-4.12819545996828
			5.05127022120342	-4.11964847143833
			5.05127022120342	-4.11110148290837
			5.05127022120342	-4.10255449437842
			5.05981720973338	-4.09400750584846
			5.05981720973338	-4.08546051731851
			5.05981720973338	-4.07691352878855
			5.06836419826333	-4.0683665402586
			5.06836419826333	-4.05981955172864
			5.07691118679329	-4.05127256319869
			5.07691118679329	-4.04272557466873
			5.07691118679329	-4.03417858613878
			5.08545817532324	-4.02563159760882
			5.08545817532324	-4.01708460907887
			5.08545817532324	-4.00853762054891
			5.0940051638532	-4.00853762054891
			5.0940051638532	-3.99999063201896
			5.0940051638532	-3.991443643489
			5.10255215238316	-3.98289665495905
			5.10255215238316	-3.97434966642909
			5.10255215238316	-3.96580267789914
			5.11109914091311	-3.95725568936918
			5.11109914091311	-3.94870870083923
			5.11109914091311	-3.94016171230927
			5.11109914091311	-3.93161472377932
			5.11964612944306	-3.93161472377932
			5.11964612944306	-3.92306773524936
			5.11964612944306	-3.9145207467194
			5.12819311797302	-3.90597375818945
			5.12819311797302	-3.8974267696595
			5.12819311797302	-3.88887978112954
			5.13674010650297	-3.88887978112954
			5.13674010650297	-3.88033279259959
			5.13674010650297	-3.87178580406963
			5.14528709503293	-3.86323881553967
			5.14528709503293	-3.85469182700972
			5.14528709503293	-3.84614483847976
			5.14528709503293	-3.83759784994981
			5.15383408356289	-3.82905086141986
			5.15383408356289	-3.8205038728899
			5.15383408356289	-3.81195688435994
			5.15383408356289	-3.80340989582999
			5.15383408356289	-3.79486290730003
			5.16238107209284	-3.79486290730003
			5.16238107209284	-3.78631591877008
			5.16238107209284	-3.77776893024012
			5.16238107209284	-3.76922194171017
			5.17092806062279	-3.76067495318021
			5.17092806062279	-3.75212796465026
			5.17092806062279	-3.7435809761203
			5.17092806062279	-3.73503398759035
			5.17092806062279	-3.72648699906039
			5.17947504915275	-3.71794001053044
			5.17947504915275	-3.70939302200048
			5.17947504915275	-3.70084603347053
			5.17947504915275	-3.69229904494057
			5.18802203768271	-3.69229904494057
			5.18802203768271	-3.68375205641062
			5.18802203768271	-3.67520506788066
			5.18802203768271	-3.66665807935071
			5.18802203768271	-3.65811109082075
			5.19656902621266	-3.6495641022908
			5.19656902621266	-3.64101711376084
			5.19656902621266	-3.63247012523089
			5.19656902621266	-3.62392313670093
			5.20511601474262	-3.61537614817098
			5.20511601474262	-3.60682915964102
			5.20511601474262	-3.59828217111107
			5.21366300327257	-3.58973518258111
			5.21366300327257	-3.58118819405116
			5.21366300327257	-3.5726412055212
			5.21366300327257	-3.56409421699125
			5.22220999180252	-3.55554722846129
			5.22220999180252	-3.54700023993134
			5.22220999180252	-3.53845325140138
			5.22220999180252	-3.52990626287143
			5.23075698033248	-3.52135927434147
			5.23075698033248	-3.51281228581152
			5.23075698033248	-3.50426529728156
			5.23075698033248	-3.49571830875161
			5.23075698033248	-3.48717132022165
			5.23930396886244	-3.4786243316917
			5.23930396886244	-3.47007734316174
			5.24785095739239	-3.46153035463179
			5.24785095739239	-3.45298336610183
			5.24785095739239	-3.44443637757188
			5.24785095739239	-3.43588938904192
			5.24785095739239	-3.42734240051197
			5.25639794592235	-3.42734240051197
			5.25639794592235	-3.41879541198201
			5.25639794592235	-3.41024842345206
			5.25639794592235	-3.4017014349221
			5.2649449344523	-3.39315444639215
			5.2649449344523	-3.38460745786219
			5.2649449344523	-3.37606046933224
			5.2649449344523	-3.36751348080228
			5.27349192298226	-3.35896649227233
			5.27349192298226	-3.35041950374237
			5.27349192298226	-3.34187251521242
			5.28203891151221	-3.33332552668246
			5.28203891151221	-3.32477853815251
			5.28203891151221	-3.31623154962255
			5.29058590004217	-3.3076845610926
			5.29058590004217	-3.29913757256264
			5.29058590004217	-3.29059058403269
			5.29913288857212	-3.28204359550273
			5.29913288857212	-3.27349660697278
			5.29913288857212	-3.26494961844282
			5.30767987710208	-3.25640262991287
			5.30767987710208	-3.24785564138291
			5.30767987710208	-3.23930865285296
			5.30767987710208	-3.230761664323
			5.31622686563203	-3.22221467579305
			5.31622686563203	-3.21366768726309
			5.31622686563203	-3.20512069873314
			5.32477385416199	-3.19657371020318
			5.32477385416199	-3.18802672167323
			5.33332084269194	-3.17947973314327
			5.33332084269194	-3.17093274461332
			5.33332084269194	-3.16238575608336
			5.33332084269194	-3.15383876755341
			5.3418678312219	-3.14529177902345
			5.3418678312219	-3.1367447904935
			5.3418678312219	-3.12819780196354
			5.35041481975185	-3.12819780196354
			5.35041481975185	-3.11965081343359
			5.35041481975185	-3.11110382490363
			5.35041481975185	-3.10255683637368
			5.35896180828181	-3.09400984784372
			5.35896180828181	-3.08546285931377
			5.36750879681176	-3.07691587078381
			5.36750879681176	-3.06836888225386
			5.36750879681176	-3.0598218937239
			5.37605578534172	-3.05127490519395
			5.37605578534172	-3.04272791666399
			5.37605578534172	-3.03418092813404
			5.38460277387167	-3.02563393960408
			5.38460277387167	-3.01708695107413
			5.38460277387167	-3.00853996254417
			5.39314976240163	-2.99999297401422
			5.39314976240163	-2.99144598548426
			5.39314976240163	-2.98289899695431
			5.40169675093158	-2.97435200842435
			5.40169675093158	-2.9658050198944
			5.41024373946154	-2.95725803136444
			5.41024373946154	-2.94871104283449
			5.41024373946154	-2.94016405430453
			5.41879072799149	-2.93161706577458
			5.41879072799149	-2.92307007724462
			5.42733771652145	-2.91452308871467
			5.42733771652145	-2.90597610018471
			5.42733771652145	-2.89742911165476
			5.4358847050514	-2.89742911165476
			5.4358847050514	-2.8888821231248
			5.4358847050514	-2.88033513459485
			5.44443169358136	-2.87178814606489
			5.44443169358136	-2.86324115753494
			5.45297868211131	-2.85469416900498
			5.45297868211131	-2.84614718047503
			5.45297868211131	-2.83760019194507
			5.46152567064127	-2.82905320341512
			5.46152567064127	-2.82050621488516
			5.47007265917122	-2.81195922635521
			5.47007265917122	-2.80341223782525
			5.47007265917122	-2.7948652492953
			5.47861964770118	-2.78631826076534
			5.47861964770118	-2.77777127223539
			5.48716663623113	-2.76922428370543
			5.48716663623113	-2.76067729517548
			5.49571362476109	-2.75213030664552
			5.49571362476109	-2.74358331811557
			5.50426061329104	-2.73503632958561
			5.50426061329104	-2.72648934105566
			5.50426061329104	-2.7179423525257
			5.512807601821	-2.7179423525257
			5.512807601821	-2.70939536399575
			5.512807601821	-2.70084837546579
			5.52135459035095	-2.70084837546579
			5.52135459035095	-2.69230138693584
			5.52135459035095	-2.68375439840588
			5.52990157888091	-2.67520740987593
			5.53844856741086	-2.66666042134597
			5.53844856741086	-2.65811343281602
			5.54699555594082	-2.64956644428606
			5.54699555594082	-2.64101945575611
			5.55554254447077	-2.64101945575611
			5.55554254447077	-2.63247246722615
			5.56408953300073	-2.62392547869619
			5.56408953300073	-2.61537849016624
			5.57263652153068	-2.60683150163629
			5.57263652153068	-2.59828451310633
			5.58118351006064	-2.58973752457638
			5.58118351006064	-2.58119053604642
			5.58973049859059	-2.57264354751646
			5.59827748712055	-2.56409655898651
			5.6068244756505	-2.55554957045655
			5.6068244756505	-2.5470025819266
			5.61537146418046	-2.53845559339665
			5.61537146418046	-2.52990860486669
			5.62391845271041	-2.52136161633673
			5.62391845271041	-2.51281462780678
			5.63246544124037	-2.50426763927682
			5.63246544124037	-2.49572065074687
			5.64101242977032	-2.49572065074687
			5.64101242977032	-2.48717366221691
			5.64955941830028	-2.47862667368696
			5.64955941830028	-2.470079685157
			5.65810640683023	-2.470079685157
			5.65810640683023	-2.46153269662705
			5.66665339536019	-2.45298570809709
			5.66665339536019	-2.44443871956714
			5.67520038389014	-2.44443871956714
			5.67520038389014	-2.43589173103718
			5.6837473724201	-2.42734474250723
			5.69229436095005	-2.41879775397727
			5.69229436095005	-2.41025076544732
			5.70084134948001	-2.40170377691736
			5.70938833800996	-2.39315678838741
			5.71793532653992	-2.38460979985745
			5.72648231506987	-2.3760628113275
			5.73502930359983	-2.36751582279754
			5.74357629212978	-2.35896883426759
			5.75212328065974	-2.35042184573763
			5.76067026918969	-2.34187485720768
			5.76921725771965	-2.34187485720768
			5.7777642462496	-2.34187485720768
		</curveLM12>
	</curves.scaled>
	<ruler.points type=matrix rownames=TRUE colnames=FALSE nrow=5 ncol=2 as.numeric=TRUE >
		Ruler point 1	210	815
		Ruler point 2	327	815
		Ruler point 3	444	815
		Ruler point 4	562	814
		Ruler point 5	678	814
	</ruler.points>
</shapes>

