<shapes type=list>
	<ruler.pixel type=vector names=FALSE length=1 as.numeric=TRUE >117.499997877156</ruler.pixel>
	<ruler.interval type=vector names=FALSE length=1 as.numeric=TRUE >1</ruler.interval>
	<scaling.units type=vector names=FALSE length=1 as.numeric=FALSE >cm</scaling.units>
	<scaling type=vector names=FALSE length=1 as.numeric=TRUE >0.008510638451632</scaling>
	<landmarks.pixel type=matrix rownames=TRUE colnames=FALSE nrow=6 ncol=2 as.numeric=TRUE >
		LM01	684	392
		LM02	746	554
		LM03	710	545
		LM04	682	597
		LM05	657	544
		LM06	621	549
	</landmarks.pixel>
	<landmarks.scaled type=matrix rownames=TRUE colnames=FALSE nrow=6 ncol=2 as.numeric=TRUE >
		LM01	5.82127670091629	-3.33617027303975
		LM02	6.34893628491747	-4.71489370220413
		LM03	6.04255330065872	-4.63829795613944
		LM04	5.80425542401303	-5.08085115562431
		LM05	5.59148946272223	-4.62978731768781
		LM06	5.28510647846347	-4.67234050994597
	</landmarks.scaled>
	<curves.control type=list>
		<curveLM07 type=matrix rownames=FALSE colnames=FALSE nrow=7 ncol=2 as.numeric=TRUE >
			684	392
			700	421
			718	457
			733	496
			743	524
			751	550
			746	554
		</curveLM07>
		<curveLM08 type=matrix rownames=FALSE colnames=FALSE nrow=5 ncol=2 as.numeric=TRUE >
			746	554
			743	559
			725	546
			716	542
			710	545
		</curveLM08>
		<curveLM09 type=matrix rownames=FALSE colnames=FALSE nrow=7 ncol=2 as.numeric=TRUE >
			710	545
			703	545
			704	566
			699	589
			691	591
			686	594
			682	597
		</curveLM09>
		<curveLM10 type=matrix rownames=FALSE colnames=FALSE nrow=5 ncol=2 as.numeric=TRUE >
			682	597
			671	594
			665	567
			661	549
			657	544
		</curveLM10>
		<curveLM11 type=matrix rownames=FALSE colnames=FALSE nrow=5 ncol=2 as.numeric=TRUE >
			657	544
			650	538
			630	548
			625	550
			621	549
		</curveLM11>
		<curveLM12 type=matrix rownames=FALSE colnames=FALSE nrow=7 ncol=2 as.numeric=TRUE >
			621	549
			616	543
			634	501
			650	462
			673	409
			680	391
			684	392
		</curveLM12>
	</curves.control>
	<curves.pixel type=list>
		<curveLM07 type=matrix rownames=FALSE colnames=FALSE nrow=174 ncol=2 as.numeric=TRUE >
			684	392
			685	393
			685	394
			686	395
			686	396
			687	397
			687	398
			688	399
			688	400
			689	401
			690	402
			690	403
			691	404
			691	405
			692	406
			692	407
			693	408
			693	409
			694	410
			694	411
			695	412
			695	413
			696	414
			696	415
			697	416
			697	417
			698	417
			698	418
			699	419
			699	420
			699	421
			700	421
			700	422
			701	423
			701	424
			701	425
			702	425
			702	426
			703	427
			703	428
			704	429
			704	430
			705	431
			705	432
			706	433
			706	434
			707	435
			707	436
			708	437
			708	438
			709	439
			710	440
			710	441
			711	442
			711	443
			712	444
			712	445
			713	446
			713	447
			714	448
			714	449
			715	450
			715	451
			715	452
			716	452
			716	453
			716	454
			717	454
			717	455
			717	456
			718	456
			718	457
			718	458
			719	459
			719	460
			719	461
			720	461
			720	462
			720	463
			721	464
			721	465
			722	466
			722	467
			722	468
			723	469
			723	470
			723	471
			724	472
			724	473
			724	474
			725	475
			725	476
			725	477
			726	478
			727	479
			727	480
			727	481
			727	482
			728	482
			728	483
			728	484
			729	485
			729	486
			730	487
			730	488
			730	489
			730	490
			731	490
			731	491
			731	492
			732	493
			732	494
			732	495
			733	496
			733	497
			733	498
			734	499
			734	500
			735	501
			735	502
			735	503
			736	504
			736	505
			737	506
			737	507
			737	508
			738	509
			738	510
			738	511
			739	512
			739	513
			739	514
			740	515
			740	516
			740	517
			741	518
			741	519
			741	520
			742	521
			742	522
			743	523
			743	524
			743	525
			744	526
			744	527
			744	528
			745	529
			745	530
			745	531
			745	532
			745	533
			746	533
			746	534
			746	535
			746	536
			746	537
			747	537
			747	538
			747	539
			747	540
			747	541
			747	542
			748	543
			748	544
			748	545
			748	546
			748	547
			748	548
			748	549
			748	550
			748	551
			747	552
			747	553
			746	554
		</curveLM07>
		<curveLM08 type=matrix rownames=FALSE colnames=FALSE nrow=39 ncol=2 as.numeric=TRUE >
			746	554
			745	555
			744	555
			743	555
			742	555
			741	555
			740	555
			739	554
			738	554
			737	554
			736	553
			735	553
			734	552
			733	552
			732	551
			731	550
			730	549
			729	549
			728	548
			727	547
			726	547
			725	546
			724	546
			724	545
			723	545
			722	545
			721	545
			721	544
			720	544
			719	544
			718	544
			717	544
			716	544
			715	544
			714	544
			713	544
			712	544
			711	544
			710	545
		</curveLM08>
		<curveLM09 type=matrix rownames=FALSE colnames=FALSE nrow=62 ncol=2 as.numeric=TRUE >
			710	545
			709	545
			708	545
			707	546
			706	547
			706	548
			705	549
			705	550
			705	551
			705	552
			704	553
			704	554
			704	555
			704	556
			704	557
			704	558
			704	559
			704	560
			704	561
			704	562
			704	563
			704	564
			704	565
			704	566
			704	567
			703	568
			703	569
			703	570
			703	571
			702	572
			702	573
			702	574
			702	575
			701	576
			701	577
			701	578
			701	579
			700	579
			700	580
			700	581
			699	582
			699	583
			698	584
			697	585
			697	586
			696	587
			695	588
			695	589
			694	589
			693	590
			692	591
			691	591
			690	591
			690	592
			689	592
			688	593
			687	594
			686	594
			685	595
			684	596
			683	596
			682	597
		</curveLM09>
		<curveLM10 type=matrix rownames=FALSE colnames=FALSE nrow=58 ncol=2 as.numeric=TRUE >
			682	597
			681	597
			681	596
			680	596
			679	596
			678	595
			677	594
			676	593
			675	592
			674	591
			673	590
			673	589
			672	588
			672	587
			671	586
			671	585
			670	584
			670	583
			669	582
			669	581
			669	580
			668	579
			668	578
			668	577
			667	576
			667	575
			667	574
			667	573
			666	572
			666	571
			666	570
			665	569
			665	568
			665	567
			665	566
			665	565
			664	565
			664	564
			664	563
			664	562
			663	561
			663	560
			663	559
			663	558
			663	557
			662	556
			662	555
			662	554
			661	553
			661	552
			660	551
			660	550
			660	549
			659	548
			659	547
			658	546
			658	545
			657	544
		</curveLM10>
		<curveLM11 type=matrix rownames=FALSE colnames=FALSE nrow=39 ncol=2 as.numeric=TRUE >
			657	544
			656	543
			655	543
			654	542
			653	542
			652	542
			651	542
			650	542
			649	542
			648	542
			647	542
			646	542
			645	542
			644	542
			644	543
			643	543
			642	543
			641	544
			640	544
			639	544
			638	544
			638	545
			637	545
			636	545
			635	546
			634	546
			633	546
			632	547
			631	547
			630	548
			629	548
			628	549
			627	549
			626	549
			625	549
			624	549
			623	549
			622	549
			621	549
		</curveLM11>
		<curveLM12 type=matrix rownames=FALSE colnames=FALSE nrow=167 ncol=2 as.numeric=TRUE >
			621	549
			620	548
			620	547
			620	546
			620	545
			620	544
			620	543
			620	542
			620	541
			620	540
			620	539
			621	538
			621	537
			621	536
			621	535
			622	534
			622	533
			622	532
			623	531
			623	530
			623	529
			624	528
			624	527
			624	526
			625	525
			625	524
			625	523
			626	522
			626	521
			626	520
			627	519
			627	518
			628	517
			628	516
			628	515
			629	514
			629	513
			629	512
			630	511
			630	510
			630	509
			631	509
			631	508
			632	507
			632	506
			632	505
			633	504
			633	503
			633	502
			634	501
			634	500
			635	500
			635	499
			635	498
			636	497
			636	496
			636	495
			637	494
			637	493
			638	492
			638	491
			639	490
			639	489
			639	488
			640	487
			640	486
			641	485
			641	484
			641	483
			642	483
			642	482
			642	481
			643	480
			643	479
			643	478
			644	478
			644	477
			644	476
			645	475
			645	474
			645	473
			646	473
			646	472
			647	471
			647	470
			647	469
			648	468
			648	467
			648	466
			649	466
			649	465
			649	464
			650	463
			650	462
			651	461
			651	460
			651	459
			652	459
			652	458
			653	457
			653	456
			653	455
			654	454
			654	453
			654	452
			655	451
			655	450
			656	449
			656	448
			657	447
			657	446
			658	445
			658	444
			658	443
			659	442
			659	441
			660	440
			660	439
			660	438
			661	437
			661	436
			662	435
			662	434
			663	433
			663	432
			664	431
			664	430
			664	429
			665	428
			665	427
			666	426
			666	425
			667	424
			667	423
			668	422
			668	421
			668	420
			669	419
			669	418
			670	417
			670	416
			670	415
			671	414
			671	413
			672	412
			672	411
			673	410
			673	409
			673	408
			674	407
			674	406
			675	405
			675	404
			676	403
			676	402
			676	401
			677	400
			677	399
			678	398
			679	397
			679	396
			680	395
			681	394
			681	393
			682	392
			683	392
			684	392
		</curveLM12>
	</curves.pixel>
	<curves.scaled type=list>
		<curveLM07 type=matrix rownames=FALSE colnames=FALSE nrow=174 ncol=2 as.numeric=TRUE >
			5.82127670091629	-3.33617027303975
			5.82978733936792	-3.34468091149138
			5.82978733936792	-3.35319154994301
			5.83829797781955	-3.36170218839464
			5.83829797781955	-3.37021282684627
			5.84680861627119	-3.37872346529791
			5.84680861627119	-3.38723410374954
			5.85531925472282	-3.39574474220117
			5.85531925472282	-3.4042553806528
			5.86382989317445	-3.41276601910443
			5.87234053162608	-3.42127665755607
			5.87234053162608	-3.4297872960077
			5.88085117007771	-3.43829793445933
			5.88085117007771	-3.44680857291096
			5.88936180852935	-3.45531921136259
			5.88936180852935	-3.46382984981423
			5.89787244698098	-3.47234048826586
			5.89787244698098	-3.48085112671749
			5.90638308543261	-3.48936176516912
			5.90638308543261	-3.49787240362075
			5.91489372388424	-3.50638304207239
			5.91489372388424	-3.51489368052402
			5.92340436233587	-3.52340431897565
			5.92340436233587	-3.53191495742728
			5.93191500078751	-3.54042559587891
			5.93191500078751	-3.54893623433055
			5.94042563923914	-3.54893623433055
			5.94042563923914	-3.55744687278218
			5.94893627769077	-3.56595751123381
			5.94893627769077	-3.57446814968544
			5.94893627769077	-3.58297878813707
			5.9574469161424	-3.58297878813707
			5.9574469161424	-3.59148942658871
			5.96595755459403	-3.60000006504034
			5.96595755459403	-3.60851070349197
			5.96595755459403	-3.6170213419436
			5.97446819304567	-3.6170213419436
			5.97446819304567	-3.62553198039523
			5.9829788314973	-3.63404261884687
			5.9829788314973	-3.6425532572985
			5.99148946994893	-3.65106389575013
			5.99148946994893	-3.65957453420176
			6.00000010840056	-3.66808517265339
			6.00000010840056	-3.67659581110503
			6.00851074685219	-3.68510644955666
			6.00851074685219	-3.69361708800829
			6.01702138530383	-3.70212772645992
			6.01702138530383	-3.71063836491155
			6.02553202375546	-3.71914900336319
			6.02553202375546	-3.72765964181482
			6.03404266220709	-3.73617028026645
			6.04255330065872	-3.74468091871808
			6.04255330065872	-3.75319155716971
			6.05106393911035	-3.76170219562135
			6.05106393911035	-3.77021283407298
			6.05957457756199	-3.77872347252461
			6.05957457756199	-3.78723411097624
			6.06808521601362	-3.79574474942787
			6.06808521601362	-3.80425538787951
			6.07659585446525	-3.81276602633114
			6.07659585446525	-3.82127666478277
			6.08510649291688	-3.8297873032344
			6.08510649291688	-3.83829794168603
			6.08510649291688	-3.84680858013767
			6.09361713136851	-3.84680858013767
			6.09361713136851	-3.8553192185893
			6.09361713136851	-3.86382985704093
			6.10212776982015	-3.86382985704093
			6.10212776982015	-3.87234049549256
			6.10212776982015	-3.88085113394419
			6.11063840827178	-3.88085113394419
			6.11063840827178	-3.88936177239583
			6.11063840827178	-3.89787241084746
			6.11914904672341	-3.90638304929909
			6.11914904672341	-3.91489368775072
			6.11914904672341	-3.92340432620235
			6.12765968517504	-3.92340432620235
			6.12765968517504	-3.93191496465399
			6.12765968517504	-3.94042560310562
			6.13617032362667	-3.94893624155725
			6.13617032362667	-3.95744688000888
			6.14468096207831	-3.96595751846051
			6.14468096207831	-3.97446815691215
			6.14468096207831	-3.98297879536378
			6.15319160052994	-3.99148943381541
			6.15319160052994	-4.00000007226704
			6.15319160052994	-4.00851071071867
			6.16170223898157	-4.01702134917031
			6.16170223898157	-4.02553198762194
			6.16170223898157	-4.03404262607357
			6.1702128774332	-4.0425532645252
			6.1702128774332	-4.05106390297683
			6.1702128774332	-4.05957454142847
			6.17872351588483	-4.0680851798801
			6.18723415433647	-4.07659581833173
			6.18723415433647	-4.08510645678336
			6.18723415433647	-4.09361709523499
			6.18723415433647	-4.10212773368663
			6.1957447927881	-4.10212773368663
			6.1957447927881	-4.11063837213826
			6.1957447927881	-4.11914901058989
			6.20425543123973	-4.12765964904152
			6.20425543123973	-4.13617028749315
			6.21276606969136	-4.14468092594479
			6.21276606969136	-4.15319156439642
			6.21276606969136	-4.16170220284805
			6.21276606969136	-4.17021284129968
			6.22127670814299	-4.17021284129968
			6.22127670814299	-4.17872347975131
			6.22127670814299	-4.18723411820295
			6.22978734659463	-4.19574475665458
			6.22978734659463	-4.20425539510621
			6.22978734659463	-4.21276603355784
			6.23829798504626	-4.22127667200947
			6.23829798504626	-4.22978731046111
			6.23829798504626	-4.23829794891274
			6.24680862349789	-4.24680858736437
			6.24680862349789	-4.255319225816
			6.25531926194952	-4.26382986426763
			6.25531926194952	-4.27234050271927
			6.25531926194952	-4.2808511411709
			6.26382990040115	-4.28936177962253
			6.26382990040115	-4.29787241807416
			6.27234053885279	-4.30638305652579
			6.27234053885279	-4.31489369497743
			6.27234053885279	-4.32340433342906
			6.28085117730442	-4.33191497188069
			6.28085117730442	-4.34042561033232
			6.28085117730442	-4.34893624878395
			6.28936181575605	-4.35744688723559
			6.28936181575605	-4.36595752568722
			6.28936181575605	-4.37446816413885
			6.29787245420768	-4.38297880259048
			6.29787245420768	-4.39148944104211
			6.29787245420768	-4.40000007949375
			6.30638309265931	-4.40851071794538
			6.30638309265931	-4.41702135639701
			6.30638309265931	-4.42553199484864
			6.31489373111095	-4.43404263330027
			6.31489373111095	-4.44255327175191
			6.32340436956258	-4.45106391020354
			6.32340436956258	-4.45957454865517
			6.32340436956258	-4.4680851871068
			6.33191500801421	-4.47659582555843
			6.33191500801421	-4.48510646401007
			6.33191500801421	-4.4936171024617
			6.34042564646584	-4.50212774091333
			6.34042564646584	-4.51063837936496
			6.34042564646584	-4.51914901781659
			6.34042564646584	-4.52765965626823
			6.34042564646584	-4.53617029471986
			6.34893628491747	-4.53617029471986
			6.34893628491747	-4.54468093317149
			6.34893628491747	-4.55319157162312
			6.34893628491747	-4.56170221007475
			6.34893628491747	-4.57021284852639
			6.35744692336911	-4.57021284852639
			6.35744692336911	-4.57872348697802
			6.35744692336911	-4.58723412542965
			6.35744692336911	-4.59574476388128
			6.35744692336911	-4.60425540233291
			6.35744692336911	-4.61276604078455
			6.36595756182074	-4.62127667923618
			6.36595756182074	-4.62978731768781
			6.36595756182074	-4.63829795613944
			6.36595756182074	-4.64680859459107
			6.36595756182074	-4.65531923304271
			6.36595756182074	-4.66382987149434
			6.36595756182074	-4.67234050994597
			6.36595756182074	-4.6808511483976
			6.36595756182074	-4.68936178684923
			6.35744692336911	-4.69787242530087
			6.35744692336911	-4.7063830637525
			6.34893628491747	-4.71489370220413
		</curveLM07>
		<curveLM08 type=matrix rownames=FALSE colnames=FALSE nrow=39 ncol=2 as.numeric=TRUE >
			6.34893628491747	-4.71489370220413
			6.34042564646584	-4.72340434065576
			6.33191500801421	-4.72340434065576
			6.32340436956258	-4.72340434065576
			6.31489373111095	-4.72340434065576
			6.30638309265931	-4.72340434065576
			6.29787245420768	-4.72340434065576
			6.28936181575605	-4.71489370220413
			6.28085117730442	-4.71489370220413
			6.27234053885279	-4.71489370220413
			6.26382990040115	-4.7063830637525
			6.25531926194952	-4.7063830637525
			6.24680862349789	-4.69787242530087
			6.23829798504626	-4.69787242530087
			6.22978734659463	-4.68936178684923
			6.22127670814299	-4.6808511483976
			6.21276606969136	-4.67234050994597
			6.20425543123973	-4.67234050994597
			6.1957447927881	-4.66382987149434
			6.18723415433647	-4.65531923304271
			6.17872351588483	-4.65531923304271
			6.1702128774332	-4.64680859459107
			6.16170223898157	-4.64680859459107
			6.16170223898157	-4.63829795613944
			6.15319160052994	-4.63829795613944
			6.14468096207831	-4.63829795613944
			6.13617032362667	-4.63829795613944
			6.13617032362667	-4.62978731768781
			6.12765968517504	-4.62978731768781
			6.11914904672341	-4.62978731768781
			6.11063840827178	-4.62978731768781
			6.10212776982015	-4.62978731768781
			6.09361713136851	-4.62978731768781
			6.08510649291688	-4.62978731768781
			6.07659585446525	-4.62978731768781
			6.06808521601362	-4.62978731768781
			6.05957457756199	-4.62978731768781
			6.05106393911035	-4.62978731768781
			6.04255330065872	-4.63829795613944
		</curveLM08>
		<curveLM09 type=matrix rownames=FALSE colnames=FALSE nrow=62 ncol=2 as.numeric=TRUE >
			6.04255330065872	-4.63829795613944
			6.03404266220709	-4.63829795613944
			6.02553202375546	-4.63829795613944
			6.01702138530383	-4.64680859459107
			6.00851074685219	-4.65531923304271
			6.00851074685219	-4.66382987149434
			6.00000010840056	-4.67234050994597
			6.00000010840056	-4.6808511483976
			6.00000010840056	-4.68936178684923
			6.00000010840056	-4.69787242530087
			5.99148946994893	-4.7063830637525
			5.99148946994893	-4.71489370220413
			5.99148946994893	-4.72340434065576
			5.99148946994893	-4.73191497910739
			5.99148946994893	-4.74042561755903
			5.99148946994893	-4.74893625601066
			5.99148946994893	-4.75744689446229
			5.99148946994893	-4.76595753291392
			5.99148946994893	-4.77446817136555
			5.99148946994893	-4.78297880981719
			5.99148946994893	-4.79148944826882
			5.99148946994893	-4.80000008672045
			5.99148946994893	-4.80851072517208
			5.99148946994893	-4.81702136362371
			5.99148946994893	-4.82553200207535
			5.9829788314973	-4.83404264052698
			5.9829788314973	-4.84255327897861
			5.9829788314973	-4.85106391743024
			5.9829788314973	-4.85957455588187
			5.97446819304567	-4.86808519433351
			5.97446819304567	-4.87659583278514
			5.97446819304567	-4.88510647123677
			5.97446819304567	-4.8936171096884
			5.96595755459403	-4.90212774814003
			5.96595755459403	-4.91063838659167
			5.96595755459403	-4.9191490250433
			5.96595755459403	-4.92765966349493
			5.9574469161424	-4.92765966349493
			5.9574469161424	-4.93617030194656
			5.9574469161424	-4.94468094039819
			5.94893627769077	-4.95319157884983
			5.94893627769077	-4.96170221730146
			5.94042563923914	-4.97021285575309
			5.93191500078751	-4.97872349420472
			5.93191500078751	-4.98723413265635
			5.92340436233587	-4.99574477110799
			5.91489372388424	-5.00425540955962
			5.91489372388424	-5.01276604801125
			5.90638308543261	-5.01276604801125
			5.89787244698098	-5.02127668646288
			5.88936180852935	-5.02978732491451
			5.88085117007771	-5.02978732491451
			5.87234053162608	-5.02978732491451
			5.87234053162608	-5.03829796336615
			5.86382989317445	-5.03829796336615
			5.85531925472282	-5.04680860181778
			5.84680861627119	-5.05531924026941
			5.83829797781955	-5.05531924026941
			5.82978733936792	-5.06382987872104
			5.82127670091629	-5.07234051717267
			5.81276606246466	-5.07234051717267
			5.80425542401303	-5.08085115562431
		</curveLM09>
		<curveLM10 type=matrix rownames=FALSE colnames=FALSE nrow=58 ncol=2 as.numeric=TRUE >
			5.80425542401303	-5.08085115562431
			5.79574478556139	-5.08085115562431
			5.79574478556139	-5.07234051717267
			5.78723414710976	-5.07234051717267
			5.77872350865813	-5.07234051717267
			5.7702128702065	-5.06382987872104
			5.76170223175487	-5.05531924026941
			5.75319159330323	-5.04680860181778
			5.7446809548516	-5.03829796336615
			5.73617031639997	-5.02978732491451
			5.72765967794834	-5.02127668646288
			5.72765967794834	-5.01276604801125
			5.71914903949671	-5.00425540955962
			5.71914903949671	-4.99574477110799
			5.71063840104507	-4.98723413265635
			5.71063840104507	-4.97872349420472
			5.70212776259344	-4.97021285575309
			5.70212776259344	-4.96170221730146
			5.69361712414181	-4.95319157884983
			5.69361712414181	-4.94468094039819
			5.69361712414181	-4.93617030194656
			5.68510648569018	-4.92765966349493
			5.68510648569018	-4.9191490250433
			5.68510648569018	-4.91063838659167
			5.67659584723855	-4.90212774814003
			5.67659584723855	-4.8936171096884
			5.67659584723855	-4.88510647123677
			5.67659584723855	-4.87659583278514
			5.66808520878691	-4.86808519433351
			5.66808520878691	-4.85957455588187
			5.66808520878691	-4.85106391743024
			5.65957457033528	-4.84255327897861
			5.65957457033528	-4.83404264052698
			5.65957457033528	-4.82553200207535
			5.65957457033528	-4.81702136362371
			5.65957457033528	-4.80851072517208
			5.65106393188365	-4.80851072517208
			5.65106393188365	-4.80000008672045
			5.65106393188365	-4.79148944826882
			5.65106393188365	-4.78297880981719
			5.64255329343202	-4.77446817136555
			5.64255329343202	-4.76595753291392
			5.64255329343202	-4.75744689446229
			5.64255329343202	-4.74893625601066
			5.64255329343202	-4.74042561755903
			5.63404265498039	-4.73191497910739
			5.63404265498039	-4.72340434065576
			5.63404265498039	-4.71489370220413
			5.62553201652875	-4.7063830637525
			5.62553201652875	-4.69787242530087
			5.61702137807712	-4.68936178684923
			5.61702137807712	-4.6808511483976
			5.61702137807712	-4.67234050994597
			5.60851073962549	-4.66382987149434
			5.60851073962549	-4.65531923304271
			5.60000010117386	-4.64680859459107
			5.60000010117386	-4.63829795613944
			5.59148946272223	-4.62978731768781
		</curveLM10>
		<curveLM11 type=matrix rownames=FALSE colnames=FALSE nrow=39 ncol=2 as.numeric=TRUE >
			5.59148946272223	-4.62978731768781
			5.58297882427059	-4.62127667923618
			5.57446818581896	-4.62127667923618
			5.56595754736733	-4.61276604078455
			5.5574469089157	-4.61276604078455
			5.54893627046407	-4.61276604078455
			5.54042563201243	-4.61276604078455
			5.5319149935608	-4.61276604078455
			5.52340435510917	-4.61276604078455
			5.51489371665754	-4.61276604078455
			5.50638307820591	-4.61276604078455
			5.49787243975427	-4.61276604078455
			5.48936180130264	-4.61276604078455
			5.48085116285101	-4.61276604078455
			5.48085116285101	-4.62127667923618
			5.47234052439938	-4.62127667923618
			5.46382988594775	-4.62127667923618
			5.45531924749611	-4.62978731768781
			5.44680860904448	-4.62978731768781
			5.43829797059285	-4.62978731768781
			5.42978733214122	-4.62978731768781
			5.42978733214122	-4.63829795613944
			5.42127669368959	-4.63829795613944
			5.41276605523795	-4.63829795613944
			5.40425541678632	-4.64680859459107
			5.39574477833469	-4.64680859459107
			5.38723413988306	-4.64680859459107
			5.37872350143143	-4.65531923304271
			5.37021286297979	-4.65531923304271
			5.36170222452816	-4.66382987149434
			5.35319158607653	-4.66382987149434
			5.3446809476249	-4.67234050994597
			5.33617030917327	-4.67234050994597
			5.32765967072163	-4.67234050994597
			5.31914903227	-4.67234050994597
			5.31063839381837	-4.67234050994597
			5.30212775536674	-4.67234050994597
			5.29361711691511	-4.67234050994597
			5.28510647846347	-4.67234050994597
		</curveLM11>
		<curveLM12 type=matrix rownames=FALSE colnames=FALSE nrow=167 ncol=2 as.numeric=TRUE >
			5.28510647846347	-4.67234050994597
			5.27659584001184	-4.66382987149434
			5.27659584001184	-4.65531923304271
			5.27659584001184	-4.64680859459107
			5.27659584001184	-4.63829795613944
			5.27659584001184	-4.62978731768781
			5.27659584001184	-4.62127667923618
			5.27659584001184	-4.61276604078455
			5.27659584001184	-4.60425540233291
			5.27659584001184	-4.59574476388128
			5.27659584001184	-4.58723412542965
			5.28510647846347	-4.57872348697802
			5.28510647846347	-4.57021284852639
			5.28510647846347	-4.56170221007475
			5.28510647846347	-4.55319157162312
			5.29361711691511	-4.54468093317149
			5.29361711691511	-4.53617029471986
			5.29361711691511	-4.52765965626823
			5.30212775536674	-4.51914901781659
			5.30212775536674	-4.51063837936496
			5.30212775536674	-4.50212774091333
			5.31063839381837	-4.4936171024617
			5.31063839381837	-4.48510646401007
			5.31063839381837	-4.47659582555843
			5.31914903227	-4.4680851871068
			5.31914903227	-4.45957454865517
			5.31914903227	-4.45106391020354
			5.32765967072163	-4.44255327175191
			5.32765967072163	-4.43404263330027
			5.32765967072163	-4.42553199484864
			5.33617030917327	-4.41702135639701
			5.33617030917327	-4.40851071794538
			5.3446809476249	-4.40000007949375
			5.3446809476249	-4.39148944104211
			5.3446809476249	-4.38297880259048
			5.35319158607653	-4.37446816413885
			5.35319158607653	-4.36595752568722
			5.35319158607653	-4.35744688723559
			5.36170222452816	-4.34893624878395
			5.36170222452816	-4.34042561033232
			5.36170222452816	-4.33191497188069
			5.37021286297979	-4.33191497188069
			5.37021286297979	-4.32340433342906
			5.37872350143143	-4.31489369497743
			5.37872350143143	-4.30638305652579
			5.37872350143143	-4.29787241807416
			5.38723413988306	-4.28936177962253
			5.38723413988306	-4.2808511411709
			5.38723413988306	-4.27234050271927
			5.39574477833469	-4.26382986426763
			5.39574477833469	-4.255319225816
			5.40425541678632	-4.255319225816
			5.40425541678632	-4.24680858736437
			5.40425541678632	-4.23829794891274
			5.41276605523795	-4.22978731046111
			5.41276605523795	-4.22127667200947
			5.41276605523795	-4.21276603355784
			5.42127669368959	-4.20425539510621
			5.42127669368959	-4.19574475665458
			5.42978733214122	-4.18723411820295
			5.42978733214122	-4.17872347975131
			5.43829797059285	-4.17021284129968
			5.43829797059285	-4.16170220284805
			5.43829797059285	-4.15319156439642
			5.44680860904448	-4.14468092594479
			5.44680860904448	-4.13617028749315
			5.45531924749611	-4.12765964904152
			5.45531924749611	-4.11914901058989
			5.45531924749611	-4.11063837213826
			5.46382988594775	-4.11063837213826
			5.46382988594775	-4.10212773368663
			5.46382988594775	-4.09361709523499
			5.47234052439938	-4.08510645678336
			5.47234052439938	-4.07659581833173
			5.47234052439938	-4.0680851798801
			5.48085116285101	-4.0680851798801
			5.48085116285101	-4.05957454142847
			5.48085116285101	-4.05106390297683
			5.48936180130264	-4.0425532645252
			5.48936180130264	-4.03404262607357
			5.48936180130264	-4.02553198762194
			5.49787243975427	-4.02553198762194
			5.49787243975427	-4.01702134917031
			5.50638307820591	-4.00851071071867
			5.50638307820591	-4.00000007226704
			5.50638307820591	-3.99148943381541
			5.51489371665754	-3.98297879536378
			5.51489371665754	-3.97446815691215
			5.51489371665754	-3.96595751846051
			5.52340435510917	-3.96595751846051
			5.52340435510917	-3.95744688000888
			5.52340435510917	-3.94893624155725
			5.5319149935608	-3.94042560310562
			5.5319149935608	-3.93191496465399
			5.54042563201243	-3.92340432620235
			5.54042563201243	-3.91489368775072
			5.54042563201243	-3.90638304929909
			5.54893627046407	-3.90638304929909
			5.54893627046407	-3.89787241084746
			5.5574469089157	-3.88936177239583
			5.5574469089157	-3.88085113394419
			5.5574469089157	-3.87234049549256
			5.56595754736733	-3.86382985704093
			5.56595754736733	-3.8553192185893
			5.56595754736733	-3.84680858013767
			5.57446818581896	-3.83829794168603
			5.57446818581896	-3.8297873032344
			5.58297882427059	-3.82127666478277
			5.58297882427059	-3.81276602633114
			5.59148946272223	-3.80425538787951
			5.59148946272223	-3.79574474942787
			5.60000010117386	-3.78723411097624
			5.60000010117386	-3.77872347252461
			5.60000010117386	-3.77021283407298
			5.60851073962549	-3.76170219562135
			5.60851073962549	-3.75319155716971
			5.61702137807712	-3.74468091871808
			5.61702137807712	-3.73617028026645
			5.61702137807712	-3.72765964181482
			5.62553201652875	-3.71914900336319
			5.62553201652875	-3.71063836491155
			5.63404265498039	-3.70212772645992
			5.63404265498039	-3.69361708800829
			5.64255329343202	-3.68510644955666
			5.64255329343202	-3.67659581110503
			5.65106393188365	-3.66808517265339
			5.65106393188365	-3.65957453420176
			5.65106393188365	-3.65106389575013
			5.65957457033528	-3.6425532572985
			5.65957457033528	-3.63404261884687
			5.66808520878691	-3.62553198039523
			5.66808520878691	-3.6170213419436
			5.67659584723855	-3.60851070349197
			5.67659584723855	-3.60000006504034
			5.68510648569018	-3.59148942658871
			5.68510648569018	-3.58297878813707
			5.68510648569018	-3.57446814968544
			5.69361712414181	-3.56595751123381
			5.69361712414181	-3.55744687278218
			5.70212776259344	-3.54893623433055
			5.70212776259344	-3.54042559587891
			5.70212776259344	-3.53191495742728
			5.71063840104507	-3.52340431897565
			5.71063840104507	-3.51489368052402
			5.71914903949671	-3.50638304207239
			5.71914903949671	-3.49787240362075
			5.72765967794834	-3.48936176516912
			5.72765967794834	-3.48085112671749
			5.72765967794834	-3.47234048826586
			5.73617031639997	-3.46382984981423
			5.73617031639997	-3.45531921136259
			5.7446809548516	-3.44680857291096
			5.7446809548516	-3.43829793445933
			5.75319159330323	-3.4297872960077
			5.75319159330323	-3.42127665755607
			5.75319159330323	-3.41276601910443
			5.76170223175487	-3.4042553806528
			5.76170223175487	-3.39574474220117
			5.7702128702065	-3.38723410374954
			5.77872350865813	-3.37872346529791
			5.77872350865813	-3.37021282684627
			5.78723414710976	-3.36170218839464
			5.79574478556139	-3.35319154994301
			5.79574478556139	-3.34468091149138
			5.80425542401303	-3.33617027303975
			5.81276606246466	-3.33617027303975
			5.82127670091629	-3.33617027303975
		</curveLM12>
	</curves.scaled>
	<ruler.points type=matrix rownames=TRUE colnames=FALSE nrow=5 ncol=2 as.numeric=TRUE >
		Ruler point 1	211	814
		Ruler point 2	328	814
		Ruler point 3	446	814
		Ruler point 4	564	814
		Ruler point 5	681	814
	</ruler.points>
</shapes>

