<shapes type=list>
	<ruler.pixel type=vector names=FALSE length=1 as.numeric=TRUE >117.035293673545</ruler.pixel>
	<ruler.interval type=vector names=FALSE length=1 as.numeric=TRUE >1</ruler.interval>
	<scaling.units type=vector names=FALSE length=1 as.numeric=FALSE >cm</scaling.units>
	<scaling type=vector names=FALSE length=1 as.numeric=TRUE >0.00854443107383802</scaling>
	<landmarks.pixel type=matrix rownames=TRUE colnames=FALSE nrow=6 ncol=2 as.numeric=TRUE >
		LM01	676	281
		LM02	746	557
		LM03	706	530
		LM04	674	602
		LM05	646	528
		LM06	597	547
	</landmarks.pixel>
	<landmarks.scaled type=matrix rownames=TRUE colnames=FALSE nrow=6 ncol=2 as.numeric=TRUE >
		LM01	5.7760354059145	-2.40098513174848
		LM02	6.37414558108316	-4.75924810812778
		LM03	6.03236833812964	-4.52854846913415
		LM04	5.75894654376683	-5.14374750645049
		LM05	5.51970247369936	-4.51145960698647
		LM06	5.1010253510813	-4.6738037973894
	</landmarks.scaled>
	<curves.control type=list>
		<curveLM07 type=matrix rownames=FALSE colnames=FALSE nrow=7 ncol=2 as.numeric=TRUE >
			676	281
			707	338
			718	376
			739	456
			750	519
			754	555
			746	557
		</curveLM07>
		<curveLM08 type=matrix rownames=FALSE colnames=FALSE nrow=5 ncol=2 as.numeric=TRUE >
			746	557
			732	557
			719	538
			713	532
			706	530
		</curveLM08>
		<curveLM09 type=matrix rownames=FALSE colnames=FALSE nrow=5 ncol=2 as.numeric=TRUE >
			706	530
			695	536
			697	562
			690	608
			674	602
		</curveLM09>
		<curveLM10 type=matrix rownames=FALSE colnames=FALSE nrow=5 ncol=2 as.numeric=TRUE >
			674	602
			660	610
			652	558
			654	532
			646	528
		</curveLM10>
		<curveLM11 type=matrix rownames=FALSE colnames=FALSE nrow=5 ncol=2 as.numeric=TRUE >
			646	528
			627	544
			604	551
			600	551
			597	547
		</curveLM11>
		<curveLM12 type=matrix rownames=FALSE colnames=FALSE nrow=7 ncol=2 as.numeric=TRUE >
			597	547
			595	523
			621	413
			641	346
			656	318
			662	304
			676	281
		</curveLM12>
	</curves.control>
	<curves.pixel type=list>
		<curveLM07 type=matrix rownames=FALSE colnames=FALSE nrow=283 ncol=2 as.numeric=TRUE >
			676	281
			677	282
			677	283
			678	284
			678	285
			679	286
			679	287
			680	288
			680	289
			681	289
			681	290
			681	291
			682	292
			682	293
			683	294
			684	295
			684	296
			685	297
			685	298
			686	299
			686	300
			687	301
			687	302
			688	303
			688	304
			688	305
			689	306
			689	307
			690	308
			690	309
			691	309
			691	310
			692	311
			692	312
			693	313
			693	314
			694	315
			694	316
			694	317
			695	318
			695	319
			696	320
			697	321
			697	322
			698	323
			698	324
			698	325
			699	326
			699	327
			700	328
			700	329
			701	330
			701	331
			701	332
			702	332
			702	333
			702	334
			703	335
			703	336
			704	337
			704	338
			704	339
			705	340
			705	341
			706	342
			706	343
			707	344
			707	345
			708	346
			708	347
			708	348
			709	349
			709	350
			709	351
			710	352
			710	353
			711	354
			711	355
			711	356
			712	357
			712	358
			712	359
			713	360
			713	361
			713	362
			714	363
			714	364
			715	365
			715	366
			715	367
			715	368
			716	368
			716	369
			716	370
			716	371
			717	372
			717	373
			717	374
			718	375
			718	376
			718	377
			719	378
			719	379
			719	380
			719	381
			720	382
			720	383
			720	384
			720	385
			721	386
			721	387
			721	388
			721	389
			722	390
			722	391
			722	392
			722	393
			723	394
			723	395
			723	396
			723	397
			724	398
			724	399
			724	400
			724	401
			725	402
			725	403
			725	404
			725	405
			726	406
			726	407
			726	408
			726	409
			727	410
			727	411
			727	412
			727	413
			728	414
			728	415
			728	416
			728	417
			729	418
			729	419
			729	420
			729	421
			730	422
			730	423
			730	424
			730	425
			730	426
			731	426
			731	427
			731	428
			731	429
			732	430
			732	431
			732	432
			732	433
			732	434
			733	435
			733	436
			733	437
			733	438
			734	439
			734	440
			734	441
			734	442
			735	443
			735	444
			735	445
			735	446
			735	447
			736	448
			736	449
			736	450
			736	451
			737	452
			737	453
			737	454
			737	455
			738	456
			738	457
			738	458
			738	459
			738	460
			739	461
			739	462
			739	463
			739	464
			739	465
			740	466
			740	467
			740	468
			740	469
			740	470
			741	471
			741	472
			741	473
			741	474
			742	475
			742	476
			742	477
			742	478
			742	479
			743	480
			743	481
			743	482
			743	483
			743	484
			744	485
			744	486
			744	487
			744	488
			744	489
			745	490
			745	491
			745	492
			745	493
			745	494
			746	495
			746	496
			746	497
			746	498
			746	499
			747	500
			747	501
			747	502
			747	503
			747	504
			747	505
			748	506
			748	507
			748	508
			748	509
			748	510
			749	511
			749	512
			749	513
			749	514
			749	515
			750	516
			750	517
			750	518
			750	519
			750	520
			750	521
			750	522
			750	523
			751	524
			751	525
			751	526
			751	527
			751	528
			751	529
			751	530
			751	531
			751	532
			751	533
			751	534
			751	535
			751	536
			751	537
			751	538
			751	539
			751	540
			751	541
			751	542
			751	543
			751	544
			751	545
			751	546
			751	547
			751	548
			751	549
			750	550
			750	551
			750	552
			749	553
			749	554
			748	555
			748	556
			747	557
			746	557
		</curveLM07>
		<curveLM08 type=matrix rownames=FALSE colnames=FALSE nrow=47 ncol=2 as.numeric=TRUE >
			746	557
			745	557
			744	557
			743	557
			742	557
			741	556
			740	556
			739	556
			738	555
			737	555
			736	554
			735	554
			734	554
			734	553
			733	553
			732	552
			731	552
			730	551
			730	550
			729	550
			728	549
			727	548
			727	547
			726	547
			725	546
			724	545
			724	544
			723	543
			722	542
			721	541
			721	540
			720	539
			719	538
			718	537
			717	536
			716	535
			715	535
			714	534
			713	533
			712	533
			712	532
			711	532
			710	531
			709	531
			708	531
			707	530
			706	530
		</curveLM08>
		<curveLM09 type=matrix rownames=FALSE colnames=FALSE nrow=85 ncol=2 as.numeric=TRUE >
			706	530
			705	530
			705	531
			704	531
			703	532
			702	533
			702	534
			701	535
			700	536
			700	537
			699	538
			699	539
			699	540
			698	541
			698	542
			698	543
			698	544
			697	545
			697	546
			697	547
			697	548
			697	549
			697	550
			697	551
			697	552
			697	553
			697	554
			697	555
			697	556
			697	557
			697	558
			697	559
			697	560
			697	561
			697	562
			697	563
			697	564
			696	565
			696	566
			696	567
			696	568
			696	569
			696	570
			695	571
			695	572
			695	573
			695	574
			695	575
			694	576
			694	577
			694	578
			694	579
			694	580
			693	580
			693	581
			693	582
			693	583
			692	583
			692	584
			692	585
			692	586
			691	587
			691	588
			690	589
			690	590
			690	591
			689	592
			689	593
			688	594
			688	595
			687	596
			687	597
			686	598
			685	599
			684	600
			683	601
			682	601
			681	602
			680	602
			679	603
			678	603
			677	603
			676	603
			675	602
			674	602
		</curveLM09>
		<curveLM10 type=matrix rownames=FALSE colnames=FALSE nrow=86 ncol=2 as.numeric=TRUE >
			674	602
			673	602
			673	603
			672	603
			671	603
			670	603
			669	603
			668	602
			667	602
			666	601
			665	600
			664	599
			663	598
			663	597
			662	596
			662	595
			661	594
			661	593
			660	592
			660	591
			659	590
			659	589
			659	588
			658	587
			658	586
			658	585
			657	584
			657	583
			657	582
			657	581
			656	581
			656	580
			656	579
			656	578
			656	577
			655	576
			655	575
			655	574
			655	573
			654	572
			654	571
			654	570
			654	569
			654	568
			653	567
			653	566
			653	565
			653	564
			653	563
			653	562
			653	561
			652	560
			652	559
			652	558
			652	557
			652	556
			652	555
			652	554
			652	553
			652	552
			652	551
			652	550
			652	549
			652	548
			652	547
			652	546
			652	545
			652	544
			652	543
			652	542
			652	541
			652	540
			652	539
			652	538
			651	537
			651	536
			651	535
			651	534
			650	534
			650	533
			650	532
			649	531
			649	530
			648	529
			647	529
			646	528
		</curveLM10>
		<curveLM11 type=matrix rownames=FALSE colnames=FALSE nrow=51 ncol=2 as.numeric=TRUE >
			646	528
			645	529
			644	530
			643	530
			642	531
			641	532
			640	533
			639	534
			638	534
			637	535
			636	536
			635	537
			634	537
			633	538
			632	539
			631	539
			630	540
			629	540
			628	541
			627	541
			626	542
			625	542
			624	543
			623	543
			622	544
			621	544
			620	545
			619	545
			618	546
			617	546
			616	547
			615	547
			614	547
			613	548
			612	548
			611	549
			610	549
			609	549
			608	550
			607	550
			606	550
			605	551
			604	551
			603	551
			602	551
			601	550
			600	550
			599	549
			598	548
			597	548
			597	547
		</curveLM11>
		<curveLM12 type=matrix rownames=FALSE colnames=FALSE nrow=278 ncol=2 as.numeric=TRUE >
			597	547
			597	546
			597	545
			597	544
			597	543
			597	542
			597	541
			597	540
			597	539
			597	538
			597	537
			597	536
			597	535
			597	534
			597	533
			598	532
			598	531
			598	530
			598	529
			598	528
			598	527
			598	526
			598	525
			598	524
			599	523
			599	522
			599	521
			599	520
			599	519
			599	518
			599	517
			600	516
			600	515
			600	514
			600	513
			600	512
			600	511
			601	510
			601	509
			601	508
			601	507
			601	506
			601	505
			602	504
			602	503
			602	502
			602	501
			602	500
			602	499
			603	498
			603	497
			603	496
			603	495
			603	494
			604	493
			604	492
			604	491
			604	490
			604	489
			604	488
			605	488
			605	487
			605	486
			605	485
			605	484
			605	483
			606	482
			606	481
			606	480
			606	479
			607	478
			607	477
			607	476
			607	475
			607	474
			608	473
			608	472
			608	471
			608	470
			608	469
			609	468
			609	467
			609	466
			609	465
			609	464
			610	463
			610	462
			610	461
			610	460
			610	459
			611	458
			611	457
			611	456
			611	455
			612	454
			612	453
			612	452
			612	451
			612	450
			613	449
			613	448
			613	447
			613	446
			614	445
			614	444
			614	443
			614	442
			614	441
			615	440
			615	439
			615	438
			615	437
			616	436
			616	435
			616	434
			616	433
			617	432
			617	431
			617	430
			617	429
			618	428
			618	427
			618	426
			618	425
			618	424
			619	423
			619	422
			619	421
			619	420
			619	419
			620	419
			620	418
			620	417
			620	416
			620	415
			621	415
			621	414
			621	413
			621	412
			621	411
			622	411
			622	410
			622	409
			623	408
			623	407
			623	406
			624	405
			624	404
			624	403
			624	402
			625	401
			625	400
			625	399
			626	398
			626	397
			626	396
			626	395
			627	394
			627	393
			628	392
			628	391
			628	390
			628	389
			629	388
			629	387
			629	386
			630	385
			630	384
			630	383
			631	382
			631	381
			631	380
			632	379
			632	378
			632	377
			633	376
			633	375
			633	374
			634	373
			634	372
			634	371
			635	370
			635	369
			635	368
			636	367
			636	366
			636	365
			637	364
			637	363
			637	362
			638	361
			638	360
			638	359
			639	358
			639	357
			640	356
			640	355
			641	354
			641	353
			641	352
			641	351
			642	350
			642	349
			643	348
			643	347
			644	346
			644	345
			644	344
			644	343
			645	343
			645	342
			645	341
			646	340
			646	339
			647	338
			647	337
			647	336
			648	335
			648	334
			649	334
			649	333
			649	332
			650	331
			650	330
			650	329
			651	329
			651	328
			652	327
			652	326
			652	325
			653	325
			653	324
			653	323
			654	323
			654	322
			654	321
			655	320
			655	319
			656	318
			656	317
			657	317
			657	316
			657	315
			658	315
			658	314
			658	313
			659	312
			659	311
			660	310
			660	309
			661	308
			661	307
			662	306
			662	305
			663	304
			663	303
			664	302
			664	301
			665	300
			665	299
			666	298
			667	297
			667	296
			668	295
			668	294
			669	293
			670	292
			670	291
			671	290
			671	289
			672	288
			673	287
			673	286
			674	285
			674	284
			675	283
			675	282
			676	281
		</curveLM12>
	</curves.pixel>
	<curves.scaled type=list>
		<curveLM07 type=matrix rownames=FALSE colnames=FALSE nrow=283 ncol=2 as.numeric=TRUE >
			5.7760354059145	-2.40098513174848
			5.78457983698834	-2.40952956282232
			5.78457983698834	-2.41807399389616
			5.79312426806218	-2.42661842497
			5.79312426806218	-2.43516285604384
			5.80166869913602	-2.44370728711767
			5.80166869913602	-2.45225171819151
			5.81021313020985	-2.46079614926535
			5.81021313020985	-2.46934058033919
			5.81875756128369	-2.46934058033919
			5.81875756128369	-2.47788501141303
			5.81875756128369	-2.48642944248686
			5.82730199235753	-2.4949738735607
			5.82730199235753	-2.50351830463454
			5.83584642343137	-2.51206273570838
			5.84439085450521	-2.52060716678222
			5.84439085450521	-2.52915159785605
			5.85293528557904	-2.53769602892989
			5.85293528557904	-2.54624046000373
			5.86147971665288	-2.55478489107757
			5.86147971665288	-2.56332932215141
			5.87002414772672	-2.57187375322524
			5.87002414772672	-2.58041818429908
			5.87856857880056	-2.58896261537292
			5.87856857880056	-2.59750704644676
			5.87856857880056	-2.6060514775206
			5.8871130098744	-2.61459590859443
			5.8871130098744	-2.62314033966827
			5.89565744094823	-2.63168477074211
			5.89565744094823	-2.64022920181595
			5.90420187202207	-2.64022920181595
			5.90420187202207	-2.64877363288979
			5.91274630309591	-2.65731806396362
			5.91274630309591	-2.66586249503746
			5.92129073416975	-2.6744069261113
			5.92129073416975	-2.68295135718514
			5.92983516524359	-2.69149578825898
			5.92983516524359	-2.70004021933281
			5.92983516524359	-2.70858465040665
			5.93837959631742	-2.71712908148049
			5.93837959631742	-2.72567351255433
			5.94692402739126	-2.73421794362817
			5.9554684584651	-2.742762374702
			5.9554684584651	-2.75130680577584
			5.96401288953894	-2.75985123684968
			5.96401288953894	-2.76839566792352
			5.96401288953894	-2.77694009899736
			5.97255732061278	-2.78548453007119
			5.97255732061278	-2.79402896114503
			5.98110175168661	-2.80257339221887
			5.98110175168661	-2.81111782329271
			5.98964618276045	-2.81966225436655
			5.98964618276045	-2.82820668544038
			5.98964618276045	-2.83675111651422
			5.99819061383429	-2.83675111651422
			5.99819061383429	-2.84529554758806
			5.99819061383429	-2.8538399786619
			6.00673504490813	-2.86238440973574
			6.00673504490813	-2.87092884080958
			6.01527947598197	-2.87947327188341
			6.01527947598197	-2.88801770295725
			6.01527947598197	-2.89656213403109
			6.0238239070558	-2.90510656510493
			6.0238239070558	-2.91365099617876
			6.03236833812964	-2.9221954272526
			6.03236833812964	-2.93073985832644
			6.04091276920348	-2.93928428940028
			6.04091276920348	-2.94782872047412
			6.04945720027732	-2.95637315154796
			6.04945720027732	-2.96491758262179
			6.04945720027732	-2.97346201369563
			6.05800163135116	-2.98200644476947
			6.05800163135116	-2.99055087584331
			6.05800163135116	-2.99909530691715
			6.06654606242499	-3.00763973799098
			6.06654606242499	-3.01618416906482
			6.07509049349883	-3.02472860013866
			6.07509049349883	-3.0332730312125
			6.07509049349883	-3.04181746228634
			6.08363492457267	-3.05036189336017
			6.08363492457267	-3.05890632443401
			6.08363492457267	-3.06745075550785
			6.09217935564651	-3.07599518658169
			6.09217935564651	-3.08453961765553
			6.09217935564651	-3.09308404872936
			6.10072378672035	-3.1016284798032
			6.10072378672035	-3.11017291087704
			6.10926821779418	-3.11871734195088
			6.10926821779418	-3.12726177302472
			6.10926821779418	-3.13580620409855
			6.10926821779418	-3.14435063517239
			6.11781264886802	-3.14435063517239
			6.11781264886802	-3.15289506624623
			6.11781264886802	-3.16143949732007
			6.11781264886802	-3.16998392839391
			6.12635707994186	-3.17852835946774
			6.12635707994186	-3.18707279054158
			6.12635707994186	-3.19561722161542
			6.1349015110157	-3.20416165268926
			6.1349015110157	-3.2127060837631
			6.1349015110157	-3.22125051483693
			6.14344594208954	-3.22979494591077
			6.14344594208954	-3.23833937698461
			6.14344594208954	-3.24688380805845
			6.14344594208954	-3.25542823913229
			6.15199037316337	-3.26397267020612
			6.15199037316337	-3.27251710127996
			6.15199037316337	-3.2810615323538
			6.15199037316337	-3.28960596342764
			6.16053480423721	-3.29815039450148
			6.16053480423721	-3.30669482557531
			6.16053480423721	-3.31523925664915
			6.16053480423721	-3.32378368772299
			6.16907923531105	-3.33232811879683
			6.16907923531105	-3.34087254987067
			6.16907923531105	-3.3494169809445
			6.16907923531105	-3.35796141201834
			6.17762366638489	-3.36650584309218
			6.17762366638489	-3.37505027416602
			6.17762366638489	-3.38359470523986
			6.17762366638489	-3.39213913631369
			6.18616809745873	-3.40068356738753
			6.18616809745873	-3.40922799846137
			6.18616809745873	-3.41777242953521
			6.18616809745873	-3.42631686060905
			6.19471252853257	-3.43486129168288
			6.19471252853257	-3.44340572275672
			6.19471252853257	-3.45195015383056
			6.19471252853257	-3.4604945849044
			6.2032569596064	-3.46903901597824
			6.2032569596064	-3.47758344705207
			6.2032569596064	-3.48612787812591
			6.2032569596064	-3.49467230919975
			6.21180139068024	-3.50321674027359
			6.21180139068024	-3.51176117134743
			6.21180139068024	-3.52030560242126
			6.21180139068024	-3.5288500334951
			6.22034582175408	-3.53739446456894
			6.22034582175408	-3.54593889564278
			6.22034582175408	-3.55448332671662
			6.22034582175408	-3.56302775779045
			6.22889025282792	-3.57157218886429
			6.22889025282792	-3.58011661993813
			6.22889025282792	-3.58866105101197
			6.22889025282792	-3.59720548208581
			6.23743468390176	-3.60574991315964
			6.23743468390176	-3.61429434423348
			6.23743468390176	-3.62283877530732
			6.23743468390176	-3.63138320638116
			6.23743468390176	-3.639927637455
			6.24597911497559	-3.639927637455
			6.24597911497559	-3.64847206852883
			6.24597911497559	-3.65701649960267
			6.24597911497559	-3.66556093067651
			6.25452354604943	-3.67410536175035
			6.25452354604943	-3.68264979282419
			6.25452354604943	-3.69119422389802
			6.25452354604943	-3.69973865497186
			6.25452354604943	-3.7082830860457
			6.26306797712327	-3.71682751711954
			6.26306797712327	-3.72537194819338
			6.26306797712327	-3.73391637926722
			6.26306797712327	-3.74246081034105
			6.27161240819711	-3.75100524141489
			6.27161240819711	-3.75954967248873
			6.27161240819711	-3.76809410356257
			6.27161240819711	-3.77663853463641
			6.28015683927095	-3.78518296571024
			6.28015683927095	-3.79372739678408
			6.28015683927095	-3.80227182785792
			6.28015683927095	-3.81081625893176
			6.28015683927095	-3.8193606900056
			6.28870127034478	-3.82790512107943
			6.28870127034478	-3.83644955215327
			6.28870127034478	-3.84499398322711
			6.28870127034478	-3.85353841430095
			6.29724570141862	-3.86208284537479
			6.29724570141862	-3.87062727644862
			6.29724570141862	-3.87917170752246
			6.29724570141862	-3.8877161385963
			6.30579013249246	-3.89626056967014
			6.30579013249246	-3.90480500074398
			6.30579013249246	-3.91334943181781
			6.30579013249246	-3.92189386289165
			6.30579013249246	-3.93043829396549
			6.3143345635663	-3.93898272503933
			6.3143345635663	-3.94752715611317
			6.3143345635663	-3.956071587187
			6.3143345635663	-3.96461601826084
			6.3143345635663	-3.97316044933468
			6.32287899464013	-3.98170488040852
			6.32287899464013	-3.99024931148236
			6.32287899464013	-3.99879374255619
			6.32287899464013	-4.00733817363003
			6.32287899464013	-4.01588260470387
			6.33142342571397	-4.02442703577771
			6.33142342571397	-4.03297146685155
			6.33142342571397	-4.04151589792538
			6.33142342571397	-4.05006032899922
			6.33996785678781	-4.05860476007306
			6.33996785678781	-4.0671491911469
			6.33996785678781	-4.07569362222074
			6.33996785678781	-4.08423805329457
			6.33996785678781	-4.09278248436841
			6.34851228786165	-4.10132691544225
			6.34851228786165	-4.10987134651609
			6.34851228786165	-4.11841577758993
			6.34851228786165	-4.12696020866376
			6.34851228786165	-4.1355046397376
			6.35705671893549	-4.14404907081144
			6.35705671893549	-4.15259350188528
			6.35705671893549	-4.16113793295912
			6.35705671893549	-4.16968236403295
			6.35705671893549	-4.17822679510679
			6.36560115000933	-4.18677122618063
			6.36560115000933	-4.19531565725447
			6.36560115000933	-4.20386008832831
			6.36560115000933	-4.21240451940214
			6.36560115000933	-4.22094895047598
			6.37414558108316	-4.22949338154982
			6.37414558108316	-4.23803781262366
			6.37414558108316	-4.2465822436975
			6.37414558108316	-4.25512667477133
			6.37414558108316	-4.26367110584517
			6.382690012157	-4.27221553691901
			6.382690012157	-4.28075996799285
			6.382690012157	-4.28930439906669
			6.382690012157	-4.29784883014052
			6.382690012157	-4.30639326121436
			6.382690012157	-4.3149376922882
			6.39123444323084	-4.32348212336204
			6.39123444323084	-4.33202655443588
			6.39123444323084	-4.34057098550971
			6.39123444323084	-4.34911541658355
			6.39123444323084	-4.35765984765739
			6.39977887430468	-4.36620427873123
			6.39977887430468	-4.37474870980507
			6.39977887430468	-4.3832931408789
			6.39977887430468	-4.39183757195274
			6.39977887430468	-4.40038200302658
			6.40832330537852	-4.40892643410042
			6.40832330537852	-4.41747086517426
			6.40832330537852	-4.42601529624809
			6.40832330537852	-4.43455972732193
			6.40832330537852	-4.44310415839577
			6.40832330537852	-4.45164858946961
			6.40832330537852	-4.46019302054345
			6.40832330537852	-4.46873745161728
			6.41686773645235	-4.47728188269112
			6.41686773645235	-4.48582631376496
			6.41686773645235	-4.4943707448388
			6.41686773645235	-4.50291517591264
			6.41686773645235	-4.51145960698647
			6.41686773645235	-4.52000403806031
			6.41686773645235	-4.52854846913415
			6.41686773645235	-4.53709290020799
			6.41686773645235	-4.54563733128183
			6.41686773645235	-4.55418176235566
			6.41686773645235	-4.5627261934295
			6.41686773645235	-4.57127062450334
			6.41686773645235	-4.57981505557718
			6.41686773645235	-4.58835948665102
			6.41686773645235	-4.59690391772486
			6.41686773645235	-4.60544834879869
			6.41686773645235	-4.61399277987253
			6.41686773645235	-4.62253721094637
			6.41686773645235	-4.63108164202021
			6.41686773645235	-4.63962607309405
			6.41686773645235	-4.64817050416788
			6.41686773645235	-4.65671493524172
			6.41686773645235	-4.66525936631556
			6.41686773645235	-4.6738037973894
			6.41686773645235	-4.68234822846324
			6.41686773645235	-4.69089265953707
			6.40832330537852	-4.69943709061091
			6.40832330537852	-4.70798152168475
			6.40832330537852	-4.71652595275859
			6.39977887430468	-4.72507038383243
			6.39977887430468	-4.73361481490626
			6.39123444323084	-4.7421592459801
			6.39123444323084	-4.75070367705394
			6.382690012157	-4.75924810812778
			6.37414558108316	-4.75924810812778
		</curveLM07>
		<curveLM08 type=matrix rownames=FALSE colnames=FALSE nrow=47 ncol=2 as.numeric=TRUE >
			6.37414558108316	-4.75924810812778
			6.36560115000933	-4.75924810812778
			6.35705671893549	-4.75924810812778
			6.34851228786165	-4.75924810812778
			6.33996785678781	-4.75924810812778
			6.33142342571397	-4.75070367705394
			6.32287899464013	-4.75070367705394
			6.3143345635663	-4.75070367705394
			6.30579013249246	-4.7421592459801
			6.29724570141862	-4.7421592459801
			6.28870127034478	-4.73361481490626
			6.28015683927095	-4.73361481490626
			6.27161240819711	-4.73361481490626
			6.27161240819711	-4.72507038383243
			6.26306797712327	-4.72507038383243
			6.25452354604943	-4.71652595275859
			6.24597911497559	-4.71652595275859
			6.23743468390176	-4.70798152168475
			6.23743468390176	-4.69943709061091
			6.22889025282792	-4.69943709061091
			6.22034582175408	-4.69089265953707
			6.21180139068024	-4.68234822846324
			6.21180139068024	-4.6738037973894
			6.2032569596064	-4.6738037973894
			6.19471252853257	-4.66525936631556
			6.18616809745873	-4.65671493524172
			6.18616809745873	-4.64817050416788
			6.17762366638489	-4.63962607309405
			6.16907923531105	-4.63108164202021
			6.16053480423721	-4.62253721094637
			6.16053480423721	-4.61399277987253
			6.15199037316337	-4.60544834879869
			6.14344594208954	-4.59690391772486
			6.1349015110157	-4.58835948665102
			6.12635707994186	-4.57981505557718
			6.11781264886802	-4.57127062450334
			6.10926821779418	-4.57127062450334
			6.10072378672035	-4.5627261934295
			6.09217935564651	-4.55418176235566
			6.08363492457267	-4.55418176235566
			6.08363492457267	-4.54563733128183
			6.07509049349883	-4.54563733128183
			6.06654606242499	-4.53709290020799
			6.05800163135116	-4.53709290020799
			6.04945720027732	-4.53709290020799
			6.04091276920348	-4.52854846913415
			6.03236833812964	-4.52854846913415
		</curveLM08>
		<curveLM09 type=matrix rownames=FALSE colnames=FALSE nrow=85 ncol=2 as.numeric=TRUE >
			6.03236833812964	-4.52854846913415
			6.0238239070558	-4.52854846913415
			6.0238239070558	-4.53709290020799
			6.01527947598197	-4.53709290020799
			6.00673504490813	-4.54563733128183
			5.99819061383429	-4.55418176235566
			5.99819061383429	-4.5627261934295
			5.98964618276045	-4.57127062450334
			5.98110175168661	-4.57981505557718
			5.98110175168661	-4.58835948665102
			5.97255732061278	-4.59690391772486
			5.97255732061278	-4.60544834879869
			5.97255732061278	-4.61399277987253
			5.96401288953894	-4.62253721094637
			5.96401288953894	-4.63108164202021
			5.96401288953894	-4.63962607309405
			5.96401288953894	-4.64817050416788
			5.9554684584651	-4.65671493524172
			5.9554684584651	-4.66525936631556
			5.9554684584651	-4.6738037973894
			5.9554684584651	-4.68234822846324
			5.9554684584651	-4.69089265953707
			5.9554684584651	-4.69943709061091
			5.9554684584651	-4.70798152168475
			5.9554684584651	-4.71652595275859
			5.9554684584651	-4.72507038383243
			5.9554684584651	-4.73361481490626
			5.9554684584651	-4.7421592459801
			5.9554684584651	-4.75070367705394
			5.9554684584651	-4.75924810812778
			5.9554684584651	-4.76779253920162
			5.9554684584651	-4.77633697027545
			5.9554684584651	-4.78488140134929
			5.9554684584651	-4.79342583242313
			5.9554684584651	-4.80197026349697
			5.9554684584651	-4.81051469457081
			5.9554684584651	-4.81905912564464
			5.94692402739126	-4.82760355671848
			5.94692402739126	-4.83614798779232
			5.94692402739126	-4.84469241886616
			5.94692402739126	-4.85323684994
			5.94692402739126	-4.86178128101383
			5.94692402739126	-4.87032571208767
			5.93837959631742	-4.87887014316151
			5.93837959631742	-4.88741457423535
			5.93837959631742	-4.89595900530919
			5.93837959631742	-4.90450343638302
			5.93837959631742	-4.91304786745686
			5.92983516524359	-4.9215922985307
			5.92983516524359	-4.93013672960454
			5.92983516524359	-4.93868116067838
			5.92983516524359	-4.94722559175221
			5.92983516524359	-4.95577002282605
			5.92129073416975	-4.95577002282605
			5.92129073416975	-4.96431445389989
			5.92129073416975	-4.97285888497373
			5.92129073416975	-4.98140331604757
			5.91274630309591	-4.98140331604757
			5.91274630309591	-4.9899477471214
			5.91274630309591	-4.99849217819524
			5.91274630309591	-5.00703660926908
			5.90420187202207	-5.01558104034292
			5.90420187202207	-5.02412547141676
			5.89565744094823	-5.03266990249059
			5.89565744094823	-5.04121433356443
			5.89565744094823	-5.04975876463827
			5.8871130098744	-5.05830319571211
			5.8871130098744	-5.06684762678595
			5.87856857880056	-5.07539205785978
			5.87856857880056	-5.08393648893362
			5.87002414772672	-5.09248092000746
			5.87002414772672	-5.1010253510813
			5.86147971665288	-5.10956978215514
			5.85293528557904	-5.11811421322897
			5.84439085450521	-5.12665864430281
			5.83584642343137	-5.13520307537665
			5.82730199235753	-5.13520307537665
			5.81875756128369	-5.14374750645049
			5.81021313020985	-5.14374750645049
			5.80166869913602	-5.15229193752433
			5.79312426806218	-5.15229193752433
			5.78457983698834	-5.15229193752433
			5.7760354059145	-5.15229193752433
			5.76749097484066	-5.14374750645049
			5.75894654376683	-5.14374750645049
		</curveLM09>
		<curveLM10 type=matrix rownames=FALSE colnames=FALSE nrow=86 ncol=2 as.numeric=TRUE >
			5.75894654376683	-5.14374750645049
			5.75040211269299	-5.14374750645049
			5.75040211269299	-5.15229193752433
			5.74185768161915	-5.15229193752433
			5.73331325054531	-5.15229193752433
			5.72476881947147	-5.15229193752433
			5.71622438839764	-5.15229193752433
			5.7076799573238	-5.14374750645049
			5.69913552624996	-5.14374750645049
			5.69059109517612	-5.13520307537665
			5.68204666410228	-5.12665864430281
			5.67350223302845	-5.11811421322897
			5.66495780195461	-5.10956978215514
			5.66495780195461	-5.1010253510813
			5.65641337088077	-5.09248092000746
			5.65641337088077	-5.08393648893362
			5.64786893980693	-5.07539205785978
			5.64786893980693	-5.06684762678595
			5.63932450873309	-5.05830319571211
			5.63932450873309	-5.04975876463827
			5.63078007765926	-5.04121433356443
			5.63078007765926	-5.03266990249059
			5.63078007765926	-5.02412547141676
			5.62223564658542	-5.01558104034292
			5.62223564658542	-5.00703660926908
			5.62223564658542	-4.99849217819524
			5.61369121551158	-4.9899477471214
			5.61369121551158	-4.98140331604757
			5.61369121551158	-4.97285888497373
			5.61369121551158	-4.96431445389989
			5.60514678443774	-4.96431445389989
			5.60514678443774	-4.95577002282605
			5.60514678443774	-4.94722559175221
			5.60514678443774	-4.93868116067838
			5.60514678443774	-4.93013672960454
			5.5966023533639	-4.9215922985307
			5.5966023533639	-4.91304786745686
			5.5966023533639	-4.90450343638302
			5.5966023533639	-4.89595900530919
			5.58805792229007	-4.88741457423535
			5.58805792229007	-4.87887014316151
			5.58805792229007	-4.87032571208767
			5.58805792229007	-4.86178128101383
			5.58805792229007	-4.85323684994
			5.57951349121623	-4.84469241886616
			5.57951349121623	-4.83614798779232
			5.57951349121623	-4.82760355671848
			5.57951349121623	-4.81905912564464
			5.57951349121623	-4.81051469457081
			5.57951349121623	-4.80197026349697
			5.57951349121623	-4.79342583242313
			5.57096906014239	-4.78488140134929
			5.57096906014239	-4.77633697027545
			5.57096906014239	-4.76779253920162
			5.57096906014239	-4.75924810812778
			5.57096906014239	-4.75070367705394
			5.57096906014239	-4.7421592459801
			5.57096906014239	-4.73361481490626
			5.57096906014239	-4.72507038383243
			5.57096906014239	-4.71652595275859
			5.57096906014239	-4.70798152168475
			5.57096906014239	-4.69943709061091
			5.57096906014239	-4.69089265953707
			5.57096906014239	-4.68234822846324
			5.57096906014239	-4.6738037973894
			5.57096906014239	-4.66525936631556
			5.57096906014239	-4.65671493524172
			5.57096906014239	-4.64817050416788
			5.57096906014239	-4.63962607309405
			5.57096906014239	-4.63108164202021
			5.57096906014239	-4.62253721094637
			5.57096906014239	-4.61399277987253
			5.57096906014239	-4.60544834879869
			5.57096906014239	-4.59690391772486
			5.56242462906855	-4.58835948665102
			5.56242462906855	-4.57981505557718
			5.56242462906855	-4.57127062450334
			5.56242462906855	-4.5627261934295
			5.55388019799471	-4.5627261934295
			5.55388019799471	-4.55418176235566
			5.55388019799471	-4.54563733128183
			5.54533576692088	-4.53709290020799
			5.54533576692088	-4.52854846913415
			5.53679133584704	-4.52000403806031
			5.5282469047732	-4.52000403806031
			5.51970247369936	-4.51145960698647
		</curveLM10>
		<curveLM11 type=matrix rownames=FALSE colnames=FALSE nrow=51 ncol=2 as.numeric=TRUE >
			5.51970247369936	-4.51145960698647
			5.51115804262552	-4.52000403806031
			5.50261361155169	-4.52854846913415
			5.49406918047785	-4.52854846913415
			5.48552474940401	-4.53709290020799
			5.47698031833017	-4.54563733128183
			5.46843588725633	-4.55418176235566
			5.4598914561825	-4.5627261934295
			5.45134702510866	-4.5627261934295
			5.44280259403482	-4.57127062450334
			5.43425816296098	-4.57981505557718
			5.42571373188714	-4.58835948665102
			5.41716930081331	-4.58835948665102
			5.40862486973947	-4.59690391772486
			5.40008043866563	-4.60544834879869
			5.39153600759179	-4.60544834879869
			5.38299157651795	-4.61399277987253
			5.37444714544412	-4.61399277987253
			5.36590271437028	-4.62253721094637
			5.35735828329644	-4.62253721094637
			5.3488138522226	-4.63108164202021
			5.34026942114876	-4.63108164202021
			5.33172499007492	-4.63962607309405
			5.32318055900109	-4.63962607309405
			5.31463612792725	-4.64817050416788
			5.30609169685341	-4.64817050416788
			5.29754726577957	-4.65671493524172
			5.28900283470573	-4.65671493524172
			5.2804584036319	-4.66525936631556
			5.27191397255806	-4.66525936631556
			5.26336954148422	-4.6738037973894
			5.25482511041038	-4.6738037973894
			5.24628067933654	-4.6738037973894
			5.23773624826271	-4.68234822846324
			5.22919181718887	-4.68234822846324
			5.22064738611503	-4.69089265953707
			5.21210295504119	-4.69089265953707
			5.20355852396735	-4.69089265953707
			5.19501409289352	-4.69943709061091
			5.18646966181968	-4.69943709061091
			5.17792523074584	-4.69943709061091
			5.169380799672	-4.70798152168475
			5.16083636859816	-4.70798152168475
			5.15229193752433	-4.70798152168475
			5.14374750645049	-4.70798152168475
			5.13520307537665	-4.69943709061091
			5.12665864430281	-4.69943709061091
			5.11811421322897	-4.69089265953707
			5.10956978215514	-4.68234822846324
			5.1010253510813	-4.68234822846324
			5.1010253510813	-4.6738037973894
		</curveLM11>
		<curveLM12 type=matrix rownames=FALSE colnames=FALSE nrow=278 ncol=2 as.numeric=TRUE >
			5.1010253510813	-4.6738037973894
			5.1010253510813	-4.66525936631556
			5.1010253510813	-4.65671493524172
			5.1010253510813	-4.64817050416788
			5.1010253510813	-4.63962607309405
			5.1010253510813	-4.63108164202021
			5.1010253510813	-4.62253721094637
			5.1010253510813	-4.61399277987253
			5.1010253510813	-4.60544834879869
			5.1010253510813	-4.59690391772486
			5.1010253510813	-4.58835948665102
			5.1010253510813	-4.57981505557718
			5.1010253510813	-4.57127062450334
			5.1010253510813	-4.5627261934295
			5.1010253510813	-4.55418176235566
			5.10956978215514	-4.54563733128183
			5.10956978215514	-4.53709290020799
			5.10956978215514	-4.52854846913415
			5.10956978215514	-4.52000403806031
			5.10956978215514	-4.51145960698647
			5.10956978215514	-4.50291517591264
			5.10956978215514	-4.4943707448388
			5.10956978215514	-4.48582631376496
			5.10956978215514	-4.47728188269112
			5.11811421322897	-4.46873745161728
			5.11811421322897	-4.46019302054345
			5.11811421322897	-4.45164858946961
			5.11811421322897	-4.44310415839577
			5.11811421322897	-4.43455972732193
			5.11811421322897	-4.42601529624809
			5.11811421322897	-4.41747086517426
			5.12665864430281	-4.40892643410042
			5.12665864430281	-4.40038200302658
			5.12665864430281	-4.39183757195274
			5.12665864430281	-4.3832931408789
			5.12665864430281	-4.37474870980507
			5.12665864430281	-4.36620427873123
			5.13520307537665	-4.35765984765739
			5.13520307537665	-4.34911541658355
			5.13520307537665	-4.34057098550971
			5.13520307537665	-4.33202655443588
			5.13520307537665	-4.32348212336204
			5.13520307537665	-4.3149376922882
			5.14374750645049	-4.30639326121436
			5.14374750645049	-4.29784883014052
			5.14374750645049	-4.28930439906669
			5.14374750645049	-4.28075996799285
			5.14374750645049	-4.27221553691901
			5.14374750645049	-4.26367110584517
			5.15229193752433	-4.25512667477133
			5.15229193752433	-4.2465822436975
			5.15229193752433	-4.23803781262366
			5.15229193752433	-4.22949338154982
			5.15229193752433	-4.22094895047598
			5.16083636859816	-4.21240451940214
			5.16083636859816	-4.20386008832831
			5.16083636859816	-4.19531565725447
			5.16083636859816	-4.18677122618063
			5.16083636859816	-4.17822679510679
			5.16083636859816	-4.16968236403295
			5.169380799672	-4.16968236403295
			5.169380799672	-4.16113793295912
			5.169380799672	-4.15259350188528
			5.169380799672	-4.14404907081144
			5.169380799672	-4.1355046397376
			5.169380799672	-4.12696020866376
			5.17792523074584	-4.11841577758993
			5.17792523074584	-4.10987134651609
			5.17792523074584	-4.10132691544225
			5.17792523074584	-4.09278248436841
			5.18646966181968	-4.08423805329457
			5.18646966181968	-4.07569362222074
			5.18646966181968	-4.0671491911469
			5.18646966181968	-4.05860476007306
			5.18646966181968	-4.05006032899922
			5.19501409289352	-4.04151589792538
			5.19501409289352	-4.03297146685155
			5.19501409289352	-4.02442703577771
			5.19501409289352	-4.01588260470387
			5.19501409289352	-4.00733817363003
			5.20355852396735	-3.99879374255619
			5.20355852396735	-3.99024931148236
			5.20355852396735	-3.98170488040852
			5.20355852396735	-3.97316044933468
			5.20355852396735	-3.96461601826084
			5.21210295504119	-3.956071587187
			5.21210295504119	-3.94752715611317
			5.21210295504119	-3.93898272503933
			5.21210295504119	-3.93043829396549
			5.21210295504119	-3.92189386289165
			5.22064738611503	-3.91334943181781
			5.22064738611503	-3.90480500074398
			5.22064738611503	-3.89626056967014
			5.22064738611503	-3.8877161385963
			5.22919181718887	-3.87917170752246
			5.22919181718887	-3.87062727644862
			5.22919181718887	-3.86208284537479
			5.22919181718887	-3.85353841430095
			5.22919181718887	-3.84499398322711
			5.23773624826271	-3.83644955215327
			5.23773624826271	-3.82790512107943
			5.23773624826271	-3.8193606900056
			5.23773624826271	-3.81081625893176
			5.24628067933654	-3.80227182785792
			5.24628067933654	-3.79372739678408
			5.24628067933654	-3.78518296571024
			5.24628067933654	-3.77663853463641
			5.24628067933654	-3.76809410356257
			5.25482511041038	-3.75954967248873
			5.25482511041038	-3.75100524141489
			5.25482511041038	-3.74246081034105
			5.25482511041038	-3.73391637926722
			5.26336954148422	-3.72537194819338
			5.26336954148422	-3.71682751711954
			5.26336954148422	-3.7082830860457
			5.26336954148422	-3.69973865497186
			5.27191397255806	-3.69119422389802
			5.27191397255806	-3.68264979282419
			5.27191397255806	-3.67410536175035
			5.27191397255806	-3.66556093067651
			5.2804584036319	-3.65701649960267
			5.2804584036319	-3.64847206852883
			5.2804584036319	-3.639927637455
			5.2804584036319	-3.63138320638116
			5.2804584036319	-3.62283877530732
			5.28900283470573	-3.61429434423348
			5.28900283470573	-3.60574991315964
			5.28900283470573	-3.59720548208581
			5.28900283470573	-3.58866105101197
			5.28900283470573	-3.58011661993813
			5.29754726577957	-3.58011661993813
			5.29754726577957	-3.57157218886429
			5.29754726577957	-3.56302775779045
			5.29754726577957	-3.55448332671662
			5.29754726577957	-3.54593889564278
			5.30609169685341	-3.54593889564278
			5.30609169685341	-3.53739446456894
			5.30609169685341	-3.5288500334951
			5.30609169685341	-3.52030560242126
			5.30609169685341	-3.51176117134743
			5.31463612792725	-3.51176117134743
			5.31463612792725	-3.50321674027359
			5.31463612792725	-3.49467230919975
			5.32318055900109	-3.48612787812591
			5.32318055900109	-3.47758344705207
			5.32318055900109	-3.46903901597824
			5.33172499007492	-3.4604945849044
			5.33172499007492	-3.45195015383056
			5.33172499007492	-3.44340572275672
			5.33172499007492	-3.43486129168288
			5.34026942114876	-3.42631686060905
			5.34026942114876	-3.41777242953521
			5.34026942114876	-3.40922799846137
			5.3488138522226	-3.40068356738753
			5.3488138522226	-3.39213913631369
			5.3488138522226	-3.38359470523986
			5.3488138522226	-3.37505027416602
			5.35735828329644	-3.36650584309218
			5.35735828329644	-3.35796141201834
			5.36590271437028	-3.3494169809445
			5.36590271437028	-3.34087254987067
			5.36590271437028	-3.33232811879683
			5.36590271437028	-3.32378368772299
			5.37444714544412	-3.31523925664915
			5.37444714544412	-3.30669482557531
			5.37444714544412	-3.29815039450148
			5.38299157651795	-3.28960596342764
			5.38299157651795	-3.2810615323538
			5.38299157651795	-3.27251710127996
			5.39153600759179	-3.26397267020612
			5.39153600759179	-3.25542823913229
			5.39153600759179	-3.24688380805845
			5.40008043866563	-3.23833937698461
			5.40008043866563	-3.22979494591077
			5.40008043866563	-3.22125051483693
			5.40862486973947	-3.2127060837631
			5.40862486973947	-3.20416165268926
			5.40862486973947	-3.19561722161542
			5.41716930081331	-3.18707279054158
			5.41716930081331	-3.17852835946774
			5.41716930081331	-3.16998392839391
			5.42571373188714	-3.16143949732007
			5.42571373188714	-3.15289506624623
			5.42571373188714	-3.14435063517239
			5.43425816296098	-3.13580620409855
			5.43425816296098	-3.12726177302472
			5.43425816296098	-3.11871734195088
			5.44280259403482	-3.11017291087704
			5.44280259403482	-3.1016284798032
			5.44280259403482	-3.09308404872936
			5.45134702510866	-3.08453961765553
			5.45134702510866	-3.07599518658169
			5.45134702510866	-3.06745075550785
			5.4598914561825	-3.05890632443401
			5.4598914561825	-3.05036189336017
			5.46843588725633	-3.04181746228634
			5.46843588725633	-3.0332730312125
			5.47698031833017	-3.02472860013866
			5.47698031833017	-3.01618416906482
			5.47698031833017	-3.00763973799098
			5.47698031833017	-2.99909530691715
			5.48552474940401	-2.99055087584331
			5.48552474940401	-2.98200644476947
			5.49406918047785	-2.97346201369563
			5.49406918047785	-2.96491758262179
			5.50261361155169	-2.95637315154796
			5.50261361155169	-2.94782872047412
			5.50261361155169	-2.93928428940028
			5.50261361155169	-2.93073985832644
			5.51115804262552	-2.93073985832644
			5.51115804262552	-2.9221954272526
			5.51115804262552	-2.91365099617876
			5.51970247369936	-2.90510656510493
			5.51970247369936	-2.89656213403109
			5.5282469047732	-2.88801770295725
			5.5282469047732	-2.87947327188341
			5.5282469047732	-2.87092884080958
			5.53679133584704	-2.86238440973574
			5.53679133584704	-2.8538399786619
			5.54533576692088	-2.8538399786619
			5.54533576692088	-2.84529554758806
			5.54533576692088	-2.83675111651422
			5.55388019799471	-2.82820668544038
			5.55388019799471	-2.81966225436655
			5.55388019799471	-2.81111782329271
			5.56242462906855	-2.81111782329271
			5.56242462906855	-2.80257339221887
			5.57096906014239	-2.79402896114503
			5.57096906014239	-2.78548453007119
			5.57096906014239	-2.77694009899736
			5.57951349121623	-2.77694009899736
			5.57951349121623	-2.76839566792352
			5.57951349121623	-2.75985123684968
			5.58805792229007	-2.75985123684968
			5.58805792229007	-2.75130680577584
			5.58805792229007	-2.742762374702
			5.5966023533639	-2.73421794362817
			5.5966023533639	-2.72567351255433
			5.60514678443774	-2.71712908148049
			5.60514678443774	-2.70858465040665
			5.61369121551158	-2.70858465040665
			5.61369121551158	-2.70004021933281
			5.61369121551158	-2.69149578825898
			5.62223564658542	-2.69149578825898
			5.62223564658542	-2.68295135718514
			5.62223564658542	-2.6744069261113
			5.63078007765926	-2.66586249503746
			5.63078007765926	-2.65731806396362
			5.63932450873309	-2.64877363288979
			5.63932450873309	-2.64022920181595
			5.64786893980693	-2.63168477074211
			5.64786893980693	-2.62314033966827
			5.65641337088077	-2.61459590859443
			5.65641337088077	-2.6060514775206
			5.66495780195461	-2.59750704644676
			5.66495780195461	-2.58896261537292
			5.67350223302845	-2.58041818429908
			5.67350223302845	-2.57187375322524
			5.68204666410228	-2.56332932215141
			5.68204666410228	-2.55478489107757
			5.69059109517612	-2.54624046000373
			5.69913552624996	-2.53769602892989
			5.69913552624996	-2.52915159785605
			5.7076799573238	-2.52060716678222
			5.7076799573238	-2.51206273570838
			5.71622438839764	-2.50351830463454
			5.72476881947147	-2.4949738735607
			5.72476881947147	-2.48642944248686
			5.73331325054531	-2.47788501141303
			5.73331325054531	-2.46934058033919
			5.74185768161915	-2.46079614926535
			5.75040211269299	-2.45225171819151
			5.75040211269299	-2.44370728711767
			5.75894654376683	-2.43516285604384
			5.75894654376683	-2.42661842497
			5.76749097484066	-2.41807399389616
			5.76749097484066	-2.40952956282232
			5.7760354059145	-2.40098513174848
		</curveLM12>
	</curves.scaled>
	<ruler.points type=matrix rownames=TRUE colnames=FALSE nrow=5 ncol=2 as.numeric=TRUE >
		Ruler point 1	211	814
		Ruler point 2	327	814
		Ruler point 3	443	814
		Ruler point 4	562	815
		Ruler point 5	679	814
	</ruler.points>
</shapes>

