<shapes type=list>
	<ruler.pixel type=vector names=FALSE length=1 as.numeric=TRUE >117.000944372445</ruler.pixel>
	<ruler.interval type=vector names=FALSE length=1 as.numeric=TRUE >1</ruler.interval>
	<scaling.units type=vector names=FALSE length=1 as.numeric=FALSE >cm</scaling.units>
	<scaling type=vector names=FALSE length=1 as.numeric=TRUE >0.00854693955987852</scaling>
	<landmarks.pixel type=matrix rownames=TRUE colnames=FALSE nrow=6 ncol=2 as.numeric=TRUE >
		LM01	676	295
		LM02	750	560
		LM03	707	543
		LM04	679	602
		LM05	651	542
		LM06	606	554
	</landmarks.pixel>
	<landmarks.scaled type=matrix rownames=TRUE colnames=FALSE nrow=6 ncol=2 as.numeric=TRUE >
		LM01	5.77773114247788	-2.52134717016416
		LM02	6.41020466990889	-4.78628615353197
		LM03	6.04268626883411	-4.64098818101404
		LM04	5.80337196115752	-5.14525761504687
		LM05	5.56405765348092	-4.63244124145416
		LM06	5.17944537328638	-4.7350045161727
	</landmarks.scaled>
	<curves.control type=list>
		<curveLM07 type=matrix rownames=FALSE colnames=FALSE nrow=7 ncol=2 as.numeric=TRUE >
			676	295
			697	328
			714	373
			735	449
			746	508
			754	556
			750	560
		</curveLM07>
		<curveLM08 type=matrix rownames=FALSE colnames=FALSE nrow=5 ncol=2 as.numeric=TRUE >
			750	560
			745	568
			723	548
			713	543
			707	543
		</curveLM08>
		<curveLM09 type=matrix rownames=FALSE colnames=FALSE nrow=5 ncol=2 as.numeric=TRUE >
			707	543
			702	544
			694	586
			688	602
			679	602
		</curveLM09>
		<curveLM10 type=matrix rownames=FALSE colnames=FALSE nrow=5 ncol=2 as.numeric=TRUE >
			679	602
			660	604
			658	577
			659	548
			651	542
		</curveLM10>
		<curveLM11 type=matrix rownames=FALSE colnames=FALSE nrow=5 ncol=2 as.numeric=TRUE >
			651	542
			646	539
			622	553
			612	559
			606	554
		</curveLM11>
		<curveLM12 type=matrix rownames=FALSE colnames=FALSE nrow=7 ncol=2 as.numeric=TRUE >
			606	554
			598	548
			616	460
			627	402
			647	348
			672	296
			676	295
		</curveLM12>
	</curves.control>
	<curves.pixel type=list>
		<curveLM07 type=matrix rownames=FALSE colnames=FALSE nrow=274 ncol=2 as.numeric=TRUE >
			676	295
			676	296
			677	296
			677	297
			678	298
			678	299
			679	299
			679	300
			680	301
			680	302
			681	303
			682	304
			682	305
			683	306
			683	307
			684	308
			684	309
			685	310
			685	311
			686	312
			687	313
			687	314
			688	315
			688	316
			689	316
			689	317
			690	318
			690	319
			691	320
			691	321
			692	322
			692	323
			693	324
			693	325
			694	326
			694	327
			695	328
			695	329
			696	330
			696	331
			697	332
			697	333
			698	334
			698	335
			699	336
			699	337
			699	338
			700	339
			700	340
			701	341
			701	342
			702	343
			702	344
			703	345
			703	346
			703	347
			704	348
			704	349
			705	350
			705	351
			706	352
			706	353
			706	354
			707	355
			707	356
			708	357
			708	358
			708	359
			709	360
			709	361
			710	362
			710	363
			711	364
			711	365
			711	366
			712	367
			712	368
			713	369
			713	370
			713	371
			714	372
			714	373
			714	374
			715	375
			715	376
			715	377
			715	378
			716	379
			716	380
			716	381
			716	382
			717	382
			717	383
			717	384
			717	385
			718	386
			718	387
			718	388
			718	389
			719	390
			719	391
			719	392
			720	393
			720	394
			720	395
			720	396
			721	397
			721	398
			721	399
			721	400
			722	401
			722	402
			722	403
			722	404
			723	405
			723	406
			723	407
			723	408
			724	409
			724	410
			724	411
			724	412
			725	413
			725	414
			725	415
			726	416
			726	417
			726	418
			726	419
			727	420
			727	421
			727	422
			727	423
			728	424
			728	425
			728	426
			728	427
			729	428
			729	429
			729	430
			729	431
			730	432
			730	433
			730	434
			730	435
			731	436
			731	437
			731	438
			731	439
			731	440
			732	441
			732	442
			732	443
			732	444
			733	445
			733	446
			733	447
			733	448
			734	449
			734	450
			734	451
			734	452
			734	453
			735	454
			735	455
			735	456
			735	457
			736	458
			736	459
			736	460
			736	461
			736	462
			737	462
			737	463
			737	464
			737	465
			737	466
			738	467
			738	468
			738	469
			738	470
			738	471
			739	472
			739	473
			739	474
			739	475
			740	476
			740	477
			740	478
			740	479
			740	480
			741	481
			741	482
			741	483
			741	484
			741	485
			742	485
			742	486
			742	487
			742	488
			742	489
			743	490
			743	491
			743	492
			743	493
			743	494
			743	495
			744	496
			744	497
			744	498
			744	499
			744	500
			745	500
			745	501
			745	502
			745	503
			745	504
			745	505
			746	506
			746	507
			746	508
			746	509
			746	510
			746	511
			747	511
			747	512
			747	513
			747	514
			747	515
			747	516
			747	517
			748	518
			748	519
			748	520
			748	521
			748	522
			748	523
			748	524
			749	525
			749	526
			749	527
			749	528
			749	529
			749	530
			750	531
			750	532
			750	533
			750	534
			750	535
			750	536
			750	537
			750	538
			750	539
			751	540
			751	541
			751	542
			751	543
			751	544
			751	545
			751	546
			751	547
			751	548
			751	549
			751	550
			751	551
			751	552
			751	553
			751	554
			751	555
			751	556
			751	557
			751	558
			751	559
			750	560
		</curveLM07>
		<curveLM08 type=matrix rownames=FALSE colnames=FALSE nrow=49 ncol=2 as.numeric=TRUE >
			750	560
			750	561
			749	561
			749	562
			748	562
			747	562
			746	562
			745	562
			744	562
			743	562
			742	561
			741	561
			740	561
			739	560
			738	559
			737	559
			736	558
			735	558
			735	557
			734	557
			733	556
			732	556
			732	555
			731	555
			730	554
			729	553
			728	553
			727	552
			727	551
			726	550
			725	550
			724	549
			723	548
			722	548
			721	547
			720	546
			719	546
			718	546
			717	545
			716	545
			715	545
			714	544
			713	544
			712	544
			711	543
			710	543
			709	543
			708	543
			707	543
		</curveLM08>
		<curveLM09 type=matrix rownames=FALSE colnames=FALSE nrow=65 ncol=2 as.numeric=TRUE >
			707	543
			706	543
			706	544
			705	545
			705	546
			704	547
			703	548
			703	549
			703	550
			702	551
			702	552
			702	553
			701	554
			701	555
			701	556
			701	557
			700	558
			700	559
			700	560
			699	561
			699	562
			699	563
			699	564
			698	565
			698	566
			698	567
			698	568
			697	569
			697	570
			697	571
			697	572
			697	573
			696	574
			696	575
			696	576
			696	577
			696	578
			695	579
			695	580
			695	581
			695	582
			695	583
			694	584
			694	585
			694	586
			694	587
			693	588
			693	589
			692	590
			692	591
			691	592
			691	593
			690	594
			689	595
			689	596
			688	597
			687	598
			686	599
			685	600
			684	601
			683	601
			682	602
			681	602
			680	602
			679	602
		</curveLM09>
		<curveLM10 type=matrix rownames=FALSE colnames=FALSE nrow=72 ncol=2 as.numeric=TRUE >
			679	602
			678	602
			677	602
			676	602
			675	602
			674	602
			673	602
			672	602
			671	601
			670	601
			669	600
			668	600
			667	599
			666	599
			666	598
			665	597
			664	597
			664	596
			663	595
			662	594
			662	593
			661	592
			661	591
			661	590
			660	589
			660	588
			660	587
			659	586
			659	585
			659	584
			659	583
			658	582
			658	581
			658	580
			658	579
			658	578
			658	577
			658	576
			658	575
			658	574
			658	573
			658	572
			658	571
			658	570
			658	569
			658	568
			658	567
			658	566
			658	565
			658	564
			658	563
			658	562
			658	561
			658	560
			658	559
			657	558
			657	557
			657	556
			657	555
			657	554
			657	553
			656	552
			656	551
			656	550
			656	549
			655	548
			655	547
			654	546
			654	545
			653	544
			652	543
			651	542
		</curveLM10>
		<curveLM11 type=matrix rownames=FALSE colnames=FALSE nrow=50 ncol=2 as.numeric=TRUE >
			651	542
			650	542
			649	541
			648	541
			647	542
			646	542
			645	542
			644	542
			643	543
			642	543
			641	543
			640	544
			639	544
			638	545
			637	545
			636	545
			636	546
			635	546
			634	546
			633	547
			632	548
			631	548
			630	549
			629	549
			628	550
			627	550
			626	551
			625	551
			624	552
			623	552
			622	553
			621	553
			621	554
			620	554
			619	554
			619	555
			618	555
			617	555
			617	556
			616	556
			615	556
			614	556
			613	556
			612	556
			611	556
			610	556
			609	556
			608	555
			607	554
			606	554
		</curveLM11>
		<curveLM12 type=matrix rownames=FALSE colnames=FALSE nrow=264 ncol=2 as.numeric=TRUE >
			606	554
			605	553
			605	552
			604	551
			604	550
			604	549
			604	548
			604	547
			604	546
			604	545
			604	544
			604	543
			604	542
			604	541
			604	540
			604	539
			604	538
			604	537
			604	536
			604	535
			604	534
			604	533
			604	532
			604	531
			604	530
			604	529
			604	528
			605	527
			605	526
			605	525
			605	524
			605	523
			605	522
			605	521
			605	520
			606	519
			606	518
			606	517
			606	516
			606	515
			606	514
			606	513
			606	512
			607	511
			607	510
			607	509
			607	508
			607	507
			607	506
			608	505
			608	504
			608	503
			608	502
			608	501
			608	500
			609	499
			609	498
			609	497
			609	496
			609	495
			609	494
			610	493
			610	492
			610	491
			610	490
			610	489
			611	488
			611	487
			611	486
			611	485
			611	484
			611	483
			612	482
			612	481
			612	480
			612	479
			612	478
			613	477
			613	476
			613	475
			613	474
			613	473
			614	472
			614	471
			614	470
			614	469
			614	468
			615	467
			615	466
			615	465
			615	464
			615	463
			616	462
			616	461
			616	460
			616	459
			616	458
			616	457
			617	457
			617	456
			617	455
			617	454
			617	453
			617	452
			618	451
			618	450
			618	449
			618	448
			619	447
			619	446
			619	445
			619	444
			620	443
			620	442
			620	441
			620	440
			620	439
			621	438
			621	437
			621	436
			621	435
			622	434
			622	433
			622	432
			622	431
			622	430
			623	429
			623	428
			623	427
			623	426
			624	425
			624	424
			624	423
			624	422
			625	421
			625	420
			625	419
			625	418
			626	417
			626	416
			626	415
			626	414
			627	413
			627	412
			627	411
			627	410
			628	409
			628	408
			628	407
			629	406
			629	405
			629	404
			629	403
			630	402
			630	401
			630	400
			630	399
			631	398
			631	397
			631	396
			632	395
			632	394
			632	393
			632	392
			633	391
			633	390
			633	389
			634	388
			634	387
			634	386
			635	385
			635	384
			635	383
			635	382
			636	381
			636	380
			636	379
			637	378
			637	377
			637	376
			638	375
			638	374
			638	373
			639	372
			639	371
			639	370
			640	369
			640	368
			640	367
			640	366
			641	365
			641	364
			642	363
			642	362
			642	361
			643	360
			643	359
			643	358
			644	357
			644	356
			644	355
			645	354
			645	353
			646	352
			646	351
			646	350
			647	349
			647	348
			648	347
			648	346
			648	345
			649	344
			649	343
			650	342
			650	341
			651	340
			651	339
			652	338
			652	337
			653	336
			653	335
			654	334
			654	333
			655	332
			655	331
			656	330
			656	329
			657	328
			657	327
			658	326
			658	325
			659	325
			659	324
			659	323
			660	322
			660	321
			661	320
			661	319
			662	318
			662	317
			663	316
			663	315
			664	314
			665	313
			665	312
			666	311
			666	310
			666	309
			667	308
			668	307
			668	306
			669	305
			669	304
			670	303
			671	302
			672	301
			672	300
			672	299
			673	298
			674	297
			674	296
			675	296
			675	295
			676	295
		</curveLM12>
	</curves.pixel>
	<curves.scaled type=list>
		<curveLM07 type=matrix rownames=FALSE colnames=FALSE nrow=274 ncol=2 as.numeric=TRUE >
			5.77773114247788	-2.52134717016416
			5.77773114247788	-2.52989410972404
			5.78627808203776	-2.52989410972404
			5.78627808203776	-2.53844104928392
			5.79482502159764	-2.5469879888438
			5.79482502159764	-2.55553492840368
			5.80337196115752	-2.55553492840368
			5.80337196115752	-2.56408186796356
			5.8119189007174	-2.57262880752344
			5.8119189007174	-2.58117574708331
			5.82046584027727	-2.58972268664319
			5.82901277983715	-2.59826962620307
			5.82901277983715	-2.60681656576295
			5.83755971939703	-2.61536350532283
			5.83755971939703	-2.62391044488271
			5.84610665895691	-2.63245738444258
			5.84610665895691	-2.64100432400246
			5.85465359851679	-2.64955126356234
			5.85465359851679	-2.65809820312222
			5.86320053807667	-2.6666451426821
			5.87174747763654	-2.67519208224198
			5.87174747763654	-2.68373902180186
			5.88029441719642	-2.69228596136173
			5.88029441719642	-2.70083290092161
			5.8888413567563	-2.70083290092161
			5.8888413567563	-2.70937984048149
			5.89738829631618	-2.71792678004137
			5.89738829631618	-2.72647371960125
			5.90593523587606	-2.73502065916113
			5.90593523587606	-2.74356759872101
			5.91448217543594	-2.75211453828088
			5.91448217543594	-2.76066147784076
			5.92302911499582	-2.76920841740064
			5.92302911499582	-2.77775535696052
			5.93157605455569	-2.7863022965204
			5.93157605455569	-2.79484923608028
			5.94012299411557	-2.80339617564016
			5.94012299411557	-2.81194311520003
			5.94866993367545	-2.82049005475991
			5.94866993367545	-2.82903699431979
			5.95721687323533	-2.83758393387967
			5.95721687323533	-2.84613087343955
			5.96576381279521	-2.85467781299943
			5.96576381279521	-2.8632247525593
			5.97431075235509	-2.87177169211918
			5.97431075235509	-2.88031863167906
			5.97431075235509	-2.88886557123894
			5.98285769191497	-2.89741251079882
			5.98285769191497	-2.9059594503587
			5.99140463147484	-2.91450638991858
			5.99140463147484	-2.92305332947845
			5.99995157103472	-2.93160026903833
			5.99995157103472	-2.94014720859821
			6.0084985105946	-2.94869414815809
			6.0084985105946	-2.95724108771797
			6.0084985105946	-2.96578802727785
			6.01704545015448	-2.97433496683773
			6.01704545015448	-2.9828819063976
			6.02559238971436	-2.99142884595748
			6.02559238971436	-2.99997578551736
			6.03413932927424	-3.00852272507724
			6.03413932927424	-3.01706966463712
			6.03413932927424	-3.025616604197
			6.04268626883411	-3.03416354375688
			6.04268626883411	-3.04271048331675
			6.05123320839399	-3.05125742287663
			6.05123320839399	-3.05980436243651
			6.05123320839399	-3.06835130199639
			6.05978014795387	-3.07689824155627
			6.05978014795387	-3.08544518111615
			6.06832708751375	-3.09399212067602
			6.06832708751375	-3.1025390602359
			6.07687402707363	-3.11108599979578
			6.07687402707363	-3.11963293935566
			6.07687402707363	-3.12817987891554
			6.08542096663351	-3.13672681847542
			6.08542096663351	-3.1452737580353
			6.09396790619339	-3.15382069759517
			6.09396790619339	-3.16236763715505
			6.09396790619339	-3.17091457671493
			6.10251484575326	-3.17946151627481
			6.10251484575326	-3.18800845583469
			6.10251484575326	-3.19655539539457
			6.11106178531314	-3.20510233495445
			6.11106178531314	-3.21364927451432
			6.11106178531314	-3.2221962140742
			6.11106178531314	-3.23074315363408
			6.11960872487302	-3.23929009319396
			6.11960872487302	-3.24783703275384
			6.11960872487302	-3.25638397231372
			6.11960872487302	-3.2649309118736
			6.1281556644329	-3.2649309118736
			6.1281556644329	-3.27347785143347
			6.1281556644329	-3.28202479099335
			6.1281556644329	-3.29057173055323
			6.13670260399278	-3.29911867011311
			6.13670260399278	-3.30766560967299
			6.13670260399278	-3.31621254923287
			6.13670260399278	-3.32475948879275
			6.14524954355266	-3.33330642835262
			6.14524954355266	-3.3418533679125
			6.14524954355266	-3.35040030747238
			6.15379648311254	-3.35894724703226
			6.15379648311254	-3.36749418659214
			6.15379648311254	-3.37604112615202
			6.15379648311254	-3.38458806571189
			6.16234342267241	-3.39313500527177
			6.16234342267241	-3.40168194483165
			6.16234342267241	-3.41022888439153
			6.16234342267241	-3.41877582395141
			6.17089036223229	-3.42732276351129
			6.17089036223229	-3.43586970307117
			6.17089036223229	-3.44441664263104
			6.17089036223229	-3.45296358219092
			6.17943730179217	-3.4615105217508
			6.17943730179217	-3.47005746131068
			6.17943730179217	-3.47860440087056
			6.17943730179217	-3.48715134043044
			6.18798424135205	-3.49569827999032
			6.18798424135205	-3.50424521955019
			6.18798424135205	-3.51279215911007
			6.18798424135205	-3.52133909866995
			6.19653118091193	-3.52988603822983
			6.19653118091193	-3.53843297778971
			6.19653118091193	-3.54697991734959
			6.20507812047181	-3.55552685690947
			6.20507812047181	-3.56407379646934
			6.20507812047181	-3.57262073602922
			6.20507812047181	-3.5811676755891
			6.21362506003169	-3.58971461514898
			6.21362506003169	-3.59826155470886
			6.21362506003169	-3.60680849426874
			6.21362506003169	-3.61535543382861
			6.22217199959156	-3.62390237338849
			6.22217199959156	-3.63244931294837
			6.22217199959156	-3.64099625250825
			6.22217199959156	-3.64954319206813
			6.23071893915144	-3.65809013162801
			6.23071893915144	-3.66663707118789
			6.23071893915144	-3.67518401074776
			6.23071893915144	-3.68373095030764
			6.23926587871132	-3.69227788986752
			6.23926587871132	-3.7008248294274
			6.23926587871132	-3.70937176898728
			6.23926587871132	-3.71791870854716
			6.2478128182712	-3.72646564810704
			6.2478128182712	-3.73501258766691
			6.2478128182712	-3.74355952722679
			6.2478128182712	-3.75210646678667
			6.2478128182712	-3.76065340634655
			6.25635975783108	-3.76920034590643
			6.25635975783108	-3.77774728546631
			6.25635975783108	-3.78629422502619
			6.25635975783108	-3.79484116458606
			6.26490669739096	-3.80338810414594
			6.26490669739096	-3.81193504370582
			6.26490669739096	-3.8204819832657
			6.26490669739096	-3.82902892282558
			6.27345363695084	-3.83757586238546
			6.27345363695084	-3.84612280194533
			6.27345363695084	-3.85466974150521
			6.27345363695084	-3.86321668106509
			6.27345363695084	-3.87176362062497
			6.28200057651071	-3.88031056018485
			6.28200057651071	-3.88885749974473
			6.28200057651071	-3.89740443930461
			6.28200057651071	-3.90595137886448
			6.29054751607059	-3.91449831842436
			6.29054751607059	-3.92304525798424
			6.29054751607059	-3.93159219754412
			6.29054751607059	-3.940139137104
			6.29054751607059	-3.94868607666388
			6.29909445563047	-3.94868607666388
			6.29909445563047	-3.95723301622376
			6.29909445563047	-3.96577995578363
			6.29909445563047	-3.97432689534351
			6.29909445563047	-3.98287383490339
			6.30764139519035	-3.99142077446327
			6.30764139519035	-3.99996771402315
			6.30764139519035	-4.00851465358303
			6.30764139519035	-4.01706159314291
			6.30764139519035	-4.02560853270278
			6.31618833475023	-4.03415547226266
			6.31618833475023	-4.04270241182254
			6.31618833475023	-4.05124935138242
			6.31618833475023	-4.0597962909423
			6.32473527431011	-4.06834323050218
			6.32473527431011	-4.07689017006205
			6.32473527431011	-4.08543710962193
			6.32473527431011	-4.09398404918181
			6.32473527431011	-4.10253098874169
			6.33328221386998	-4.11107792830157
			6.33328221386998	-4.11962486786145
			6.33328221386998	-4.12817180742133
			6.33328221386998	-4.13671874698121
			6.33328221386998	-4.14526568654108
			6.34182915342986	-4.14526568654108
			6.34182915342986	-4.15381262610096
			6.34182915342986	-4.16235956566084
			6.34182915342986	-4.17090650522072
			6.34182915342986	-4.1794534447806
			6.35037609298974	-4.18800038434048
			6.35037609298974	-4.19654732390035
			6.35037609298974	-4.20509426346023
			6.35037609298974	-4.21364120302011
			6.35037609298974	-4.22218814257999
			6.35037609298974	-4.23073508213987
			6.35892303254962	-4.23928202169975
			6.35892303254962	-4.24782896125963
			6.35892303254962	-4.2563759008195
			6.35892303254962	-4.26492284037938
			6.35892303254962	-4.27346977993926
			6.3674699721095	-4.27346977993926
			6.3674699721095	-4.28201671949914
			6.3674699721095	-4.29056365905902
			6.3674699721095	-4.2991105986189
			6.3674699721095	-4.30765753817878
			6.3674699721095	-4.31620447773865
			6.37601691166938	-4.32475141729853
			6.37601691166938	-4.33329835685841
			6.37601691166938	-4.34184529641829
			6.37601691166938	-4.35039223597817
			6.37601691166938	-4.35893917553805
			6.37601691166938	-4.36748611509792
			6.38456385122926	-4.36748611509792
			6.38456385122926	-4.3760330546578
			6.38456385122926	-4.38457999421768
			6.38456385122926	-4.39312693377756
			6.38456385122926	-4.40167387333744
			6.38456385122926	-4.41022081289732
			6.38456385122926	-4.4187677524572
			6.39311079078913	-4.42731469201707
			6.39311079078913	-4.43586163157695
			6.39311079078913	-4.44440857113683
			6.39311079078913	-4.45295551069671
			6.39311079078913	-4.46150245025659
			6.39311079078913	-4.47004938981647
			6.39311079078913	-4.47859632937635
			6.40165773034901	-4.48714326893622
			6.40165773034901	-4.4956902084961
			6.40165773034901	-4.50423714805598
			6.40165773034901	-4.51278408761586
			6.40165773034901	-4.52133102717574
			6.40165773034901	-4.52987796673562
			6.41020466990889	-4.5384249062955
			6.41020466990889	-4.54697184585537
			6.41020466990889	-4.55551878541525
			6.41020466990889	-4.56406572497513
			6.41020466990889	-4.57261266453501
			6.41020466990889	-4.58115960409489
			6.41020466990889	-4.58970654365477
			6.41020466990889	-4.59825348321464
			6.41020466990889	-4.60680042277452
			6.41875160946877	-4.6153473623344
			6.41875160946877	-4.62389430189428
			6.41875160946877	-4.63244124145416
			6.41875160946877	-4.64098818101404
			6.41875160946877	-4.64953512057392
			6.41875160946877	-4.65808206013379
			6.41875160946877	-4.66662899969367
			6.41875160946877	-4.67517593925355
			6.41875160946877	-4.68372287881343
			6.41875160946877	-4.69226981837331
			6.41875160946877	-4.70081675793319
			6.41875160946877	-4.70936369749307
			6.41875160946877	-4.71791063705294
			6.41875160946877	-4.72645757661282
			6.41875160946877	-4.7350045161727
			6.41875160946877	-4.74355145573258
			6.41875160946877	-4.75209839529246
			6.41875160946877	-4.76064533485234
			6.41875160946877	-4.76919227441222
			6.41875160946877	-4.77773921397209
			6.41020466990889	-4.78628615353197
		</curveLM07>
		<curveLM08 type=matrix rownames=FALSE colnames=FALSE nrow=49 ncol=2 as.numeric=TRUE >
			6.41020466990889	-4.78628615353197
			6.41020466990889	-4.79483309309185
			6.40165773034901	-4.79483309309185
			6.40165773034901	-4.80338003265173
			6.39311079078913	-4.80338003265173
			6.38456385122926	-4.80338003265173
			6.37601691166938	-4.80338003265173
			6.3674699721095	-4.80338003265173
			6.35892303254962	-4.80338003265173
			6.35037609298974	-4.80338003265173
			6.34182915342986	-4.79483309309185
			6.33328221386998	-4.79483309309185
			6.32473527431011	-4.79483309309185
			6.31618833475023	-4.78628615353197
			6.30764139519035	-4.77773921397209
			6.29909445563047	-4.77773921397209
			6.29054751607059	-4.76919227441222
			6.28200057651071	-4.76919227441222
			6.28200057651071	-4.76064533485234
			6.27345363695084	-4.76064533485234
			6.26490669739096	-4.75209839529246
			6.25635975783108	-4.75209839529246
			6.25635975783108	-4.74355145573258
			6.2478128182712	-4.74355145573258
			6.23926587871132	-4.7350045161727
			6.23071893915144	-4.72645757661282
			6.22217199959156	-4.72645757661282
			6.21362506003169	-4.71791063705294
			6.21362506003169	-4.70936369749307
			6.20507812047181	-4.70081675793319
			6.19653118091193	-4.70081675793319
			6.18798424135205	-4.69226981837331
			6.17943730179217	-4.68372287881343
			6.17089036223229	-4.68372287881343
			6.16234342267241	-4.67517593925355
			6.15379648311254	-4.66662899969367
			6.14524954355266	-4.66662899969367
			6.13670260399278	-4.66662899969367
			6.1281556644329	-4.65808206013379
			6.11960872487302	-4.65808206013379
			6.11106178531314	-4.65808206013379
			6.10251484575326	-4.64953512057392
			6.09396790619339	-4.64953512057392
			6.08542096663351	-4.64953512057392
			6.07687402707363	-4.64098818101404
			6.06832708751375	-4.64098818101404
			6.05978014795387	-4.64098818101404
			6.05123320839399	-4.64098818101404
			6.04268626883411	-4.64098818101404
		</curveLM08>
		<curveLM09 type=matrix rownames=FALSE colnames=FALSE nrow=65 ncol=2 as.numeric=TRUE >
			6.04268626883411	-4.64098818101404
			6.03413932927424	-4.64098818101404
			6.03413932927424	-4.64953512057392
			6.02559238971436	-4.65808206013379
			6.02559238971436	-4.66662899969367
			6.01704545015448	-4.67517593925355
			6.0084985105946	-4.68372287881343
			6.0084985105946	-4.69226981837331
			6.0084985105946	-4.70081675793319
			5.99995157103472	-4.70936369749307
			5.99995157103472	-4.71791063705294
			5.99995157103472	-4.72645757661282
			5.99140463147484	-4.7350045161727
			5.99140463147484	-4.74355145573258
			5.99140463147484	-4.75209839529246
			5.99140463147484	-4.76064533485234
			5.98285769191497	-4.76919227441222
			5.98285769191497	-4.77773921397209
			5.98285769191497	-4.78628615353197
			5.97431075235509	-4.79483309309185
			5.97431075235509	-4.80338003265173
			5.97431075235509	-4.81192697221161
			5.97431075235509	-4.82047391177149
			5.96576381279521	-4.82902085133137
			5.96576381279521	-4.83756779089124
			5.96576381279521	-4.84611473045112
			5.96576381279521	-4.854661670011
			5.95721687323533	-4.86320860957088
			5.95721687323533	-4.87175554913076
			5.95721687323533	-4.88030248869064
			5.95721687323533	-4.88884942825051
			5.95721687323533	-4.89739636781039
			5.94866993367545	-4.90594330737027
			5.94866993367545	-4.91449024693015
			5.94866993367545	-4.92303718649003
			5.94866993367545	-4.93158412604991
			5.94866993367545	-4.94013106560979
			5.94012299411557	-4.94867800516966
			5.94012299411557	-4.95722494472954
			5.94012299411557	-4.96577188428942
			5.94012299411557	-4.9743188238493
			5.94012299411557	-4.98286576340918
			5.93157605455569	-4.99141270296906
			5.93157605455569	-4.99995964252894
			5.93157605455569	-5.00850658208881
			5.93157605455569	-5.01705352164869
			5.92302911499582	-5.02560046120857
			5.92302911499582	-5.03414740076845
			5.91448217543594	-5.04269434032833
			5.91448217543594	-5.05124127988821
			5.90593523587606	-5.05978821944808
			5.90593523587606	-5.06833515900796
			5.89738829631618	-5.07688209856784
			5.8888413567563	-5.08542903812772
			5.8888413567563	-5.0939759776876
			5.88029441719642	-5.10252291724748
			5.87174747763654	-5.11106985680736
			5.86320053807667	-5.11961679636723
			5.85465359851679	-5.12816373592711
			5.84610665895691	-5.13671067548699
			5.83755971939703	-5.13671067548699
			5.82901277983715	-5.14525761504687
			5.82046584027727	-5.14525761504687
			5.8119189007174	-5.14525761504687
			5.80337196115752	-5.14525761504687
		</curveLM09>
		<curveLM10 type=matrix rownames=FALSE colnames=FALSE nrow=72 ncol=2 as.numeric=TRUE >
			5.80337196115752	-5.14525761504687
			5.79482502159764	-5.14525761504687
			5.78627808203776	-5.14525761504687
			5.77773114247788	-5.14525761504687
			5.769184202918	-5.14525761504687
			5.76063726335812	-5.14525761504687
			5.75209032379825	-5.14525761504687
			5.74354338423837	-5.14525761504687
			5.73499644467849	-5.13671067548699
			5.72644950511861	-5.13671067548699
			5.71790256555873	-5.12816373592711
			5.70935562599885	-5.12816373592711
			5.70080868643897	-5.11961679636723
			5.6922617468791	-5.11961679636723
			5.6922617468791	-5.11106985680736
			5.68371480731922	-5.10252291724748
			5.67516786775934	-5.10252291724748
			5.67516786775934	-5.0939759776876
			5.66662092819946	-5.08542903812772
			5.65807398863958	-5.07688209856784
			5.65807398863958	-5.06833515900796
			5.6495270490797	-5.05978821944808
			5.6495270490797	-5.05124127988821
			5.6495270490797	-5.04269434032833
			5.64098010951982	-5.03414740076845
			5.64098010951982	-5.02560046120857
			5.64098010951982	-5.01705352164869
			5.63243316995995	-5.00850658208881
			5.63243316995995	-4.99995964252894
			5.63243316995995	-4.99141270296906
			5.63243316995995	-4.98286576340918
			5.62388623040007	-4.9743188238493
			5.62388623040007	-4.96577188428942
			5.62388623040007	-4.95722494472954
			5.62388623040007	-4.94867800516966
			5.62388623040007	-4.94013106560979
			5.62388623040007	-4.93158412604991
			5.62388623040007	-4.92303718649003
			5.62388623040007	-4.91449024693015
			5.62388623040007	-4.90594330737027
			5.62388623040007	-4.89739636781039
			5.62388623040007	-4.88884942825051
			5.62388623040007	-4.88030248869064
			5.62388623040007	-4.87175554913076
			5.62388623040007	-4.86320860957088
			5.62388623040007	-4.854661670011
			5.62388623040007	-4.84611473045112
			5.62388623040007	-4.83756779089124
			5.62388623040007	-4.82902085133137
			5.62388623040007	-4.82047391177149
			5.62388623040007	-4.81192697221161
			5.62388623040007	-4.80338003265173
			5.62388623040007	-4.79483309309185
			5.62388623040007	-4.78628615353197
			5.62388623040007	-4.77773921397209
			5.61533929084019	-4.76919227441222
			5.61533929084019	-4.76064533485234
			5.61533929084019	-4.75209839529246
			5.61533929084019	-4.74355145573258
			5.61533929084019	-4.7350045161727
			5.61533929084019	-4.72645757661282
			5.60679235128031	-4.71791063705294
			5.60679235128031	-4.70936369749307
			5.60679235128031	-4.70081675793319
			5.60679235128031	-4.69226981837331
			5.59824541172043	-4.68372287881343
			5.59824541172043	-4.67517593925355
			5.58969847216055	-4.66662899969367
			5.58969847216055	-4.65808206013379
			5.58115153260067	-4.64953512057392
			5.5726045930408	-4.64098818101404
			5.56405765348092	-4.63244124145416
		</curveLM10>
		<curveLM11 type=matrix rownames=FALSE colnames=FALSE nrow=50 ncol=2 as.numeric=TRUE >
			5.56405765348092	-4.63244124145416
			5.55551071392104	-4.63244124145416
			5.54696377436116	-4.62389430189428
			5.53841683480128	-4.62389430189428
			5.5298698952414	-4.63244124145416
			5.52132295568153	-4.63244124145416
			5.51277601612165	-4.63244124145416
			5.50422907656177	-4.63244124145416
			5.49568213700189	-4.64098818101404
			5.48713519744201	-4.64098818101404
			5.47858825788213	-4.64098818101404
			5.47004131832225	-4.64953512057392
			5.46149437876238	-4.64953512057392
			5.4529474392025	-4.65808206013379
			5.44440049964262	-4.65808206013379
			5.43585356008274	-4.65808206013379
			5.43585356008274	-4.66662899969367
			5.42730662052286	-4.66662899969367
			5.41875968096298	-4.66662899969367
			5.4102127414031	-4.67517593925355
			5.40166580184323	-4.68372287881343
			5.39311886228335	-4.68372287881343
			5.38457192272347	-4.69226981837331
			5.37602498316359	-4.69226981837331
			5.36747804360371	-4.70081675793319
			5.35893110404383	-4.70081675793319
			5.35038416448395	-4.70936369749307
			5.34183722492408	-4.70936369749307
			5.3332902853642	-4.71791063705294
			5.32474334580432	-4.71791063705294
			5.31619640624444	-4.72645757661282
			5.30764946668456	-4.72645757661282
			5.30764946668456	-4.7350045161727
			5.29910252712468	-4.7350045161727
			5.29055558756481	-4.7350045161727
			5.29055558756481	-4.74355145573258
			5.28200864800493	-4.74355145573258
			5.27346170844505	-4.74355145573258
			5.27346170844505	-4.75209839529246
			5.26491476888517	-4.75209839529246
			5.25636782932529	-4.75209839529246
			5.24782088976541	-4.75209839529246
			5.23927395020553	-4.75209839529246
			5.23072701064566	-4.75209839529246
			5.22218007108578	-4.75209839529246
			5.2136331315259	-4.75209839529246
			5.20508619196602	-4.75209839529246
			5.19653925240614	-4.74355145573258
			5.18799231284626	-4.7350045161727
			5.17944537328638	-4.7350045161727
		</curveLM11>
		<curveLM12 type=matrix rownames=FALSE colnames=FALSE nrow=264 ncol=2 as.numeric=TRUE >
			5.17944537328638	-4.7350045161727
			5.17089843372651	-4.72645757661282
			5.17089843372651	-4.71791063705294
			5.16235149416663	-4.70936369749307
			5.16235149416663	-4.70081675793319
			5.16235149416663	-4.69226981837331
			5.16235149416663	-4.68372287881343
			5.16235149416663	-4.67517593925355
			5.16235149416663	-4.66662899969367
			5.16235149416663	-4.65808206013379
			5.16235149416663	-4.64953512057392
			5.16235149416663	-4.64098818101404
			5.16235149416663	-4.63244124145416
			5.16235149416663	-4.62389430189428
			5.16235149416663	-4.6153473623344
			5.16235149416663	-4.60680042277452
			5.16235149416663	-4.59825348321464
			5.16235149416663	-4.58970654365477
			5.16235149416663	-4.58115960409489
			5.16235149416663	-4.57261266453501
			5.16235149416663	-4.56406572497513
			5.16235149416663	-4.55551878541525
			5.16235149416663	-4.54697184585537
			5.16235149416663	-4.5384249062955
			5.16235149416663	-4.52987796673562
			5.16235149416663	-4.52133102717574
			5.16235149416663	-4.51278408761586
			5.17089843372651	-4.50423714805598
			5.17089843372651	-4.4956902084961
			5.17089843372651	-4.48714326893622
			5.17089843372651	-4.47859632937635
			5.17089843372651	-4.47004938981647
			5.17089843372651	-4.46150245025659
			5.17089843372651	-4.45295551069671
			5.17089843372651	-4.44440857113683
			5.17944537328638	-4.43586163157695
			5.17944537328638	-4.42731469201707
			5.17944537328638	-4.4187677524572
			5.17944537328638	-4.41022081289732
			5.17944537328638	-4.40167387333744
			5.17944537328638	-4.39312693377756
			5.17944537328638	-4.38457999421768
			5.17944537328638	-4.3760330546578
			5.18799231284626	-4.36748611509792
			5.18799231284626	-4.35893917553805
			5.18799231284626	-4.35039223597817
			5.18799231284626	-4.34184529641829
			5.18799231284626	-4.33329835685841
			5.18799231284626	-4.32475141729853
			5.19653925240614	-4.31620447773865
			5.19653925240614	-4.30765753817878
			5.19653925240614	-4.2991105986189
			5.19653925240614	-4.29056365905902
			5.19653925240614	-4.28201671949914
			5.19653925240614	-4.27346977993926
			5.20508619196602	-4.26492284037938
			5.20508619196602	-4.2563759008195
			5.20508619196602	-4.24782896125963
			5.20508619196602	-4.23928202169975
			5.20508619196602	-4.23073508213987
			5.20508619196602	-4.22218814257999
			5.2136331315259	-4.21364120302011
			5.2136331315259	-4.20509426346023
			5.2136331315259	-4.19654732390035
			5.2136331315259	-4.18800038434048
			5.2136331315259	-4.1794534447806
			5.22218007108578	-4.17090650522072
			5.22218007108578	-4.16235956566084
			5.22218007108578	-4.15381262610096
			5.22218007108578	-4.14526568654108
			5.22218007108578	-4.13671874698121
			5.22218007108578	-4.12817180742133
			5.23072701064566	-4.11962486786145
			5.23072701064566	-4.11107792830157
			5.23072701064566	-4.10253098874169
			5.23072701064566	-4.09398404918181
			5.23072701064566	-4.08543710962193
			5.23927395020553	-4.07689017006205
			5.23927395020553	-4.06834323050218
			5.23927395020553	-4.0597962909423
			5.23927395020553	-4.05124935138242
			5.23927395020553	-4.04270241182254
			5.24782088976541	-4.03415547226266
			5.24782088976541	-4.02560853270278
			5.24782088976541	-4.01706159314291
			5.24782088976541	-4.00851465358303
			5.24782088976541	-3.99996771402315
			5.25636782932529	-3.99142077446327
			5.25636782932529	-3.98287383490339
			5.25636782932529	-3.97432689534351
			5.25636782932529	-3.96577995578363
			5.25636782932529	-3.95723301622376
			5.26491476888517	-3.94868607666388
			5.26491476888517	-3.940139137104
			5.26491476888517	-3.93159219754412
			5.26491476888517	-3.92304525798424
			5.26491476888517	-3.91449831842436
			5.26491476888517	-3.90595137886448
			5.27346170844505	-3.90595137886448
			5.27346170844505	-3.89740443930461
			5.27346170844505	-3.88885749974473
			5.27346170844505	-3.88031056018485
			5.27346170844505	-3.87176362062497
			5.27346170844505	-3.86321668106509
			5.28200864800493	-3.85466974150521
			5.28200864800493	-3.84612280194533
			5.28200864800493	-3.83757586238546
			5.28200864800493	-3.82902892282558
			5.29055558756481	-3.8204819832657
			5.29055558756481	-3.81193504370582
			5.29055558756481	-3.80338810414594
			5.29055558756481	-3.79484116458606
			5.29910252712468	-3.78629422502619
			5.29910252712468	-3.77774728546631
			5.29910252712468	-3.76920034590643
			5.29910252712468	-3.76065340634655
			5.29910252712468	-3.75210646678667
			5.30764946668456	-3.74355952722679
			5.30764946668456	-3.73501258766691
			5.30764946668456	-3.72646564810704
			5.30764946668456	-3.71791870854716
			5.31619640624444	-3.70937176898728
			5.31619640624444	-3.7008248294274
			5.31619640624444	-3.69227788986752
			5.31619640624444	-3.68373095030764
			5.31619640624444	-3.67518401074776
			5.32474334580432	-3.66663707118789
			5.32474334580432	-3.65809013162801
			5.32474334580432	-3.64954319206813
			5.32474334580432	-3.64099625250825
			5.3332902853642	-3.63244931294837
			5.3332902853642	-3.62390237338849
			5.3332902853642	-3.61535543382861
			5.3332902853642	-3.60680849426874
			5.34183722492408	-3.59826155470886
			5.34183722492408	-3.58971461514898
			5.34183722492408	-3.5811676755891
			5.34183722492408	-3.57262073602922
			5.35038416448395	-3.56407379646934
			5.35038416448395	-3.55552685690947
			5.35038416448395	-3.54697991734959
			5.35038416448395	-3.53843297778971
			5.35893110404383	-3.52988603822983
			5.35893110404383	-3.52133909866995
			5.35893110404383	-3.51279215911007
			5.35893110404383	-3.50424521955019
			5.36747804360371	-3.49569827999032
			5.36747804360371	-3.48715134043044
			5.36747804360371	-3.47860440087056
			5.37602498316359	-3.47005746131068
			5.37602498316359	-3.4615105217508
			5.37602498316359	-3.45296358219092
			5.37602498316359	-3.44441664263104
			5.38457192272347	-3.43586970307117
			5.38457192272347	-3.42732276351129
			5.38457192272347	-3.41877582395141
			5.38457192272347	-3.41022888439153
			5.39311886228335	-3.40168194483165
			5.39311886228335	-3.39313500527177
			5.39311886228335	-3.38458806571189
			5.40166580184323	-3.37604112615202
			5.40166580184323	-3.36749418659214
			5.40166580184323	-3.35894724703226
			5.40166580184323	-3.35040030747238
			5.4102127414031	-3.3418533679125
			5.4102127414031	-3.33330642835262
			5.4102127414031	-3.32475948879275
			5.41875968096298	-3.31621254923287
			5.41875968096298	-3.30766560967299
			5.41875968096298	-3.29911867011311
			5.42730662052286	-3.29057173055323
			5.42730662052286	-3.28202479099335
			5.42730662052286	-3.27347785143347
			5.42730662052286	-3.2649309118736
			5.43585356008274	-3.25638397231372
			5.43585356008274	-3.24783703275384
			5.43585356008274	-3.23929009319396
			5.44440049964262	-3.23074315363408
			5.44440049964262	-3.2221962140742
			5.44440049964262	-3.21364927451432
			5.4529474392025	-3.20510233495445
			5.4529474392025	-3.19655539539457
			5.4529474392025	-3.18800845583469
			5.46149437876238	-3.17946151627481
			5.46149437876238	-3.17091457671493
			5.46149437876238	-3.16236763715505
			5.47004131832225	-3.15382069759517
			5.47004131832225	-3.1452737580353
			5.47004131832225	-3.13672681847542
			5.47004131832225	-3.12817987891554
			5.47858825788213	-3.11963293935566
			5.47858825788213	-3.11108599979578
			5.48713519744201	-3.1025390602359
			5.48713519744201	-3.09399212067602
			5.48713519744201	-3.08544518111615
			5.49568213700189	-3.07689824155627
			5.49568213700189	-3.06835130199639
			5.49568213700189	-3.05980436243651
			5.50422907656177	-3.05125742287663
			5.50422907656177	-3.04271048331675
			5.50422907656177	-3.03416354375688
			5.51277601612165	-3.025616604197
			5.51277601612165	-3.01706966463712
			5.52132295568153	-3.00852272507724
			5.52132295568153	-2.99997578551736
			5.52132295568153	-2.99142884595748
			5.5298698952414	-2.9828819063976
			5.5298698952414	-2.97433496683773
			5.53841683480128	-2.96578802727785
			5.53841683480128	-2.95724108771797
			5.53841683480128	-2.94869414815809
			5.54696377436116	-2.94014720859821
			5.54696377436116	-2.93160026903833
			5.55551071392104	-2.92305332947845
			5.55551071392104	-2.91450638991858
			5.56405765348092	-2.9059594503587
			5.56405765348092	-2.89741251079882
			5.5726045930408	-2.88886557123894
			5.5726045930408	-2.88031863167906
			5.58115153260067	-2.87177169211918
			5.58115153260067	-2.8632247525593
			5.58969847216055	-2.85467781299943
			5.58969847216055	-2.84613087343955
			5.59824541172043	-2.83758393387967
			5.59824541172043	-2.82903699431979
			5.60679235128031	-2.82049005475991
			5.60679235128031	-2.81194311520003
			5.61533929084019	-2.80339617564016
			5.61533929084019	-2.79484923608028
			5.62388623040007	-2.7863022965204
			5.62388623040007	-2.77775535696052
			5.63243316995995	-2.77775535696052
			5.63243316995995	-2.76920841740064
			5.63243316995995	-2.76066147784076
			5.64098010951982	-2.75211453828088
			5.64098010951982	-2.74356759872101
			5.6495270490797	-2.73502065916113
			5.6495270490797	-2.72647371960125
			5.65807398863958	-2.71792678004137
			5.65807398863958	-2.70937984048149
			5.66662092819946	-2.70083290092161
			5.66662092819946	-2.69228596136173
			5.67516786775934	-2.68373902180186
			5.68371480731922	-2.67519208224198
			5.68371480731922	-2.6666451426821
			5.6922617468791	-2.65809820312222
			5.6922617468791	-2.64955126356234
			5.6922617468791	-2.64100432400246
			5.70080868643897	-2.63245738444258
			5.70935562599885	-2.62391044488271
			5.70935562599885	-2.61536350532283
			5.71790256555873	-2.60681656576295
			5.71790256555873	-2.59826962620307
			5.72644950511861	-2.58972268664319
			5.73499644467849	-2.58117574708331
			5.74354338423837	-2.57262880752344
			5.74354338423837	-2.56408186796356
			5.74354338423837	-2.55553492840368
			5.75209032379825	-2.5469879888438
			5.76063726335812	-2.53844104928392
			5.76063726335812	-2.52989410972404
			5.769184202918	-2.52989410972404
			5.769184202918	-2.52134717016416
			5.77773114247788	-2.52134717016416
		</curveLM12>
	</curves.scaled>
	<ruler.points type=matrix rownames=TRUE colnames=FALSE nrow=5 ncol=2 as.numeric=TRUE >
		Ruler point 1	210	814
		Ruler point 2	327	815
		Ruler point 3	444	815
		Ruler point 4	560	816
		Ruler point 5	679	814
	</ruler.points>
</shapes>

