<shapes type=list>
	<ruler.pixel type=vector names=FALSE length=1 as.numeric=TRUE >117</ruler.pixel>
	<ruler.interval type=vector names=FALSE length=1 as.numeric=TRUE >1</ruler.interval>
	<scaling.units type=vector names=FALSE length=1 as.numeric=FALSE >cm</scaling.units>
	<scaling type=vector names=FALSE length=1 as.numeric=TRUE >0.00854700854700855</scaling>
	<landmarks.pixel type=matrix rownames=TRUE colnames=FALSE nrow=6 ncol=2 as.numeric=TRUE >
		LM01	675	326
		LM02	745	552
		LM03	707	542
		LM04	675	600
		LM05	648	543
		LM06	610	547
	</landmarks.pixel>
	<landmarks.scaled type=matrix rownames=TRUE colnames=FALSE nrow=6 ncol=2 as.numeric=TRUE >
		LM01	5.76923076923077	-2.78632478632479
		LM02	6.36752136752137	-4.71794871794872
		LM03	6.04273504273504	-4.63247863247863
		LM04	5.76923076923077	-5.12820512820513
		LM05	5.53846153846154	-4.64102564102564
		LM06	5.21367521367521	-4.67521367521368
	</landmarks.scaled>
	<curves.control type=list>
		<curveLM07 type=matrix rownames=FALSE colnames=FALSE nrow=5 ncol=2 as.numeric=TRUE >
			675	326
			685	326
			707	410
			750	551
			745	552
		</curveLM07>
		<curveLM08 type=matrix rownames=FALSE colnames=FALSE nrow=5 ncol=2 as.numeric=TRUE >
			745	552
			740	560
			722	546
			712	539
			707	542
		</curveLM08>
		<curveLM09 type=matrix rownames=FALSE colnames=FALSE nrow=5 ncol=2 as.numeric=TRUE >
			707	542
			699	545
			699	567
			700	594
			675	600
		</curveLM09>
		<curveLM10 type=matrix rownames=FALSE colnames=FALSE nrow=5 ncol=2 as.numeric=TRUE >
			675	600
			660	610
			653	576
			657	550
			648	543
		</curveLM10>
		<curveLM11 type=matrix rownames=FALSE colnames=FALSE nrow=5 ncol=2 as.numeric=TRUE >
			648	543
			636	541
			624	547
			614	556
			610	547
		</curveLM11>
		<curveLM12 type=matrix rownames=FALSE colnames=FALSE nrow=7 ncol=2 as.numeric=TRUE >
			610	547
			607	539
			630	458
			634	443
			651	385
			668	325
			675	326
		</curveLM12>
	</curves.control>
	<curves.pixel type=list>
		<curveLM07 type=matrix rownames=FALSE colnames=FALSE nrow=231 ncol=2 as.numeric=TRUE >
			675	326
			676	326
			677	327
			678	328
			679	329
			680	330
			681	331
			681	332
			682	333
			683	334
			683	335
			683	336
			684	337
			684	338
			685	339
			685	340
			685	341
			686	342
			686	343
			687	344
			687	345
			688	346
			688	347
			688	348
			689	349
			689	350
			689	351
			690	352
			690	353
			691	354
			691	355
			691	356
			692	357
			692	358
			692	359
			693	360
			693	361
			693	362
			694	363
			694	364
			694	365
			695	366
			695	367
			695	368
			695	369
			696	370
			696	371
			696	372
			697	373
			697	374
			697	375
			697	376
			698	377
			698	378
			698	379
			699	380
			699	381
			699	382
			700	383
			700	384
			700	385
			700	386
			701	387
			701	388
			701	389
			702	390
			702	391
			702	392
			703	393
			703	394
			703	395
			703	396
			704	397
			704	398
			704	399
			704	400
			705	401
			705	402
			705	403
			705	404
			706	405
			706	406
			706	407
			706	408
			707	408
			707	409
			707	410
			707	411
			707	412
			708	413
			708	414
			708	415
			709	416
			709	417
			709	418
			710	419
			710	420
			710	421
			711	422
			711	423
			711	424
			712	425
			712	426
			712	427
			712	428
			713	428
			713	429
			713	430
			713	431
			714	432
			714	433
			714	434
			715	435
			715	436
			715	437
			715	438
			716	439
			716	440
			716	441
			717	442
			717	443
			717	444
			718	445
			718	446
			718	447
			719	448
			719	449
			719	450
			719	451
			720	452
			720	453
			720	454
			721	455
			721	456
			721	457
			721	458
			722	459
			722	460
			722	461
			723	462
			723	463
			723	464
			724	465
			724	466
			724	467
			724	468
			725	469
			725	470
			725	471
			726	472
			726	473
			726	474
			727	475
			727	476
			727	477
			727	478
			728	479
			728	480
			728	481
			729	482
			729	483
			729	484
			729	485
			730	486
			730	487
			730	488
			731	489
			731	490
			731	491
			731	492
			732	493
			732	494
			732	495
			732	496
			733	497
			733	498
			733	499
			734	500
			734	501
			734	502
			735	503
			735	504
			735	505
			735	506
			736	507
			736	508
			736	509
			736	510
			737	511
			737	512
			737	513
			737	514
			738	515
			738	516
			738	517
			739	518
			739	519
			739	520
			739	521
			740	522
			740	523
			740	524
			740	525
			741	526
			741	527
			741	528
			741	529
			742	530
			742	531
			742	532
			742	533
			743	534
			743	535
			743	536
			743	537
			744	538
			744	539
			744	540
			744	541
			744	542
			745	543
			745	544
			745	545
			745	546
			745	547
			745	548
			745	549
			746	550
			746	551
			745	551
			745	552
		</curveLM07>
		<curveLM08 type=matrix rownames=FALSE colnames=FALSE nrow=43 ncol=2 as.numeric=TRUE >
			745	552
			745	553
			744	553
			743	554
			742	555
			741	555
			740	555
			739	555
			738	555
			737	555
			736	554
			735	554
			734	554
			734	553
			733	553
			732	553
			731	552
			730	551
			729	551
			728	550
			727	549
			726	549
			725	548
			724	548
			724	547
			723	547
			722	546
			721	545
			720	545
			720	544
			719	544
			718	544
			717	543
			716	543
			715	542
			714	542
			713	541
			712	541
			711	541
			710	541
			709	541
			708	542
			707	542
		</curveLM08>
		<curveLM09 type=matrix rownames=FALSE colnames=FALSE nrow=71 ncol=2 as.numeric=TRUE >
			707	542
			706	542
			705	543
			705	544
			704	544
			703	545
			703	546
			702	547
			701	548
			701	549
			701	550
			701	551
			700	552
			700	553
			700	554
			700	555
			700	556
			700	557
			699	558
			699	559
			699	560
			699	561
			699	562
			699	563
			699	564
			699	565
			699	566
			699	567
			699	568
			699	569
			699	570
			699	571
			699	572
			699	573
			699	574
			699	575
			699	576
			698	577
			698	578
			698	579
			698	580
			697	581
			697	582
			697	583
			696	584
			696	585
			695	586
			695	587
			694	588
			694	589
			693	589
			692	590
			692	591
			691	592
			690	592
			689	593
			689	594
			688	594
			687	595
			686	596
			685	596
			684	597
			683	597
			682	598
			681	598
			680	598
			679	599
			678	599
			677	600
			676	600
			675	600
		</curveLM09>
		<curveLM10 type=matrix rownames=FALSE colnames=FALSE nrow=75 ncol=2 as.numeric=TRUE >
			675	600
			674	601
			673	601
			672	602
			671	602
			670	602
			669	602
			668	602
			667	602
			666	602
			665	601
			664	601
			663	600
			662	599
			661	598
			661	597
			660	596
			659	595
			659	594
			658	593
			658	592
			657	591
			657	590
			656	589
			656	588
			656	587
			656	586
			655	586
			655	585
			655	584
			655	583
			654	582
			654	581
			654	580
			654	579
			653	578
			653	577
			653	576
			653	575
			653	574
			653	573
			654	572
			654	571
			654	570
			654	569
			654	568
			654	567
			654	566
			654	565
			654	564
			654	563
			654	562
			654	561
			654	560
			654	559
			654	558
			654	557
			654	556
			654	555
			654	554
			653	553
			653	552
			653	551
			653	550
			652	550
			652	549
			652	548
			652	547
			651	547
			651	546
			650	546
			650	545
			650	544
			649	544
			648	543
		</curveLM10>
		<curveLM11 type=matrix rownames=FALSE colnames=FALSE nrow=42 ncol=2 as.numeric=TRUE >
			648	543
			647	543
			646	543
			645	543
			644	543
			643	543
			642	543
			641	543
			640	543
			639	543
			638	543
			637	543
			636	543
			635	543
			634	543
			633	544
			632	544
			631	544
			630	545
			629	545
			628	545
			627	546
			626	546
			625	547
			624	547
			623	548
			622	548
			622	549
			621	549
			620	550
			619	550
			619	551
			618	551
			617	551
			616	551
			615	551
			614	551
			613	551
			612	550
			611	549
			610	548
			610	547
		</curveLM11>
		<curveLM12 type=matrix rownames=FALSE colnames=FALSE nrow=234 ncol=2 as.numeric=TRUE >
			610	547
			610	546
			610	545
			610	544
			610	543
			610	542
			610	541
			610	540
			610	539
			610	538
			610	537
			610	536
			611	536
			611	535
			611	534
			611	533
			611	532
			611	531
			611	530
			612	529
			612	528
			612	527
			612	526
			613	525
			613	524
			613	523
			613	522
			614	521
			614	520
			614	519
			614	518
			614	517
			615	516
			615	515
			615	514
			615	513
			616	512
			616	511
			616	510
			616	509
			617	508
			617	507
			617	506
			617	505
			618	504
			618	503
			618	502
			618	501
			619	500
			619	499
			619	498
			619	497
			620	496
			620	495
			620	494
			620	493
			621	492
			621	491
			621	490
			621	489
			622	489
			622	488
			622	487
			622	486
			623	485
			623	484
			623	483
			623	482
			624	481
			624	480
			624	479
			624	478
			625	477
			625	476
			625	475
			626	474
			626	473
			626	472
			626	471
			627	470
			627	469
			627	468
			627	467
			628	466
			628	465
			628	464
			629	463
			629	462
			629	461
			629	460
			630	459
			630	458
			630	457
			630	456
			631	456
			631	455
			631	454
			631	453
			632	452
			632	451
			632	450
			632	449
			633	448
			633	447
			633	446
			634	445
			634	444
			634	443
			634	442
			635	441
			635	440
			635	439
			636	438
			636	437
			636	436
			636	435
			637	435
			637	434
			637	433
			637	432
			638	431
			638	430
			638	429
			639	428
			639	427
			639	426
			639	425
			640	424
			640	423
			640	422
			640	421
			641	421
			641	420
			641	419
			641	418
			642	417
			642	416
			642	415
			643	414
			643	413
			643	412
			643	411
			644	410
			644	409
			644	408
			645	407
			645	406
			645	405
			645	404
			646	403
			646	402
			646	401
			647	400
			647	399
			647	398
			647	397
			648	397
			648	396
			648	395
			648	394
			649	393
			649	392
			649	391
			649	390
			650	390
			650	389
			650	388
			650	387
			651	386
			651	385
			651	384
			652	383
			652	382
			652	381
			652	380
			653	379
			653	378
			653	377
			654	376
			654	375
			654	374
			654	373
			655	373
			655	372
			655	371
			655	370
			656	369
			656	368
			656	367
			657	366
			657	365
			657	364
			658	363
			658	362
			658	361
			658	360
			659	359
			659	358
			659	357
			660	356
			660	355
			660	354
			661	354
			661	353
			661	352
			661	351
			662	350
			662	349
			663	348
			663	347
			663	346
			663	345
			664	345
			664	344
			664	343
			665	342
			665	341
			666	340
			666	339
			666	338
			667	338
			667	337
			667	336
			668	335
			668	334
			669	333
			669	332
			670	331
			671	330
			671	329
			672	328
			673	327
			674	326
			675	326
		</curveLM12>
	</curves.pixel>
	<curves.scaled type=list>
		<curveLM07 type=matrix rownames=FALSE colnames=FALSE nrow=231 ncol=2 as.numeric=TRUE >
			5.76923076923077	-2.78632478632479
			5.77777777777778	-2.78632478632479
			5.78632478632479	-2.7948717948718
			5.7948717948718	-2.8034188034188
			5.8034188034188	-2.81196581196581
			5.81196581196581	-2.82051282051282
			5.82051282051282	-2.82905982905983
			5.82051282051282	-2.83760683760684
			5.82905982905983	-2.84615384615385
			5.83760683760684	-2.85470085470085
			5.83760683760684	-2.86324786324786
			5.83760683760684	-2.87179487179487
			5.84615384615385	-2.88034188034188
			5.84615384615385	-2.88888888888889
			5.85470085470086	-2.8974358974359
			5.85470085470086	-2.90598290598291
			5.85470085470086	-2.91452991452991
			5.86324786324786	-2.92307692307692
			5.86324786324786	-2.93162393162393
			5.87179487179487	-2.94017094017094
			5.87179487179487	-2.94871794871795
			5.88034188034188	-2.95726495726496
			5.88034188034188	-2.96581196581197
			5.88034188034188	-2.97435897435897
			5.88888888888889	-2.98290598290598
			5.88888888888889	-2.99145299145299
			5.88888888888889	-3
			5.8974358974359	-3.00854700854701
			5.8974358974359	-3.01709401709402
			5.90598290598291	-3.02564102564103
			5.90598290598291	-3.03418803418803
			5.90598290598291	-3.04273504273504
			5.91452991452991	-3.05128205128205
			5.91452991452991	-3.05982905982906
			5.91452991452991	-3.06837606837607
			5.92307692307692	-3.07692307692308
			5.92307692307692	-3.08547008547009
			5.92307692307692	-3.09401709401709
			5.93162393162393	-3.1025641025641
			5.93162393162393	-3.11111111111111
			5.93162393162393	-3.11965811965812
			5.94017094017094	-3.12820512820513
			5.94017094017094	-3.13675213675214
			5.94017094017094	-3.14529914529915
			5.94017094017094	-3.15384615384615
			5.94871794871795	-3.16239316239316
			5.94871794871795	-3.17094017094017
			5.94871794871795	-3.17948717948718
			5.95726495726496	-3.18803418803419
			5.95726495726496	-3.1965811965812
			5.95726495726496	-3.20512820512821
			5.95726495726496	-3.21367521367521
			5.96581196581197	-3.22222222222222
			5.96581196581197	-3.23076923076923
			5.96581196581197	-3.23931623931624
			5.97435897435898	-3.24786324786325
			5.97435897435898	-3.25641025641026
			5.97435897435898	-3.26495726495727
			5.98290598290598	-3.27350427350427
			5.98290598290598	-3.28205128205128
			5.98290598290598	-3.29059829059829
			5.98290598290598	-3.2991452991453
			5.99145299145299	-3.30769230769231
			5.99145299145299	-3.31623931623932
			5.99145299145299	-3.32478632478632
			6	-3.33333333333333
			6	-3.34188034188034
			6	-3.35042735042735
			6.00854700854701	-3.35897435897436
			6.00854700854701	-3.36752136752137
			6.00854700854701	-3.37606837606838
			6.00854700854701	-3.38461538461539
			6.01709401709402	-3.39316239316239
			6.01709401709402	-3.4017094017094
			6.01709401709402	-3.41025641025641
			6.01709401709402	-3.41880341880342
			6.02564102564103	-3.42735042735043
			6.02564102564103	-3.43589743589744
			6.02564102564103	-3.44444444444444
			6.02564102564103	-3.45299145299145
			6.03418803418803	-3.46153846153846
			6.03418803418803	-3.47008547008547
			6.03418803418803	-3.47863247863248
			6.03418803418803	-3.48717948717949
			6.04273504273504	-3.48717948717949
			6.04273504273504	-3.4957264957265
			6.04273504273504	-3.5042735042735
			6.04273504273504	-3.51282051282051
			6.04273504273504	-3.52136752136752
			6.05128205128205	-3.52991452991453
			6.05128205128205	-3.53846153846154
			6.05128205128205	-3.54700854700855
			6.05982905982906	-3.55555555555556
			6.05982905982906	-3.56410256410256
			6.05982905982906	-3.57264957264957
			6.06837606837607	-3.58119658119658
			6.06837606837607	-3.58974358974359
			6.06837606837607	-3.5982905982906
			6.07692307692308	-3.60683760683761
			6.07692307692308	-3.61538461538462
			6.07692307692308	-3.62393162393162
			6.08547008547009	-3.63247863247863
			6.08547008547009	-3.64102564102564
			6.08547008547009	-3.64957264957265
			6.08547008547009	-3.65811965811966
			6.09401709401709	-3.65811965811966
			6.09401709401709	-3.66666666666667
			6.09401709401709	-3.67521367521368
			6.09401709401709	-3.68376068376068
			6.1025641025641	-3.69230769230769
			6.1025641025641	-3.7008547008547
			6.1025641025641	-3.70940170940171
			6.11111111111111	-3.71794871794872
			6.11111111111111	-3.72649572649573
			6.11111111111111	-3.73504273504274
			6.11111111111111	-3.74358974358974
			6.11965811965812	-3.75213675213675
			6.11965811965812	-3.76068376068376
			6.11965811965812	-3.76923076923077
			6.12820512820513	-3.77777777777778
			6.12820512820513	-3.78632478632479
			6.12820512820513	-3.7948717948718
			6.13675213675214	-3.8034188034188
			6.13675213675214	-3.81196581196581
			6.13675213675214	-3.82051282051282
			6.14529914529915	-3.82905982905983
			6.14529914529915	-3.83760683760684
			6.14529914529915	-3.84615384615385
			6.14529914529915	-3.85470085470086
			6.15384615384615	-3.86324786324786
			6.15384615384615	-3.87179487179487
			6.15384615384615	-3.88034188034188
			6.16239316239316	-3.88888888888889
			6.16239316239316	-3.8974358974359
			6.16239316239316	-3.90598290598291
			6.16239316239316	-3.91452991452991
			6.17094017094017	-3.92307692307692
			6.17094017094017	-3.93162393162393
			6.17094017094017	-3.94017094017094
			6.17948717948718	-3.94871794871795
			6.17948717948718	-3.95726495726496
			6.17948717948718	-3.96581196581197
			6.18803418803419	-3.97435897435897
			6.18803418803419	-3.98290598290598
			6.18803418803419	-3.99145299145299
			6.18803418803419	-4
			6.1965811965812	-4.00854700854701
			6.1965811965812	-4.01709401709402
			6.1965811965812	-4.02564102564103
			6.20512820512821	-4.03418803418803
			6.20512820512821	-4.04273504273504
			6.20512820512821	-4.05128205128205
			6.21367521367521	-4.05982905982906
			6.21367521367521	-4.06837606837607
			6.21367521367521	-4.07692307692308
			6.21367521367521	-4.08547008547009
			6.22222222222222	-4.09401709401709
			6.22222222222222	-4.1025641025641
			6.22222222222222	-4.11111111111111
			6.23076923076923	-4.11965811965812
			6.23076923076923	-4.12820512820513
			6.23076923076923	-4.13675213675214
			6.23076923076923	-4.14529914529915
			6.23931623931624	-4.15384615384615
			6.23931623931624	-4.16239316239316
			6.23931623931624	-4.17094017094017
			6.24786324786325	-4.17948717948718
			6.24786324786325	-4.18803418803419
			6.24786324786325	-4.1965811965812
			6.24786324786325	-4.20512820512821
			6.25641025641026	-4.21367521367521
			6.25641025641026	-4.22222222222222
			6.25641025641026	-4.23076923076923
			6.25641025641026	-4.23931623931624
			6.26495726495727	-4.24786324786325
			6.26495726495727	-4.25641025641026
			6.26495726495727	-4.26495726495727
			6.27350427350427	-4.27350427350427
			6.27350427350427	-4.28205128205128
			6.27350427350427	-4.29059829059829
			6.28205128205128	-4.2991452991453
			6.28205128205128	-4.30769230769231
			6.28205128205128	-4.31623931623932
			6.28205128205128	-4.32478632478633
			6.29059829059829	-4.33333333333333
			6.29059829059829	-4.34188034188034
			6.29059829059829	-4.35042735042735
			6.29059829059829	-4.35897435897436
			6.2991452991453	-4.36752136752137
			6.2991452991453	-4.37606837606838
			6.2991452991453	-4.38461538461539
			6.2991452991453	-4.39316239316239
			6.30769230769231	-4.4017094017094
			6.30769230769231	-4.41025641025641
			6.30769230769231	-4.41880341880342
			6.31623931623932	-4.42735042735043
			6.31623931623932	-4.43589743589744
			6.31623931623932	-4.44444444444444
			6.31623931623932	-4.45299145299145
			6.32478632478633	-4.46153846153846
			6.32478632478633	-4.47008547008547
			6.32478632478633	-4.47863247863248
			6.32478632478633	-4.48717948717949
			6.33333333333333	-4.4957264957265
			6.33333333333333	-4.50427350427351
			6.33333333333333	-4.51282051282051
			6.33333333333333	-4.52136752136752
			6.34188034188034	-4.52991452991453
			6.34188034188034	-4.53846153846154
			6.34188034188034	-4.54700854700855
			6.34188034188034	-4.55555555555556
			6.35042735042735	-4.56410256410256
			6.35042735042735	-4.57264957264957
			6.35042735042735	-4.58119658119658
			6.35042735042735	-4.58974358974359
			6.35897435897436	-4.5982905982906
			6.35897435897436	-4.60683760683761
			6.35897435897436	-4.61538461538462
			6.35897435897436	-4.62393162393162
			6.35897435897436	-4.63247863247863
			6.36752136752137	-4.64102564102564
			6.36752136752137	-4.64957264957265
			6.36752136752137	-4.65811965811966
			6.36752136752137	-4.66666666666667
			6.36752136752137	-4.67521367521368
			6.36752136752137	-4.68376068376068
			6.36752136752137	-4.69230769230769
			6.37606837606838	-4.7008547008547
			6.37606837606838	-4.70940170940171
			6.36752136752137	-4.70940170940171
			6.36752136752137	-4.71794871794872
		</curveLM07>
		<curveLM08 type=matrix rownames=FALSE colnames=FALSE nrow=43 ncol=2 as.numeric=TRUE >
			6.36752136752137	-4.71794871794872
			6.36752136752137	-4.72649572649573
			6.35897435897436	-4.72649572649573
			6.35042735042735	-4.73504273504274
			6.34188034188034	-4.74358974358974
			6.33333333333333	-4.74358974358974
			6.32478632478633	-4.74358974358974
			6.31623931623932	-4.74358974358974
			6.30769230769231	-4.74358974358974
			6.2991452991453	-4.74358974358974
			6.29059829059829	-4.73504273504274
			6.28205128205128	-4.73504273504274
			6.27350427350427	-4.73504273504274
			6.27350427350427	-4.72649572649573
			6.26495726495727	-4.72649572649573
			6.25641025641026	-4.72649572649573
			6.24786324786325	-4.71794871794872
			6.23931623931624	-4.70940170940171
			6.23076923076923	-4.70940170940171
			6.22222222222222	-4.7008547008547
			6.21367521367521	-4.69230769230769
			6.20512820512821	-4.69230769230769
			6.1965811965812	-4.68376068376068
			6.18803418803419	-4.68376068376068
			6.18803418803419	-4.67521367521368
			6.17948717948718	-4.67521367521368
			6.17094017094017	-4.66666666666667
			6.16239316239316	-4.65811965811966
			6.15384615384615	-4.65811965811966
			6.15384615384615	-4.64957264957265
			6.14529914529915	-4.64957264957265
			6.13675213675214	-4.64957264957265
			6.12820512820513	-4.64102564102564
			6.11965811965812	-4.64102564102564
			6.11111111111111	-4.63247863247863
			6.1025641025641	-4.63247863247863
			6.09401709401709	-4.62393162393162
			6.08547008547009	-4.62393162393162
			6.07692307692308	-4.62393162393162
			6.06837606837607	-4.62393162393162
			6.05982905982906	-4.62393162393162
			6.05128205128205	-4.63247863247863
			6.04273504273504	-4.63247863247863
		</curveLM08>
		<curveLM09 type=matrix rownames=FALSE colnames=FALSE nrow=71 ncol=2 as.numeric=TRUE >
			6.04273504273504	-4.63247863247863
			6.03418803418803	-4.63247863247863
			6.02564102564103	-4.64102564102564
			6.02564102564103	-4.64957264957265
			6.01709401709402	-4.64957264957265
			6.00854700854701	-4.65811965811966
			6.00854700854701	-4.66666666666667
			6	-4.67521367521368
			5.99145299145299	-4.68376068376068
			5.99145299145299	-4.69230769230769
			5.99145299145299	-4.7008547008547
			5.99145299145299	-4.70940170940171
			5.98290598290598	-4.71794871794872
			5.98290598290598	-4.72649572649573
			5.98290598290598	-4.73504273504274
			5.98290598290598	-4.74358974358974
			5.98290598290598	-4.75213675213675
			5.98290598290598	-4.76068376068376
			5.97435897435898	-4.76923076923077
			5.97435897435898	-4.77777777777778
			5.97435897435898	-4.78632478632479
			5.97435897435898	-4.7948717948718
			5.97435897435898	-4.8034188034188
			5.97435897435898	-4.81196581196581
			5.97435897435898	-4.82051282051282
			5.97435897435898	-4.82905982905983
			5.97435897435898	-4.83760683760684
			5.97435897435898	-4.84615384615385
			5.97435897435898	-4.85470085470086
			5.97435897435898	-4.86324786324786
			5.97435897435898	-4.87179487179487
			5.97435897435898	-4.88034188034188
			5.97435897435898	-4.88888888888889
			5.97435897435898	-4.8974358974359
			5.97435897435898	-4.90598290598291
			5.97435897435898	-4.91452991452991
			5.97435897435898	-4.92307692307692
			5.96581196581197	-4.93162393162393
			5.96581196581197	-4.94017094017094
			5.96581196581197	-4.94871794871795
			5.96581196581197	-4.95726495726496
			5.95726495726496	-4.96581196581197
			5.95726495726496	-4.97435897435897
			5.95726495726496	-4.98290598290598
			5.94871794871795	-4.99145299145299
			5.94871794871795	-5
			5.94017094017094	-5.00854700854701
			5.94017094017094	-5.01709401709402
			5.93162393162393	-5.02564102564103
			5.93162393162393	-5.03418803418803
			5.92307692307692	-5.03418803418803
			5.91452991452991	-5.04273504273504
			5.91452991452991	-5.05128205128205
			5.90598290598291	-5.05982905982906
			5.8974358974359	-5.05982905982906
			5.88888888888889	-5.06837606837607
			5.88888888888889	-5.07692307692308
			5.88034188034188	-5.07692307692308
			5.87179487179487	-5.08547008547009
			5.86324786324786	-5.09401709401709
			5.85470085470086	-5.09401709401709
			5.84615384615385	-5.1025641025641
			5.83760683760684	-5.1025641025641
			5.82905982905983	-5.11111111111111
			5.82051282051282	-5.11111111111111
			5.81196581196581	-5.11111111111111
			5.8034188034188	-5.11965811965812
			5.7948717948718	-5.11965811965812
			5.78632478632479	-5.12820512820513
			5.77777777777778	-5.12820512820513
			5.76923076923077	-5.12820512820513
		</curveLM09>
		<curveLM10 type=matrix rownames=FALSE colnames=FALSE nrow=75 ncol=2 as.numeric=TRUE >
			5.76923076923077	-5.12820512820513
			5.76068376068376	-5.13675213675214
			5.75213675213675	-5.13675213675214
			5.74358974358974	-5.14529914529915
			5.73504273504274	-5.14529914529915
			5.72649572649573	-5.14529914529915
			5.71794871794872	-5.14529914529915
			5.70940170940171	-5.14529914529915
			5.7008547008547	-5.14529914529915
			5.69230769230769	-5.14529914529915
			5.68376068376068	-5.13675213675214
			5.67521367521368	-5.13675213675214
			5.66666666666667	-5.12820512820513
			5.65811965811966	-5.11965811965812
			5.64957264957265	-5.11111111111111
			5.64957264957265	-5.1025641025641
			5.64102564102564	-5.09401709401709
			5.63247863247863	-5.08547008547009
			5.63247863247863	-5.07692307692308
			5.62393162393162	-5.06837606837607
			5.62393162393162	-5.05982905982906
			5.61538461538462	-5.05128205128205
			5.61538461538462	-5.04273504273504
			5.60683760683761	-5.03418803418803
			5.60683760683761	-5.02564102564103
			5.60683760683761	-5.01709401709402
			5.60683760683761	-5.00854700854701
			5.5982905982906	-5.00854700854701
			5.5982905982906	-5
			5.5982905982906	-4.99145299145299
			5.5982905982906	-4.98290598290598
			5.58974358974359	-4.97435897435897
			5.58974358974359	-4.96581196581197
			5.58974358974359	-4.95726495726496
			5.58974358974359	-4.94871794871795
			5.58119658119658	-4.94017094017094
			5.58119658119658	-4.93162393162393
			5.58119658119658	-4.92307692307692
			5.58119658119658	-4.91452991452991
			5.58119658119658	-4.90598290598291
			5.58119658119658	-4.8974358974359
			5.58974358974359	-4.88888888888889
			5.58974358974359	-4.88034188034188
			5.58974358974359	-4.87179487179487
			5.58974358974359	-4.86324786324786
			5.58974358974359	-4.85470085470086
			5.58974358974359	-4.84615384615385
			5.58974358974359	-4.83760683760684
			5.58974358974359	-4.82905982905983
			5.58974358974359	-4.82051282051282
			5.58974358974359	-4.81196581196581
			5.58974358974359	-4.8034188034188
			5.58974358974359	-4.7948717948718
			5.58974358974359	-4.78632478632479
			5.58974358974359	-4.77777777777778
			5.58974358974359	-4.76923076923077
			5.58974358974359	-4.76068376068376
			5.58974358974359	-4.75213675213675
			5.58974358974359	-4.74358974358974
			5.58974358974359	-4.73504273504274
			5.58119658119658	-4.72649572649573
			5.58119658119658	-4.71794871794872
			5.58119658119658	-4.70940170940171
			5.58119658119658	-4.7008547008547
			5.57264957264957	-4.7008547008547
			5.57264957264957	-4.69230769230769
			5.57264957264957	-4.68376068376068
			5.57264957264957	-4.67521367521368
			5.56410256410256	-4.67521367521368
			5.56410256410256	-4.66666666666667
			5.55555555555556	-4.66666666666667
			5.55555555555556	-4.65811965811966
			5.55555555555556	-4.64957264957265
			5.54700854700855	-4.64957264957265
			5.53846153846154	-4.64102564102564
		</curveLM10>
		<curveLM11 type=matrix rownames=FALSE colnames=FALSE nrow=42 ncol=2 as.numeric=TRUE >
			5.53846153846154	-4.64102564102564
			5.52991452991453	-4.64102564102564
			5.52136752136752	-4.64102564102564
			5.51282051282051	-4.64102564102564
			5.50427350427351	-4.64102564102564
			5.4957264957265	-4.64102564102564
			5.48717948717949	-4.64102564102564
			5.47863247863248	-4.64102564102564
			5.47008547008547	-4.64102564102564
			5.46153846153846	-4.64102564102564
			5.45299145299145	-4.64102564102564
			5.44444444444444	-4.64102564102564
			5.43589743589744	-4.64102564102564
			5.42735042735043	-4.64102564102564
			5.41880341880342	-4.64102564102564
			5.41025641025641	-4.64957264957265
			5.4017094017094	-4.64957264957265
			5.39316239316239	-4.64957264957265
			5.38461538461539	-4.65811965811966
			5.37606837606838	-4.65811965811966
			5.36752136752137	-4.65811965811966
			5.35897435897436	-4.66666666666667
			5.35042735042735	-4.66666666666667
			5.34188034188034	-4.67521367521368
			5.33333333333333	-4.67521367521368
			5.32478632478633	-4.68376068376068
			5.31623931623932	-4.68376068376068
			5.31623931623932	-4.69230769230769
			5.30769230769231	-4.69230769230769
			5.2991452991453	-4.7008547008547
			5.29059829059829	-4.7008547008547
			5.29059829059829	-4.70940170940171
			5.28205128205128	-4.70940170940171
			5.27350427350427	-4.70940170940171
			5.26495726495727	-4.70940170940171
			5.25641025641026	-4.70940170940171
			5.24786324786325	-4.70940170940171
			5.23931623931624	-4.70940170940171
			5.23076923076923	-4.7008547008547
			5.22222222222222	-4.69230769230769
			5.21367521367521	-4.68376068376068
			5.21367521367521	-4.67521367521368
		</curveLM11>
		<curveLM12 type=matrix rownames=FALSE colnames=FALSE nrow=234 ncol=2 as.numeric=TRUE >
			5.21367521367521	-4.67521367521368
			5.21367521367521	-4.66666666666667
			5.21367521367521	-4.65811965811966
			5.21367521367521	-4.64957264957265
			5.21367521367521	-4.64102564102564
			5.21367521367521	-4.63247863247863
			5.21367521367521	-4.62393162393162
			5.21367521367521	-4.61538461538462
			5.21367521367521	-4.60683760683761
			5.21367521367521	-4.5982905982906
			5.21367521367521	-4.58974358974359
			5.21367521367521	-4.58119658119658
			5.22222222222222	-4.58119658119658
			5.22222222222222	-4.57264957264957
			5.22222222222222	-4.56410256410256
			5.22222222222222	-4.55555555555556
			5.22222222222222	-4.54700854700855
			5.22222222222222	-4.53846153846154
			5.22222222222222	-4.52991452991453
			5.23076923076923	-4.52136752136752
			5.23076923076923	-4.51282051282051
			5.23076923076923	-4.50427350427351
			5.23076923076923	-4.4957264957265
			5.23931623931624	-4.48717948717949
			5.23931623931624	-4.47863247863248
			5.23931623931624	-4.47008547008547
			5.23931623931624	-4.46153846153846
			5.24786324786325	-4.45299145299145
			5.24786324786325	-4.44444444444444
			5.24786324786325	-4.43589743589744
			5.24786324786325	-4.42735042735043
			5.24786324786325	-4.41880341880342
			5.25641025641026	-4.41025641025641
			5.25641025641026	-4.4017094017094
			5.25641025641026	-4.39316239316239
			5.25641025641026	-4.38461538461539
			5.26495726495727	-4.37606837606838
			5.26495726495727	-4.36752136752137
			5.26495726495727	-4.35897435897436
			5.26495726495727	-4.35042735042735
			5.27350427350427	-4.34188034188034
			5.27350427350427	-4.33333333333333
			5.27350427350427	-4.32478632478633
			5.27350427350427	-4.31623931623932
			5.28205128205128	-4.30769230769231
			5.28205128205128	-4.2991452991453
			5.28205128205128	-4.29059829059829
			5.28205128205128	-4.28205128205128
			5.29059829059829	-4.27350427350427
			5.29059829059829	-4.26495726495727
			5.29059829059829	-4.25641025641026
			5.29059829059829	-4.24786324786325
			5.2991452991453	-4.23931623931624
			5.2991452991453	-4.23076923076923
			5.2991452991453	-4.22222222222222
			5.2991452991453	-4.21367521367521
			5.30769230769231	-4.20512820512821
			5.30769230769231	-4.1965811965812
			5.30769230769231	-4.18803418803419
			5.30769230769231	-4.17948717948718
			5.31623931623932	-4.17948717948718
			5.31623931623932	-4.17094017094017
			5.31623931623932	-4.16239316239316
			5.31623931623932	-4.15384615384615
			5.32478632478633	-4.14529914529915
			5.32478632478633	-4.13675213675214
			5.32478632478633	-4.12820512820513
			5.32478632478633	-4.11965811965812
			5.33333333333333	-4.11111111111111
			5.33333333333333	-4.1025641025641
			5.33333333333333	-4.09401709401709
			5.33333333333333	-4.08547008547009
			5.34188034188034	-4.07692307692308
			5.34188034188034	-4.06837606837607
			5.34188034188034	-4.05982905982906
			5.35042735042735	-4.05128205128205
			5.35042735042735	-4.04273504273504
			5.35042735042735	-4.03418803418803
			5.35042735042735	-4.02564102564103
			5.35897435897436	-4.01709401709402
			5.35897435897436	-4.00854700854701
			5.35897435897436	-4
			5.35897435897436	-3.99145299145299
			5.36752136752137	-3.98290598290598
			5.36752136752137	-3.97435897435897
			5.36752136752137	-3.96581196581197
			5.37606837606838	-3.95726495726496
			5.37606837606838	-3.94871794871795
			5.37606837606838	-3.94017094017094
			5.37606837606838	-3.93162393162393
			5.38461538461539	-3.92307692307692
			5.38461538461539	-3.91452991452991
			5.38461538461539	-3.90598290598291
			5.38461538461539	-3.8974358974359
			5.39316239316239	-3.8974358974359
			5.39316239316239	-3.88888888888889
			5.39316239316239	-3.88034188034188
			5.39316239316239	-3.87179487179487
			5.4017094017094	-3.86324786324786
			5.4017094017094	-3.85470085470086
			5.4017094017094	-3.84615384615385
			5.4017094017094	-3.83760683760684
			5.41025641025641	-3.82905982905983
			5.41025641025641	-3.82051282051282
			5.41025641025641	-3.81196581196581
			5.41880341880342	-3.8034188034188
			5.41880341880342	-3.7948717948718
			5.41880341880342	-3.78632478632479
			5.41880341880342	-3.77777777777778
			5.42735042735043	-3.76923076923077
			5.42735042735043	-3.76068376068376
			5.42735042735043	-3.75213675213675
			5.43589743589744	-3.74358974358974
			5.43589743589744	-3.73504273504274
			5.43589743589744	-3.72649572649573
			5.43589743589744	-3.71794871794872
			5.44444444444444	-3.71794871794872
			5.44444444444444	-3.70940170940171
			5.44444444444444	-3.7008547008547
			5.44444444444444	-3.69230769230769
			5.45299145299145	-3.68376068376068
			5.45299145299145	-3.67521367521368
			5.45299145299145	-3.66666666666667
			5.46153846153846	-3.65811965811966
			5.46153846153846	-3.64957264957265
			5.46153846153846	-3.64102564102564
			5.46153846153846	-3.63247863247863
			5.47008547008547	-3.62393162393162
			5.47008547008547	-3.61538461538462
			5.47008547008547	-3.60683760683761
			5.47008547008547	-3.5982905982906
			5.47863247863248	-3.5982905982906
			5.47863247863248	-3.58974358974359
			5.47863247863248	-3.58119658119658
			5.47863247863248	-3.57264957264957
			5.48717948717949	-3.56410256410256
			5.48717948717949	-3.55555555555556
			5.48717948717949	-3.54700854700855
			5.4957264957265	-3.53846153846154
			5.4957264957265	-3.52991452991453
			5.4957264957265	-3.52136752136752
			5.4957264957265	-3.51282051282051
			5.50427350427351	-3.5042735042735
			5.50427350427351	-3.4957264957265
			5.50427350427351	-3.48717948717949
			5.51282051282051	-3.47863247863248
			5.51282051282051	-3.47008547008547
			5.51282051282051	-3.46153846153846
			5.51282051282051	-3.45299145299145
			5.52136752136752	-3.44444444444444
			5.52136752136752	-3.43589743589744
			5.52136752136752	-3.42735042735043
			5.52991452991453	-3.41880341880342
			5.52991452991453	-3.41025641025641
			5.52991452991453	-3.4017094017094
			5.52991452991453	-3.39316239316239
			5.53846153846154	-3.39316239316239
			5.53846153846154	-3.38461538461539
			5.53846153846154	-3.37606837606838
			5.53846153846154	-3.36752136752137
			5.54700854700855	-3.35897435897436
			5.54700854700855	-3.35042735042735
			5.54700854700855	-3.34188034188034
			5.54700854700855	-3.33333333333333
			5.55555555555556	-3.33333333333333
			5.55555555555556	-3.32478632478632
			5.55555555555556	-3.31623931623932
			5.55555555555556	-3.30769230769231
			5.56410256410256	-3.2991452991453
			5.56410256410256	-3.29059829059829
			5.56410256410256	-3.28205128205128
			5.57264957264957	-3.27350427350427
			5.57264957264957	-3.26495726495727
			5.57264957264957	-3.25641025641026
			5.57264957264957	-3.24786324786325
			5.58119658119658	-3.23931623931624
			5.58119658119658	-3.23076923076923
			5.58119658119658	-3.22222222222222
			5.58974358974359	-3.21367521367521
			5.58974358974359	-3.20512820512821
			5.58974358974359	-3.1965811965812
			5.58974358974359	-3.18803418803419
			5.5982905982906	-3.18803418803419
			5.5982905982906	-3.17948717948718
			5.5982905982906	-3.17094017094017
			5.5982905982906	-3.16239316239316
			5.60683760683761	-3.15384615384615
			5.60683760683761	-3.14529914529915
			5.60683760683761	-3.13675213675214
			5.61538461538462	-3.12820512820513
			5.61538461538462	-3.11965811965812
			5.61538461538462	-3.11111111111111
			5.62393162393162	-3.1025641025641
			5.62393162393162	-3.09401709401709
			5.62393162393162	-3.08547008547009
			5.62393162393162	-3.07692307692308
			5.63247863247863	-3.06837606837607
			5.63247863247863	-3.05982905982906
			5.63247863247863	-3.05128205128205
			5.64102564102564	-3.04273504273504
			5.64102564102564	-3.03418803418803
			5.64102564102564	-3.02564102564103
			5.64957264957265	-3.02564102564103
			5.64957264957265	-3.01709401709402
			5.64957264957265	-3.00854700854701
			5.64957264957265	-3
			5.65811965811966	-2.99145299145299
			5.65811965811966	-2.98290598290598
			5.66666666666667	-2.97435897435897
			5.66666666666667	-2.96581196581197
			5.66666666666667	-2.95726495726496
			5.66666666666667	-2.94871794871795
			5.67521367521368	-2.94871794871795
			5.67521367521368	-2.94017094017094
			5.67521367521368	-2.93162393162393
			5.68376068376068	-2.92307692307692
			5.68376068376068	-2.91452991452991
			5.69230769230769	-2.90598290598291
			5.69230769230769	-2.8974358974359
			5.69230769230769	-2.88888888888889
			5.7008547008547	-2.88888888888889
			5.7008547008547	-2.88034188034188
			5.7008547008547	-2.87179487179487
			5.70940170940171	-2.86324786324786
			5.70940170940171	-2.85470085470085
			5.71794871794872	-2.84615384615385
			5.71794871794872	-2.83760683760684
			5.72649572649573	-2.82905982905983
			5.73504273504274	-2.82051282051282
			5.73504273504274	-2.81196581196581
			5.74358974358974	-2.8034188034188
			5.75213675213675	-2.7948717948718
			5.76068376068376	-2.78632478632479
			5.76923076923077	-2.78632478632479
		</curveLM12>
	</curves.scaled>
	<ruler.points type=matrix rownames=TRUE colnames=FALSE nrow=5 ncol=2 as.numeric=TRUE >
		Ruler point 1	210	814
		Ruler point 2	327	814
		Ruler point 3	444	813
		Ruler point 4	561	814
		Ruler point 5	678	814
	</ruler.points>
</shapes>

