<shapes type=list>
	<ruler.pixel type=vector names=FALSE length=1 as.numeric=TRUE >117.000607945281</ruler.pixel>
	<ruler.interval type=vector names=FALSE length=1 as.numeric=TRUE >1</ruler.interval>
	<scaling.units type=vector names=FALSE length=1 as.numeric=FALSE >cm</scaling.units>
	<scaling type=vector names=FALSE length=1 as.numeric=TRUE >0.00854696413601271</scaling>
	<landmarks.pixel type=matrix rownames=TRUE colnames=FALSE nrow=6 ncol=2 as.numeric=TRUE >
		LM01	674	362
		LM02	732	556
		LM03	697	537
		LM04	675	603
		LM05	657	534
		LM06	622	553
	</landmarks.pixel>
	<landmarks.scaled type=matrix rownames=TRUE colnames=FALSE nrow=6 ncol=2 as.numeric=TRUE >
		LM01	5.76065382767257	-3.0940010172366
		LM02	6.2563777475613	-4.75211205962307
		LM03	5.95723400280086	-4.58971974103882
		LM04	5.76920079180858	-5.15381937401566
		LM05	5.61535543736035	-4.56407884863079
		LM06	5.3162116925999	-4.72647116721503
	</landmarks.scaled>
	<curves.control type=list>
		<curveLM07 type=matrix rownames=FALSE colnames=FALSE nrow=7 ncol=2 as.numeric=TRUE >
			674	362
			682	368
			700	423
			719	469
			733	534
			737	555
			732	556
		</curveLM07>
		<curveLM08 type=matrix rownames=FALSE colnames=FALSE nrow=5 ncol=2 as.numeric=TRUE >
			732	556
			729	562
			710	541
			702	533
			697	537
		</curveLM08>
		<curveLM09 type=matrix rownames=FALSE colnames=FALSE nrow=5 ncol=2 as.numeric=TRUE >
			697	537
			693	538
			691	577
			684	604
			675	603
		</curveLM09>
		<curveLM10 type=matrix rownames=FALSE colnames=FALSE nrow=5 ncol=2 as.numeric=TRUE >
			675	603
			659	598
			659	563
			664	538
			657	534
		</curveLM10>
		<curveLM11 type=matrix rownames=FALSE colnames=FALSE nrow=5 ncol=2 as.numeric=TRUE >
			657	534
			647	530
			641	542
			626	556
			622	553
		</curveLM11>
		<curveLM12 type=matrix rownames=FALSE colnames=FALSE nrow=5 ncol=2 as.numeric=TRUE >
			622	553
			613	538
			633	475
			650	418
			674	362
		</curveLM12>
	</curves.control>
	<curves.pixel type=list>
		<curveLM07 type=matrix rownames=FALSE colnames=FALSE nrow=201 ncol=2 as.numeric=TRUE >
			674	362
			675	363
			676	364
			677	365
			677	366
			678	367
			679	368
			679	369
			680	370
			680	371
			681	372
			681	373
			682	374
			682	375
			683	376
			683	377
			684	378
			684	379
			684	380
			685	381
			685	382
			685	383
			686	383
			686	384
			687	385
			687	386
			687	387
			688	388
			688	389
			688	390
			689	391
			689	392
			689	393
			690	394
			690	395
			691	396
			691	397
			691	398
			692	399
			692	400
			692	401
			693	402
			693	403
			694	404
			694	405
			694	406
			695	407
			695	408
			695	409
			696	410
			696	411
			696	412
			697	413
			697	414
			697	415
			698	416
			698	417
			698	418
			699	419
			699	420
			699	421
			700	421
			700	422
			700	423
			700	424
			701	425
			701	426
			702	427
			702	428
			702	429
			703	430
			703	431
			704	432
			704	433
			704	434
			705	434
			705	435
			705	436
			706	437
			706	438
			706	439
			707	440
			707	441
			707	442
			708	443
			708	444
			708	445
			709	446
			709	447
			710	448
			710	449
			710	450
			711	451
			711	452
			711	453
			712	454
			712	455
			712	456
			713	457
			713	458
			713	459
			714	460
			714	461
			714	462
			715	463
			715	464
			715	465
			715	466
			716	466
			716	467
			716	468
			716	469
			717	470
			717	471
			717	472
			718	473
			718	474
			718	475
			718	476
			719	477
			719	478
			719	479
			720	480
			720	481
			720	482
			720	483
			721	484
			721	485
			721	486
			721	487
			722	488
			722	489
			722	490
			723	491
			723	492
			723	493
			723	494
			724	495
			724	496
			724	497
			724	498
			725	499
			725	500
			725	501
			725	502
			726	503
			726	504
			726	505
			726	506
			727	507
			727	508
			727	509
			727	510
			728	511
			728	512
			728	513
			728	514
			729	515
			729	516
			729	517
			729	518
			730	519
			730	520
			730	521
			730	522
			731	523
			731	524
			731	525
			731	526
			731	527
			732	528
			732	529
			732	530
			732	531
			733	532
			733	533
			733	534
			733	535
			733	536
			734	537
			734	538
			734	539
			734	540
			734	541
			734	542
			734	543
			735	544
			735	545
			735	546
			735	547
			735	548
			735	549
			735	550
			735	551
			735	552
			734	553
			734	554
			734	555
			733	555
			733	556
			732	556
		</curveLM07>
		<curveLM08 type=matrix rownames=FALSE colnames=FALSE nrow=38 ncol=2 as.numeric=TRUE >
			732	556
			731	557
			730	557
			729	557
			728	557
			727	556
			726	556
			725	555
			724	555
			723	554
			722	553
			721	552
			720	551
			719	550
			718	550
			717	549
			717	548
			716	547
			715	547
			714	546
			714	545
			713	544
			712	543
			711	542
			710	541
			709	540
			708	539
			707	538
			706	538
			705	537
			704	536
			703	536
			702	536
			701	536
			700	536
			699	536
			698	536
			697	537
		</curveLM08>
		<curveLM09 type=matrix rownames=FALSE colnames=FALSE nrow=73 ncol=2 as.numeric=TRUE >
			697	537
			696	538
			695	539
			695	540
			695	541
			695	542
			694	543
			694	544
			694	545
			694	546
			694	547
			693	548
			693	549
			693	550
			693	551
			693	552
			693	553
			693	554
			693	555
			692	556
			692	557
			692	558
			692	559
			692	560
			692	561
			692	562
			692	563
			692	564
			692	565
			692	566
			692	567
			692	568
			691	569
			691	570
			691	571
			691	572
			691	573
			691	574
			691	575
			691	576
			691	577
			691	578
			691	579
			690	580
			690	581
			690	582
			689	583
			689	584
			689	585
			688	586
			688	587
			688	588
			687	589
			687	590
			686	591
			686	592
			686	593
			685	594
			685	595
			684	595
			684	596
			684	597
			683	597
			683	598
			682	599
			682	600
			681	601
			680	601
			679	602
			678	602
			677	603
			676	603
			675	603
		</curveLM09>
		<curveLM10 type=matrix rownames=FALSE colnames=FALSE nrow=75 ncol=2 as.numeric=TRUE >
			675	603
			674	603
			673	602
			672	602
			671	601
			670	600
			669	600
			668	599
			668	598
			667	597
			666	597
			666	596
			665	595
			664	594
			664	593
			664	592
			663	591
			663	590
			662	589
			662	588
			662	587
			661	586
			661	585
			661	584
			661	583
			660	582
			660	581
			660	580
			660	579
			660	578
			660	577
			660	576
			660	575
			659	574
			659	573
			659	572
			659	571
			659	570
			659	569
			659	568
			659	567
			659	566
			659	565
			659	564
			659	563
			659	562
			659	561
			660	560
			660	559
			660	558
			660	557
			660	556
			660	555
			660	554
			661	554
			661	553
			661	552
			661	551
			661	550
			661	549
			661	548
			661	547
			661	546
			661	545
			661	544
			661	543
			661	542
			661	541
			661	540
			660	539
			660	538
			660	537
			659	536
			658	535
			657	534
		</curveLM10>
		<curveLM11 type=matrix rownames=FALSE colnames=FALSE nrow=39 ncol=2 as.numeric=TRUE >
			657	534
			656	534
			655	533
			654	533
			653	533
			652	533
			651	533
			650	533
			649	534
			648	534
			647	535
			646	535
			645	536
			645	537
			644	538
			643	539
			642	540
			642	541
			641	542
			640	543
			639	544
			638	545
			637	546
			636	546
			635	547
			634	548
			633	549
			632	550
			631	550
			630	551
			629	551
			629	552
			628	552
			627	553
			626	553
			625	553
			624	554
			623	553
			622	553
		</curveLM11>
		<curveLM12 type=matrix rownames=FALSE colnames=FALSE nrow=196 ncol=2 as.numeric=TRUE >
			622	553
			622	552
			621	552
			621	551
			621	550
			620	550
			620	549
			620	548
			620	547
			620	546
			620	545
			619	544
			619	543
			619	542
			619	541
			619	540
			619	539
			619	538
			619	537
			619	536
			619	535
			619	534
			619	533
			620	532
			620	531
			620	530
			620	529
			620	528
			620	527
			620	526
			620	525
			621	524
			621	523
			621	522
			621	521
			621	520
			621	519
			622	518
			622	517
			622	516
			622	515
			622	514
			623	513
			623	512
			623	511
			623	510
			623	509
			624	508
			624	507
			624	506
			625	505
			625	504
			625	503
			625	502
			625	501
			626	500
			626	499
			626	498
			627	497
			627	496
			627	495
			627	494
			628	493
			628	492
			628	491
			629	490
			629	489
			629	488
			629	487
			630	486
			630	485
			630	484
			630	483
			631	482
			631	481
			631	480
			632	479
			632	478
			632	477
			633	476
			633	475
			633	474
			634	473
			634	472
			634	471
			634	470
			635	469
			635	468
			636	467
			636	466
			636	465
			636	464
			637	463
			637	462
			637	461
			638	460
			638	459
			638	458
			639	457
			639	456
			639	455
			639	454
			640	453
			640	452
			640	451
			641	450
			641	449
			641	448
			642	447
			642	446
			642	445
			643	444
			643	443
			644	442
			644	441
			644	440
			644	439
			645	438
			645	437
			646	436
			646	435
			646	434
			647	433
			647	432
			647	431
			648	430
			648	429
			648	428
			649	427
			649	426
			649	425
			650	424
			650	423
			650	422
			651	421
			651	420
			651	419
			652	418
			652	417
			652	416
			653	415
			653	414
			654	413
			654	412
			654	411
			655	411
			655	410
			655	409
			656	408
			656	407
			656	406
			657	405
			657	404
			658	403
			658	402
			658	401
			659	400
			659	399
			659	398
			660	397
			660	396
			660	395
			661	394
			661	393
			662	392
			662	391
			662	390
			663	389
			663	388
			664	387
			664	386
			664	385
			665	384
			665	383
			665	382
			666	381
			666	380
			667	380
			667	379
			667	378
			668	377
			668	376
			669	375
			669	374
			669	373
			670	372
			670	371
			671	370
			671	369
			671	368
			672	367
			672	366
			673	365
			673	364
			674	363
			674	362
		</curveLM12>
	</curves.pixel>
	<curves.scaled type=list>
		<curveLM07 type=matrix rownames=FALSE colnames=FALSE nrow=201 ncol=2 as.numeric=TRUE >
			5.76065382767257	-3.0940010172366
			5.76920079180858	-3.10254798137261
			5.77774775594459	-3.11109494550863
			5.7862947200806	-3.11964190964464
			5.7862947200806	-3.12818887378065
			5.79484168421662	-3.13673583791666
			5.80338864835263	-3.14528280205268
			5.80338864835263	-3.15382976618869
			5.81193561248864	-3.1623767303247
			5.81193561248864	-3.17092369446071
			5.82048257662465	-3.17947065859673
			5.82048257662465	-3.18801762273274
			5.82902954076067	-3.19656458686875
			5.82902954076067	-3.20511155100477
			5.83757650489668	-3.21365851514078
			5.83757650489668	-3.22220547927679
			5.84612346903269	-3.2307524434128
			5.84612346903269	-3.23929940754882
			5.84612346903269	-3.24784637168483
			5.85467043316871	-3.25639333582084
			5.85467043316871	-3.26494029995685
			5.85467043316871	-3.27348726409287
			5.86321739730472	-3.27348726409287
			5.86321739730472	-3.28203422822888
			5.87176436144073	-3.29058119236489
			5.87176436144073	-3.29912815650091
			5.87176436144073	-3.30767512063692
			5.88031132557674	-3.31622208477293
			5.88031132557674	-3.32476904890894
			5.88031132557674	-3.33331601304496
			5.88885828971276	-3.34186297718097
			5.88885828971276	-3.35040994131698
			5.88885828971276	-3.35895690545299
			5.89740525384877	-3.36750386958901
			5.89740525384877	-3.37605083372502
			5.90595221798478	-3.38459779786103
			5.90595221798478	-3.39314476199705
			5.90595221798478	-3.40169172613306
			5.91449918212079	-3.41023869026907
			5.91449918212079	-3.41878565440508
			5.91449918212079	-3.4273326185411
			5.92304614625681	-3.43587958267711
			5.92304614625681	-3.44442654681312
			5.93159311039282	-3.45297351094913
			5.93159311039282	-3.46152047508515
			5.93159311039282	-3.47006743922116
			5.94014007452883	-3.47861440335717
			5.94014007452883	-3.48716136749319
			5.94014007452883	-3.4957083316292
			5.94868703866485	-3.50425529576521
			5.94868703866485	-3.51280225990122
			5.94868703866485	-3.52134922403724
			5.95723400280086	-3.52989618817325
			5.95723400280086	-3.53844315230926
			5.95723400280086	-3.54699011644527
			5.96578096693687	-3.55553708058129
			5.96578096693687	-3.5640840447173
			5.96578096693687	-3.57263100885331
			5.97432793107288	-3.58117797298932
			5.97432793107288	-3.58972493712534
			5.97432793107288	-3.59827190126135
			5.9828748952089	-3.59827190126135
			5.9828748952089	-3.60681886539736
			5.9828748952089	-3.61536582953338
			5.9828748952089	-3.62391279366939
			5.99142185934491	-3.6324597578054
			5.99142185934491	-3.64100672194141
			5.99996882348092	-3.64955368607743
			5.99996882348092	-3.65810065021344
			5.99996882348092	-3.66664761434945
			6.00851578761693	-3.67519457848546
			6.00851578761693	-3.68374154262148
			6.01706275175295	-3.69228850675749
			6.01706275175295	-3.7008354708935
			6.01706275175295	-3.70938243502952
			6.02560971588896	-3.70938243502952
			6.02560971588896	-3.71792939916553
			6.02560971588896	-3.72647636330154
			6.03415668002497	-3.73502332743755
			6.03415668002497	-3.74357029157357
			6.03415668002497	-3.75211725570958
			6.04270364416099	-3.76066421984559
			6.04270364416099	-3.7692111839816
			6.04270364416099	-3.77775814811762
			6.051250608297	-3.78630511225363
			6.051250608297	-3.79485207638964
			6.051250608297	-3.80339904052566
			6.05979757243301	-3.81194600466167
			6.05979757243301	-3.82049296879768
			6.06834453656902	-3.82903993293369
			6.06834453656902	-3.83758689706971
			6.06834453656902	-3.84613386120572
			6.07689150070504	-3.85468082534173
			6.07689150070504	-3.86322778947774
			6.07689150070504	-3.87177475361376
			6.08543846484105	-3.88032171774977
			6.08543846484105	-3.88886868188578
			6.08543846484105	-3.8974156460218
			6.09398542897706	-3.90596261015781
			6.09398542897706	-3.91450957429382
			6.09398542897706	-3.92305653842983
			6.10253239311307	-3.93160350256585
			6.10253239311307	-3.94015046670186
			6.10253239311307	-3.94869743083787
			6.11107935724909	-3.95724439497388
			6.11107935724909	-3.9657913591099
			6.11107935724909	-3.97433832324591
			6.11107935724909	-3.98288528738192
			6.1196263213851	-3.98288528738192
			6.1196263213851	-3.99143225151794
			6.1196263213851	-3.99997921565395
			6.1196263213851	-4.00852617978996
			6.12817328552111	-4.01707314392597
			6.12817328552111	-4.02562010806199
			6.12817328552111	-4.034167072198
			6.13672024965712	-4.04271403633401
			6.13672024965712	-4.05126100047002
			6.13672024965712	-4.05980796460604
			6.13672024965712	-4.06835492874205
			6.14526721379314	-4.07690189287806
			6.14526721379314	-4.08544885701407
			6.14526721379314	-4.09399582115009
			6.15381417792915	-4.1025427852861
			6.15381417792915	-4.11108974942211
			6.15381417792915	-4.11963671355813
			6.15381417792915	-4.12818367769414
			6.16236114206516	-4.13673064183015
			6.16236114206516	-4.14527760596616
			6.16236114206516	-4.15382457010218
			6.16236114206516	-4.16237153423819
			6.17090810620118	-4.1709184983742
			6.17090810620118	-4.17946546251021
			6.17090810620118	-4.18801242664623
			6.17945507033719	-4.19655939078224
			6.17945507033719	-4.20510635491825
			6.17945507033719	-4.21365331905427
			6.17945507033719	-4.22220028319028
			6.1880020344732	-4.23074724732629
			6.1880020344732	-4.2392942114623
			6.1880020344732	-4.24784117559832
			6.1880020344732	-4.25638813973433
			6.19654899860921	-4.26493510387034
			6.19654899860921	-4.27348206800635
			6.19654899860921	-4.28202903214237
			6.19654899860921	-4.29057599627838
			6.20509596274523	-4.29912296041439
			6.20509596274523	-4.3076699245504
			6.20509596274523	-4.31621688868642
			6.20509596274523	-4.32476385282243
			6.21364292688124	-4.33331081695844
			6.21364292688124	-4.34185778109446
			6.21364292688124	-4.35040474523047
			6.21364292688124	-4.35895170936648
			6.22218989101725	-4.36749867350249
			6.22218989101725	-4.37604563763851
			6.22218989101725	-4.38459260177452
			6.22218989101725	-4.39313956591053
			6.23073685515326	-4.40168653004655
			6.23073685515326	-4.41023349418256
			6.23073685515326	-4.41878045831857
			6.23073685515326	-4.42732742245458
			6.23928381928928	-4.4358743865906
			6.23928381928928	-4.44442135072661
			6.23928381928928	-4.45296831486262
			6.23928381928928	-4.46151527899863
			6.24783078342529	-4.47006224313465
			6.24783078342529	-4.47860920727066
			6.24783078342529	-4.48715617140667
			6.24783078342529	-4.49570313554268
			6.24783078342529	-4.5042500996787
			6.2563777475613	-4.51279706381471
			6.2563777475613	-4.52134402795072
			6.2563777475613	-4.52989099208674
			6.2563777475613	-4.53843795622275
			6.26492471169732	-4.54698492035876
			6.26492471169732	-4.55553188449477
			6.26492471169732	-4.56407884863079
			6.26492471169732	-4.5726258127668
			6.26492471169732	-4.58117277690281
			6.27347167583333	-4.58971974103882
			6.27347167583333	-4.59826670517484
			6.27347167583333	-4.60681366931085
			6.27347167583333	-4.61536063344686
			6.27347167583333	-4.62390759758288
			6.27347167583333	-4.63245456171889
			6.27347167583333	-4.6410015258549
			6.28201863996934	-4.64954848999091
			6.28201863996934	-4.65809545412693
			6.28201863996934	-4.66664241826294
			6.28201863996934	-4.67518938239895
			6.28201863996934	-4.68373634653496
			6.28201863996934	-4.69228331067098
			6.28201863996934	-4.70083027480699
			6.28201863996934	-4.709377238943
			6.28201863996934	-4.71792420307901
			6.27347167583333	-4.72647116721503
			6.27347167583333	-4.73501813135104
			6.27347167583333	-4.74356509548705
			6.26492471169732	-4.74356509548705
			6.26492471169732	-4.75211205962307
			6.2563777475613	-4.75211205962307
		</curveLM07>
		<curveLM08 type=matrix rownames=FALSE colnames=FALSE nrow=38 ncol=2 as.numeric=TRUE >
			6.2563777475613	-4.75211205962307
			6.24783078342529	-4.76065902375908
			6.23928381928928	-4.76065902375908
			6.23073685515326	-4.76065902375908
			6.22218989101725	-4.76065902375908
			6.21364292688124	-4.75211205962307
			6.20509596274523	-4.75211205962307
			6.19654899860921	-4.74356509548705
			6.1880020344732	-4.74356509548705
			6.17945507033719	-4.73501813135104
			6.17090810620118	-4.72647116721503
			6.16236114206516	-4.71792420307901
			6.15381417792915	-4.709377238943
			6.14526721379314	-4.70083027480699
			6.13672024965712	-4.70083027480699
			6.12817328552111	-4.69228331067098
			6.12817328552111	-4.68373634653496
			6.1196263213851	-4.67518938239895
			6.11107935724909	-4.67518938239895
			6.10253239311307	-4.66664241826294
			6.10253239311307	-4.65809545412693
			6.09398542897706	-4.64954848999091
			6.08543846484105	-4.6410015258549
			6.07689150070504	-4.63245456171889
			6.06834453656902	-4.62390759758288
			6.05979757243301	-4.61536063344686
			6.051250608297	-4.60681366931085
			6.04270364416099	-4.59826670517484
			6.03415668002497	-4.59826670517484
			6.02560971588896	-4.58971974103882
			6.01706275175295	-4.58117277690281
			6.00851578761693	-4.58117277690281
			5.99996882348092	-4.58117277690281
			5.99142185934491	-4.58117277690281
			5.9828748952089	-4.58117277690281
			5.97432793107288	-4.58117277690281
			5.96578096693687	-4.58117277690281
			5.95723400280086	-4.58971974103882
		</curveLM08>
		<curveLM09 type=matrix rownames=FALSE colnames=FALSE nrow=73 ncol=2 as.numeric=TRUE >
			5.95723400280086	-4.58971974103882
			5.94868703866485	-4.59826670517484
			5.94014007452883	-4.60681366931085
			5.94014007452883	-4.61536063344686
			5.94014007452883	-4.62390759758288
			5.94014007452883	-4.63245456171889
			5.93159311039282	-4.6410015258549
			5.93159311039282	-4.64954848999091
			5.93159311039282	-4.65809545412693
			5.93159311039282	-4.66664241826294
			5.93159311039282	-4.67518938239895
			5.92304614625681	-4.68373634653496
			5.92304614625681	-4.69228331067098
			5.92304614625681	-4.70083027480699
			5.92304614625681	-4.709377238943
			5.92304614625681	-4.71792420307901
			5.92304614625681	-4.72647116721503
			5.92304614625681	-4.73501813135104
			5.92304614625681	-4.74356509548705
			5.91449918212079	-4.75211205962307
			5.91449918212079	-4.76065902375908
			5.91449918212079	-4.76920598789509
			5.91449918212079	-4.7777529520311
			5.91449918212079	-4.78629991616712
			5.91449918212079	-4.79484688030313
			5.91449918212079	-4.80339384443914
			5.91449918212079	-4.81194080857516
			5.91449918212079	-4.82048777271117
			5.91449918212079	-4.82903473684718
			5.91449918212079	-4.83758170098319
			5.91449918212079	-4.84612866511921
			5.91449918212079	-4.85467562925522
			5.90595221798478	-4.86322259339123
			5.90595221798478	-4.87176955752724
			5.90595221798478	-4.88031652166326
			5.90595221798478	-4.88886348579927
			5.90595221798478	-4.89741044993528
			5.90595221798478	-4.90595741407129
			5.90595221798478	-4.91450437820731
			5.90595221798478	-4.92305134234332
			5.90595221798478	-4.93159830647933
			5.90595221798478	-4.94014527061535
			5.90595221798478	-4.94869223475136
			5.89740525384877	-4.95723919888737
			5.89740525384877	-4.96578616302338
			5.89740525384877	-4.9743331271594
			5.88885828971276	-4.98288009129541
			5.88885828971276	-4.99142705543142
			5.88885828971276	-4.99997401956743
			5.88031132557674	-5.00852098370345
			5.88031132557674	-5.01706794783946
			5.88031132557674	-5.02561491197547
			5.87176436144073	-5.03416187611149
			5.87176436144073	-5.0427088402475
			5.86321739730472	-5.05125580438351
			5.86321739730472	-5.05980276851952
			5.86321739730472	-5.06834973265554
			5.85467043316871	-5.07689669679155
			5.85467043316871	-5.08544366092756
			5.84612346903269	-5.08544366092756
			5.84612346903269	-5.09399062506357
			5.84612346903269	-5.10253758919959
			5.83757650489668	-5.10253758919959
			5.83757650489668	-5.1110845533356
			5.82902954076067	-5.11963151747161
			5.82902954076067	-5.12817848160763
			5.82048257662465	-5.13672544574364
			5.81193561248864	-5.13672544574364
			5.80338864835263	-5.14527240987965
			5.79484168421662	-5.14527240987965
			5.7862947200806	-5.15381937401566
			5.77774775594459	-5.15381937401566
			5.76920079180858	-5.15381937401566
		</curveLM09>
		<curveLM10 type=matrix rownames=FALSE colnames=FALSE nrow=75 ncol=2 as.numeric=TRUE >
			5.76920079180858	-5.15381937401566
			5.76065382767257	-5.15381937401566
			5.75210686353655	-5.14527240987965
			5.74355989940054	-5.14527240987965
			5.73501293526453	-5.13672544574364
			5.72646597112851	-5.12817848160763
			5.7179190069925	-5.12817848160763
			5.70937204285649	-5.11963151747161
			5.70937204285649	-5.1110845533356
			5.70082507872048	-5.10253758919959
			5.69227811458446	-5.10253758919959
			5.69227811458446	-5.09399062506357
			5.68373115044845	-5.08544366092756
			5.67518418631244	-5.07689669679155
			5.67518418631244	-5.06834973265554
			5.67518418631244	-5.05980276851952
			5.66663722217643	-5.05125580438351
			5.66663722217643	-5.0427088402475
			5.65809025804041	-5.03416187611149
			5.65809025804041	-5.02561491197547
			5.65809025804041	-5.01706794783946
			5.6495432939044	-5.00852098370345
			5.6495432939044	-4.99997401956743
			5.6495432939044	-4.99142705543142
			5.6495432939044	-4.98288009129541
			5.64099632976839	-4.9743331271594
			5.64099632976839	-4.96578616302338
			5.64099632976839	-4.95723919888737
			5.64099632976839	-4.94869223475136
			5.64099632976839	-4.94014527061535
			5.64099632976839	-4.93159830647933
			5.64099632976839	-4.92305134234332
			5.64099632976839	-4.91450437820731
			5.63244936563238	-4.90595741407129
			5.63244936563238	-4.89741044993528
			5.63244936563238	-4.88886348579927
			5.63244936563238	-4.88031652166326
			5.63244936563238	-4.87176955752724
			5.63244936563238	-4.86322259339123
			5.63244936563238	-4.85467562925522
			5.63244936563238	-4.84612866511921
			5.63244936563238	-4.83758170098319
			5.63244936563238	-4.82903473684718
			5.63244936563238	-4.82048777271117
			5.63244936563238	-4.81194080857516
			5.63244936563238	-4.80339384443914
			5.63244936563238	-4.79484688030313
			5.64099632976839	-4.78629991616712
			5.64099632976839	-4.7777529520311
			5.64099632976839	-4.76920598789509
			5.64099632976839	-4.76065902375908
			5.64099632976839	-4.75211205962307
			5.64099632976839	-4.74356509548705
			5.64099632976839	-4.73501813135104
			5.6495432939044	-4.73501813135104
			5.6495432939044	-4.72647116721503
			5.6495432939044	-4.71792420307901
			5.6495432939044	-4.709377238943
			5.6495432939044	-4.70083027480699
			5.6495432939044	-4.69228331067098
			5.6495432939044	-4.68373634653496
			5.6495432939044	-4.67518938239895
			5.6495432939044	-4.66664241826294
			5.6495432939044	-4.65809545412693
			5.6495432939044	-4.64954848999091
			5.6495432939044	-4.6410015258549
			5.6495432939044	-4.63245456171889
			5.6495432939044	-4.62390759758288
			5.6495432939044	-4.61536063344686
			5.64099632976839	-4.60681366931085
			5.64099632976839	-4.59826670517484
			5.64099632976839	-4.58971974103882
			5.63244936563238	-4.58117277690281
			5.62390240149636	-4.5726258127668
			5.61535543736035	-4.56407884863079
		</curveLM10>
		<curveLM11 type=matrix rownames=FALSE colnames=FALSE nrow=39 ncol=2 as.numeric=TRUE >
			5.61535543736035	-4.56407884863079
			5.60680847322434	-4.56407884863079
			5.59826150908832	-4.55553188449477
			5.58971454495231	-4.55553188449477
			5.5811675808163	-4.55553188449477
			5.57262061668029	-4.55553188449477
			5.56407365254427	-4.55553188449477
			5.55552668840826	-4.55553188449477
			5.54697972427225	-4.56407884863079
			5.53843276013624	-4.56407884863079
			5.52988579600022	-4.5726258127668
			5.52133883186421	-4.5726258127668
			5.5127918677282	-4.58117277690281
			5.5127918677282	-4.58971974103882
			5.50424490359218	-4.59826670517484
			5.49569793945617	-4.60681366931085
			5.48715097532016	-4.61536063344686
			5.48715097532016	-4.62390759758288
			5.47860401118415	-4.63245456171889
			5.47005704704813	-4.6410015258549
			5.46151008291212	-4.64954848999091
			5.45296311877611	-4.65809545412693
			5.4444161546401	-4.66664241826294
			5.43586919050408	-4.66664241826294
			5.42732222636807	-4.67518938239895
			5.41877526223206	-4.68373634653496
			5.41022829809604	-4.69228331067098
			5.40168133396003	-4.70083027480699
			5.39313436982402	-4.70083027480699
			5.38458740568801	-4.709377238943
			5.37604044155199	-4.709377238943
			5.37604044155199	-4.71792420307901
			5.36749347741598	-4.71792420307901
			5.35894651327997	-4.72647116721503
			5.35039954914396	-4.72647116721503
			5.34185258500794	-4.72647116721503
			5.33330562087193	-4.73501813135104
			5.32475865673592	-4.72647116721503
			5.3162116925999	-4.72647116721503
		</curveLM11>
		<curveLM12 type=matrix rownames=FALSE colnames=FALSE nrow=196 ncol=2 as.numeric=TRUE >
			5.3162116925999	-4.72647116721503
			5.3162116925999	-4.71792420307901
			5.30766472846389	-4.71792420307901
			5.30766472846389	-4.709377238943
			5.30766472846389	-4.70083027480699
			5.29911776432788	-4.70083027480699
			5.29911776432788	-4.69228331067098
			5.29911776432788	-4.68373634653496
			5.29911776432788	-4.67518938239895
			5.29911776432788	-4.66664241826294
			5.29911776432788	-4.65809545412693
			5.29057080019187	-4.64954848999091
			5.29057080019187	-4.6410015258549
			5.29057080019187	-4.63245456171889
			5.29057080019187	-4.62390759758288
			5.29057080019187	-4.61536063344686
			5.29057080019187	-4.60681366931085
			5.29057080019187	-4.59826670517484
			5.29057080019187	-4.58971974103882
			5.29057080019187	-4.58117277690281
			5.29057080019187	-4.5726258127668
			5.29057080019187	-4.56407884863079
			5.29057080019187	-4.55553188449477
			5.29911776432788	-4.54698492035876
			5.29911776432788	-4.53843795622275
			5.29911776432788	-4.52989099208674
			5.29911776432788	-4.52134402795072
			5.29911776432788	-4.51279706381471
			5.29911776432788	-4.5042500996787
			5.29911776432788	-4.49570313554268
			5.29911776432788	-4.48715617140667
			5.30766472846389	-4.47860920727066
			5.30766472846389	-4.47006224313465
			5.30766472846389	-4.46151527899863
			5.30766472846389	-4.45296831486262
			5.30766472846389	-4.44442135072661
			5.30766472846389	-4.4358743865906
			5.3162116925999	-4.42732742245458
			5.3162116925999	-4.41878045831857
			5.3162116925999	-4.41023349418256
			5.3162116925999	-4.40168653004655
			5.3162116925999	-4.39313956591053
			5.32475865673592	-4.38459260177452
			5.32475865673592	-4.37604563763851
			5.32475865673592	-4.36749867350249
			5.32475865673592	-4.35895170936648
			5.32475865673592	-4.35040474523047
			5.33330562087193	-4.34185778109446
			5.33330562087193	-4.33331081695844
			5.33330562087193	-4.32476385282243
			5.34185258500794	-4.31621688868642
			5.34185258500794	-4.3076699245504
			5.34185258500794	-4.29912296041439
			5.34185258500794	-4.29057599627838
			5.34185258500794	-4.28202903214237
			5.35039954914396	-4.27348206800635
			5.35039954914396	-4.26493510387034
			5.35039954914396	-4.25638813973433
			5.35894651327997	-4.24784117559832
			5.35894651327997	-4.2392942114623
			5.35894651327997	-4.23074724732629
			5.35894651327997	-4.22220028319028
			5.36749347741598	-4.21365331905427
			5.36749347741598	-4.20510635491825
			5.36749347741598	-4.19655939078224
			5.37604044155199	-4.18801242664623
			5.37604044155199	-4.17946546251021
			5.37604044155199	-4.1709184983742
			5.37604044155199	-4.16237153423819
			5.38458740568801	-4.15382457010218
			5.38458740568801	-4.14527760596616
			5.38458740568801	-4.13673064183015
			5.38458740568801	-4.12818367769414
			5.39313436982402	-4.11963671355813
			5.39313436982402	-4.11108974942211
			5.39313436982402	-4.1025427852861
			5.40168133396003	-4.09399582115009
			5.40168133396003	-4.08544885701407
			5.40168133396003	-4.07690189287806
			5.41022829809604	-4.06835492874205
			5.41022829809604	-4.05980796460604
			5.41022829809604	-4.05126100047002
			5.41877526223206	-4.04271403633401
			5.41877526223206	-4.034167072198
			5.41877526223206	-4.02562010806199
			5.41877526223206	-4.01707314392597
			5.42732222636807	-4.00852617978996
			5.42732222636807	-3.99997921565395
			5.43586919050408	-3.99143225151794
			5.43586919050408	-3.98288528738192
			5.43586919050408	-3.97433832324591
			5.43586919050408	-3.9657913591099
			5.4444161546401	-3.95724439497388
			5.4444161546401	-3.94869743083787
			5.4444161546401	-3.94015046670186
			5.45296311877611	-3.93160350256585
			5.45296311877611	-3.92305653842983
			5.45296311877611	-3.91450957429382
			5.46151008291212	-3.90596261015781
			5.46151008291212	-3.8974156460218
			5.46151008291212	-3.88886868188578
			5.46151008291212	-3.88032171774977
			5.47005704704813	-3.87177475361376
			5.47005704704813	-3.86322778947774
			5.47005704704813	-3.85468082534173
			5.47860401118415	-3.84613386120572
			5.47860401118415	-3.83758689706971
			5.47860401118415	-3.82903993293369
			5.48715097532016	-3.82049296879768
			5.48715097532016	-3.81194600466167
			5.48715097532016	-3.80339904052566
			5.49569793945617	-3.79485207638964
			5.49569793945617	-3.78630511225363
			5.50424490359218	-3.77775814811762
			5.50424490359218	-3.7692111839816
			5.50424490359218	-3.76066421984559
			5.50424490359218	-3.75211725570958
			5.5127918677282	-3.74357029157357
			5.5127918677282	-3.73502332743755
			5.52133883186421	-3.72647636330154
			5.52133883186421	-3.71792939916553
			5.52133883186421	-3.70938243502952
			5.52988579600022	-3.7008354708935
			5.52988579600022	-3.69228850675749
			5.52988579600022	-3.68374154262148
			5.53843276013624	-3.67519457848546
			5.53843276013624	-3.66664761434945
			5.53843276013624	-3.65810065021344
			5.54697972427225	-3.64955368607743
			5.54697972427225	-3.64100672194141
			5.54697972427225	-3.6324597578054
			5.55552668840826	-3.62391279366939
			5.55552668840826	-3.61536582953338
			5.55552668840826	-3.60681886539736
			5.56407365254427	-3.59827190126135
			5.56407365254427	-3.58972493712534
			5.56407365254427	-3.58117797298932
			5.57262061668029	-3.57263100885331
			5.57262061668029	-3.5640840447173
			5.57262061668029	-3.55553708058129
			5.5811675808163	-3.54699011644527
			5.5811675808163	-3.53844315230926
			5.58971454495231	-3.52989618817325
			5.58971454495231	-3.52134922403724
			5.58971454495231	-3.51280225990122
			5.59826150908832	-3.51280225990122
			5.59826150908832	-3.50425529576521
			5.59826150908832	-3.4957083316292
			5.60680847322434	-3.48716136749319
			5.60680847322434	-3.47861440335717
			5.60680847322434	-3.47006743922116
			5.61535543736035	-3.46152047508515
			5.61535543736035	-3.45297351094913
			5.62390240149636	-3.44442654681312
			5.62390240149636	-3.43587958267711
			5.62390240149636	-3.4273326185411
			5.63244936563238	-3.41878565440508
			5.63244936563238	-3.41023869026907
			5.63244936563238	-3.40169172613306
			5.64099632976839	-3.39314476199705
			5.64099632976839	-3.38459779786103
			5.64099632976839	-3.37605083372502
			5.6495432939044	-3.36750386958901
			5.6495432939044	-3.35895690545299
			5.65809025804041	-3.35040994131698
			5.65809025804041	-3.34186297718097
			5.65809025804041	-3.33331601304496
			5.66663722217643	-3.32476904890894
			5.66663722217643	-3.31622208477293
			5.67518418631244	-3.30767512063692
			5.67518418631244	-3.29912815650091
			5.67518418631244	-3.29058119236489
			5.68373115044845	-3.28203422822888
			5.68373115044845	-3.27348726409287
			5.68373115044845	-3.26494029995685
			5.69227811458446	-3.25639333582084
			5.69227811458446	-3.24784637168483
			5.70082507872048	-3.24784637168483
			5.70082507872048	-3.23929940754882
			5.70082507872048	-3.2307524434128
			5.70937204285649	-3.22220547927679
			5.70937204285649	-3.21365851514078
			5.7179190069925	-3.20511155100477
			5.7179190069925	-3.19656458686875
			5.7179190069925	-3.18801762273274
			5.72646597112851	-3.17947065859673
			5.72646597112851	-3.17092369446071
			5.73501293526453	-3.1623767303247
			5.73501293526453	-3.15382976618869
			5.73501293526453	-3.14528280205268
			5.74355989940054	-3.13673583791666
			5.74355989940054	-3.12818887378065
			5.75210686353655	-3.11964190964464
			5.75210686353655	-3.11109494550863
			5.76065382767257	-3.10254798137261
			5.76065382767257	-3.0940010172366
		</curveLM12>
	</curves.scaled>
	<ruler.points type=matrix rownames=TRUE colnames=FALSE nrow=5 ncol=2 as.numeric=TRUE >
		Ruler point 1	210	813
		Ruler point 2	327	813
		Ruler point 3	444	814
		Ruler point 4	561	815
		Ruler point 5	679	814
	</ruler.points>
</shapes>

