<shapes type=list>
	<ruler.pixel type=vector names=FALSE length=1 as.numeric=TRUE >117.000000119852</ruler.pixel>
	<ruler.interval type=vector names=FALSE length=1 as.numeric=TRUE >1</ruler.interval>
	<scaling.units type=vector names=FALSE length=1 as.numeric=FALSE >cm</scaling.units>
	<scaling type=vector names=FALSE length=1 as.numeric=TRUE >0.0085470085382532</scaling>
	<landmarks.pixel type=matrix rownames=TRUE colnames=FALSE nrow=6 ncol=2 as.numeric=TRUE >
		LM01	684	343
		LM02	738	558
		LM03	707	541
		LM04	683	603
		LM05	660	543
		LM06	617	556
	</landmarks.pixel>
	<landmarks.scaled type=matrix rownames=TRUE colnames=FALSE nrow=6 ncol=2 as.numeric=TRUE >
		LM01	5.84615384016519	-2.93162392862085
		LM02	6.30769230123086	-4.76923076434529
		LM03	6.04273503654501	-4.62393161919498
		LM04	5.83760683162694	-5.15384614856668
		LM05	5.64102563524711	-4.64102563627149
		LM06	5.27350426810222	-4.75213674726878
	</landmarks.scaled>
	<curves.control type=list>
		<curveLM07 type=matrix rownames=FALSE colnames=FALSE nrow=7 ncol=2 as.numeric=TRUE >
			684	343
			698	368
			720	437
			741	521
			742	538
			745	555
			738	558
		</curveLM07>
		<curveLM08 type=matrix rownames=FALSE colnames=FALSE nrow=5 ncol=2 as.numeric=TRUE >
			738	558
			730	561
			720	542
			714	539
			707	541
		</curveLM08>
		<curveLM09 type=matrix rownames=FALSE colnames=FALSE nrow=5 ncol=2 as.numeric=TRUE >
			707	541
			696	549
			700	570
			695	601
			683	603
		</curveLM09>
		<curveLM10 type=matrix rownames=FALSE colnames=FALSE nrow=5 ncol=2 as.numeric=TRUE >
			683	603
			667	602
			663	573
			667	549
			660	543
		</curveLM10>
		<curveLM11 type=matrix rownames=FALSE colnames=FALSE nrow=5 ncol=2 as.numeric=TRUE >
			660	543
			651	539
			629	553
			621	557
			617	556
		</curveLM11>
		<curveLM12 type=matrix rownames=FALSE colnames=FALSE nrow=7 ncol=2 as.numeric=TRUE >
			617	556
			614	545
			621	518
			642	435
			652	409
			681	340
			684	343
		</curveLM12>
	</curves.control>
	<curves.pixel type=list>
		<curveLM07 type=matrix rownames=FALSE colnames=FALSE nrow=227 ncol=2 as.numeric=TRUE >
			684	343
			684	344
			685	344
			685	345
			686	346
			686	347
			687	348
			687	349
			688	350
			688	351
			689	352
			689	353
			690	354
			690	355
			691	356
			691	357
			692	358
			692	359
			692	360
			692	361
			693	361
			693	362
			693	363
			694	363
			694	364
			694	365
			695	366
			695	367
			696	368
			696	369
			697	370
			697	371
			697	372
			698	373
			698	374
			699	375
			699	376
			699	377
			700	378
			700	379
			700	380
			701	381
			701	382
			702	383
			702	384
			702	385
			703	386
			703	387
			703	388
			704	388
			704	389
			704	390
			704	391
			705	392
			705	393
			705	394
			706	394
			706	395
			706	396
			707	397
			707	398
			707	399
			708	400
			708	401
			708	402
			709	403
			709	404
			709	405
			710	405
			710	406
			710	407
			711	408
			711	409
			711	410
			712	411
			712	412
			712	413
			713	414
			713	415
			713	416
			714	417
			714	418
			714	419
			714	420
			715	420
			715	421
			715	422
			715	423
			716	424
			716	425
			717	426
			717	427
			717	428
			717	429
			718	429
			718	430
			718	431
			718	432
			719	433
			719	434
			719	435
			720	436
			720	437
			720	438
			721	439
			721	440
			721	441
			721	442
			721	443
			722	444
			722	445
			722	446
			723	447
			723	448
			723	449
			723	450
			723	451
			724	452
			724	453
			724	454
			724	455
			725	456
			725	457
			725	458
			725	459
			726	460
			726	461
			726	462
			726	463
			727	464
			727	465
			727	466
			727	467
			728	468
			728	469
			728	470
			728	471
			729	472
			729	473
			729	474
			729	475
			730	476
			730	477
			730	478
			730	479
			731	480
			731	481
			731	482
			731	483
			731	484
			732	485
			732	486
			732	487
			732	488
			733	489
			733	490
			733	491
			733	492
			733	493
			734	493
			734	494
			734	495
			734	496
			734	497
			735	498
			735	499
			735	500
			735	501
			736	502
			736	503
			736	504
			736	505
			736	506
			737	507
			737	508
			737	509
			737	510
			738	511
			738	512
			738	513
			738	514
			738	515
			739	516
			739	517
			739	518
			739	519
			739	520
			739	521
			740	521
			740	522
			740	523
			740	524
			740	525
			740	526
			741	527
			741	528
			741	529
			741	530
			741	531
			741	532
			741	533
			742	534
			742	535
			742	536
			742	537
			742	538
			742	539
			742	540
			742	541
			743	542
			743	543
			743	544
			743	545
			743	546
			743	547
			743	548
			743	549
			743	550
			743	551
			742	552
			742	553
			742	554
			741	555
			740	556
			740	557
			739	557
			738	558
		</curveLM07>
		<curveLM08 type=matrix rownames=FALSE colnames=FALSE nrow=37 ncol=2 as.numeric=TRUE >
			738	558
			737	558
			736	558
			735	558
			734	558
			733	558
			732	557
			731	557
			730	556
			729	555
			728	554
			727	553
			726	552
			725	551
			725	550
			724	549
			723	548
			723	547
			722	546
			722	545
			721	544
			720	543
			720	542
			719	542
			719	541
			718	541
			717	541
			716	541
			715	540
			714	540
			713	540
			712	540
			711	540
			710	540
			709	541
			708	541
			707	541
		</curveLM08>
		<curveLM09 type=matrix rownames=FALSE colnames=FALSE nrow=69 ncol=2 as.numeric=TRUE >
			707	541
			706	541
			706	542
			705	542
			705	543
			704	544
			703	545
			702	546
			702	547
			701	548
			701	549
			700	550
			700	551
			700	552
			700	553
			699	554
			699	555
			699	556
			699	557
			699	558
			699	559
			699	560
			699	561
			699	562
			699	563
			699	564
			699	565
			699	566
			700	567
			700	568
			700	569
			700	570
			700	571
			700	572
			700	573
			699	574
			699	575
			699	576
			699	577
			698	578
			698	579
			698	580
			698	581
			698	582
			697	583
			697	584
			697	585
			696	586
			696	587
			696	588
			695	589
			695	590
			695	591
			694	591
			694	592
			694	593
			693	594
			693	595
			692	596
			691	597
			690	598
			689	599
			689	600
			688	601
			687	602
			686	602
			685	602
			684	603
			683	603
		</curveLM09>
		<curveLM10 type=matrix rownames=FALSE colnames=FALSE nrow=69 ncol=2 as.numeric=TRUE >
			683	603
			682	603
			681	603
			680	603
			680	602
			679	602
			678	602
			677	601
			676	601
			675	600
			674	600
			673	599
			672	598
			672	597
			671	596
			670	595
			670	594
			669	593
			668	592
			668	591
			667	590
			667	589
			667	588
			666	588
			666	587
			666	586
			665	585
			665	584
			665	583
			665	582
			664	581
			664	580
			664	579
			664	578
			664	577
			663	576
			663	575
			663	574
			663	573
			663	572
			663	571
			663	570
			664	569
			664	568
			664	567
			664	566
			664	565
			664	564
			664	563
			664	562
			664	561
			664	560
			664	559
			664	558
			664	557
			664	556
			664	555
			664	554
			664	553
			664	552
			664	551
			664	550
			663	549
			663	548
			663	547
			662	546
			661	545
			661	544
			660	543
		</curveLM10>
		<curveLM11 type=matrix rownames=FALSE colnames=FALSE nrow=45 ncol=2 as.numeric=TRUE >
			660	543
			659	543
			658	542
			657	542
			656	542
			655	542
			654	542
			653	542
			652	542
			651	543
			650	543
			649	543
			648	543
			647	544
			646	544
			645	545
			644	545
			643	546
			642	546
			641	546
			640	547
			639	547
			638	548
			637	548
			636	549
			635	550
			634	550
			633	551
			632	551
			631	552
			630	552
			629	553
			628	553
			628	554
			627	554
			626	554
			625	555
			624	555
			623	555
			622	556
			621	556
			620	556
			619	556
			618	556
			617	556
		</curveLM11>
		<curveLM12 type=matrix rownames=FALSE colnames=FALSE nrow=220 ncol=2 as.numeric=TRUE >
			617	556
			617	555
			617	554
			616	553
			616	552
			616	551
			616	550
			616	549
			616	548
			616	547
			616	546
			616	545
			616	544
			616	543
			616	542
			617	541
			617	540
			617	539
			617	538
			617	537
			617	536
			617	535
			617	534
			618	533
			618	532
			618	531
			618	530
			618	529
			619	528
			619	527
			619	526
			619	525
			619	524
			620	523
			620	522
			620	521
			621	520
			621	519
			621	518
			621	517
			622	516
			622	515
			622	514
			622	513
			623	512
			623	511
			623	510
			623	509
			623	508
			624	507
			624	506
			624	505
			624	504
			625	504
			625	503
			625	502
			625	501
			626	500
			626	499
			626	498
			626	497
			627	496
			627	495
			627	494
			627	493
			628	492
			628	491
			628	490
			629	489
			629	488
			629	487
			629	486
			629	485
			630	484
			630	483
			630	482
			631	481
			631	480
			631	479
			631	478
			632	477
			632	476
			632	475
			632	474
			633	473
			633	472
			633	471
			634	470
			634	469
			634	468
			634	467
			635	466
			635	465
			635	464
			635	463
			636	463
			636	462
			636	461
			636	460
			637	459
			637	458
			637	457
			637	456
			638	455
			638	454
			638	453
			639	452
			639	451
			639	450
			639	449
			640	448
			640	447
			640	446
			640	445
			641	444
			641	443
			641	442
			642	441
			642	440
			642	439
			643	438
			643	437
			643	436
			644	435
			644	434
			644	433
			644	432
			645	431
			645	430
			645	429
			646	428
			646	427
			646	426
			646	425
			647	425
			647	424
			647	423
			647	422
			648	421
			648	420
			649	419
			649	418
			649	417
			649	416
			650	415
			650	414
			651	413
			651	412
			651	411
			652	410
			652	409
			652	408
			653	407
			653	406
			654	405
			654	404
			655	403
			655	402
			655	401
			656	400
			656	399
			657	398
			657	397
			658	396
			658	395
			658	394
			659	393
			659	392
			660	391
			660	390
			660	389
			661	388
			661	387
			662	386
			662	385
			663	384
			663	383
			664	382
			664	381
			665	380
			665	379
			665	378
			666	377
			666	376
			667	375
			667	374
			668	373
			668	372
			668	371
			669	370
			669	369
			670	368
			670	367
			671	366
			671	365
			672	364
			672	363
			672	362
			673	361
			674	360
			674	359
			675	358
			675	357
			675	356
			676	355
			677	354
			677	353
			678	352
			678	351
			678	350
			679	350
			679	349
			680	348
			680	347
			681	346
			681	345
			682	344
			683	344
			683	343
			684	343
		</curveLM12>
	</curves.pixel>
	<curves.scaled type=list>
		<curveLM07 type=matrix rownames=FALSE colnames=FALSE nrow=227 ncol=2 as.numeric=TRUE >
			5.84615384016519	-2.93162392862085
			5.84615384016519	-2.9401709371591
			5.85470084870344	-2.9401709371591
			5.85470084870344	-2.94871794569735
			5.8632478572417	-2.95726495423561
			5.8632478572417	-2.96581196277386
			5.87179486577995	-2.97435897131211
			5.87179486577995	-2.98290597985037
			5.8803418743182	-2.99145298838862
			5.8803418743182	-2.99999999692687
			5.88888888285646	-3.00854700546513
			5.88888888285646	-3.01709401400338
			5.89743589139471	-3.02564102254163
			5.89743589139471	-3.03418803107989
			5.90598289993296	-3.04273503961814
			5.90598289993296	-3.05128204815639
			5.91452990847121	-3.05982905669465
			5.91452990847121	-3.0683760652329
			5.91452990847121	-3.07692307377115
			5.91452990847121	-3.08547008230941
			5.92307691700947	-3.08547008230941
			5.92307691700947	-3.09401709084766
			5.92307691700947	-3.10256409938591
			5.93162392554772	-3.10256409938591
			5.93162392554772	-3.11111110792416
			5.93162392554772	-3.11965811646242
			5.94017093408597	-3.12820512500067
			5.94017093408597	-3.13675213353892
			5.94871794262423	-3.14529914207718
			5.94871794262423	-3.15384615061543
			5.95726495116248	-3.16239315915368
			5.95726495116248	-3.17094016769194
			5.95726495116248	-3.17948717623019
			5.96581195970073	-3.18803418476844
			5.96581195970073	-3.1965811933067
			5.97435896823899	-3.20512820184495
			5.97435896823899	-3.2136752103832
			5.97435896823899	-3.22222221892146
			5.98290597677724	-3.23076922745971
			5.98290597677724	-3.23931623599796
			5.98290597677724	-3.24786324453622
			5.99145298531549	-3.25641025307447
			5.99145298531549	-3.26495726161272
			5.99999999385375	-3.27350427015098
			5.99999999385375	-3.28205127868923
			5.99999999385375	-3.29059828722748
			6.008547002392	-3.29914529576574
			6.008547002392	-3.30769230430399
			6.008547002392	-3.31623931284224
			6.01709401093025	-3.31623931284224
			6.01709401093025	-3.3247863213805
			6.01709401093025	-3.33333332991875
			6.01709401093025	-3.341880338457
			6.02564101946851	-3.35042734699525
			6.02564101946851	-3.35897435553351
			6.02564101946851	-3.36752136407176
			6.03418802800676	-3.36752136407176
			6.03418802800676	-3.37606837261001
			6.03418802800676	-3.38461538114827
			6.04273503654501	-3.39316238968652
			6.04273503654501	-3.40170939822477
			6.04273503654501	-3.41025640676303
			6.05128204508327	-3.41880341530128
			6.05128204508327	-3.42735042383953
			6.05128204508327	-3.43589743237779
			6.05982905362152	-3.44444444091604
			6.05982905362152	-3.45299144945429
			6.05982905362152	-3.46153845799255
			6.06837606215977	-3.46153845799255
			6.06837606215977	-3.4700854665308
			6.06837606215977	-3.47863247506905
			6.07692307069803	-3.48717948360731
			6.07692307069803	-3.49572649214556
			6.07692307069803	-3.50427350068381
			6.08547007923628	-3.51282050922207
			6.08547007923628	-3.52136751776032
			6.08547007923628	-3.52991452629857
			6.09401708777453	-3.53846153483682
			6.09401708777453	-3.54700854337508
			6.09401708777453	-3.55555555191333
			6.10256409631279	-3.56410256045158
			6.10256409631279	-3.57264956898984
			6.10256409631279	-3.58119657752809
			6.10256409631279	-3.58974358606634
			6.11111110485104	-3.58974358606634
			6.11111110485104	-3.5982905946046
			6.11111110485104	-3.60683760314285
			6.11111110485104	-3.6153846116811
			6.11965811338929	-3.62393162021936
			6.11965811338929	-3.63247862875761
			6.12820512192754	-3.64102563729586
			6.12820512192754	-3.64957264583412
			6.12820512192754	-3.65811965437237
			6.12820512192754	-3.66666666291062
			6.1367521304658	-3.66666666291062
			6.1367521304658	-3.67521367144888
			6.1367521304658	-3.68376067998713
			6.1367521304658	-3.69230768852538
			6.14529913900405	-3.70085469706364
			6.14529913900405	-3.70940170560189
			6.14529913900405	-3.71794871414014
			6.1538461475423	-3.7264957226784
			6.1538461475423	-3.73504273121665
			6.1538461475423	-3.7435897397549
			6.16239315608056	-3.75213674829316
			6.16239315608056	-3.76068375683141
			6.16239315608056	-3.76923076536966
			6.16239315608056	-3.77777777390791
			6.16239315608056	-3.78632478244617
			6.17094016461881	-3.79487179098442
			6.17094016461881	-3.80341879952267
			6.17094016461881	-3.81196580806093
			6.17948717315706	-3.82051281659918
			6.17948717315706	-3.82905982513743
			6.17948717315706	-3.83760683367569
			6.17948717315706	-3.84615384221394
			6.17948717315706	-3.85470085075219
			6.18803418169532	-3.86324785929045
			6.18803418169532	-3.8717948678287
			6.18803418169532	-3.88034187636695
			6.18803418169532	-3.88888888490521
			6.19658119023357	-3.89743589344346
			6.19658119023357	-3.90598290198171
			6.19658119023357	-3.91452991051997
			6.19658119023357	-3.92307691905822
			6.20512819877182	-3.93162392759647
			6.20512819877182	-3.94017093613473
			6.20512819877182	-3.94871794467298
			6.20512819877182	-3.95726495321123
			6.21367520731008	-3.96581196174948
			6.21367520731008	-3.97435897028774
			6.21367520731008	-3.98290597882599
			6.21367520731008	-3.99145298736424
			6.22222221584833	-3.9999999959025
			6.22222221584833	-4.00854700444075
			6.22222221584833	-4.017094012979
			6.22222221584833	-4.02564102151726
			6.23076922438658	-4.03418803005551
			6.23076922438658	-4.04273503859376
			6.23076922438658	-4.05128204713202
			6.23076922438658	-4.05982905567027
			6.23931623292484	-4.06837606420852
			6.23931623292484	-4.07692307274678
			6.23931623292484	-4.08547008128503
			6.23931623292484	-4.09401708982328
			6.24786324146309	-4.10256409836154
			6.24786324146309	-4.11111110689979
			6.24786324146309	-4.11965811543804
			6.24786324146309	-4.1282051239763
			6.24786324146309	-4.13675213251455
			6.25641025000134	-4.1452991410528
			6.25641025000134	-4.15384614959106
			6.25641025000134	-4.16239315812931
			6.25641025000134	-4.17094016666756
			6.2649572585396	-4.17948717520582
			6.2649572585396	-4.18803418374407
			6.2649572585396	-4.19658119228232
			6.2649572585396	-4.20512820082057
			6.2649572585396	-4.21367520935883
			6.27350426707785	-4.21367520935883
			6.27350426707785	-4.22222221789708
			6.27350426707785	-4.23076922643533
			6.27350426707785	-4.23931623497359
			6.27350426707785	-4.24786324351184
			6.2820512756161	-4.25641025205009
			6.2820512756161	-4.26495726058835
			6.2820512756161	-4.2735042691266
			6.2820512756161	-4.28205127766485
			6.29059828415436	-4.29059828620311
			6.29059828415436	-4.29914529474136
			6.29059828415436	-4.30769230327961
			6.29059828415436	-4.31623931181787
			6.29059828415436	-4.32478632035612
			6.29914529269261	-4.33333332889437
			6.29914529269261	-4.34188033743263
			6.29914529269261	-4.35042734597088
			6.29914529269261	-4.35897435450913
			6.30769230123086	-4.36752136304739
			6.30769230123086	-4.37606837158564
			6.30769230123086	-4.38461538012389
			6.30769230123086	-4.39316238866215
			6.30769230123086	-4.4017093972004
			6.31623930976912	-4.41025640573865
			6.31623930976912	-4.4188034142769
			6.31623930976912	-4.42735042281516
			6.31623930976912	-4.43589743135341
			6.31623930976912	-4.44444443989166
			6.31623930976912	-4.45299144842992
			6.32478631830737	-4.45299144842992
			6.32478631830737	-4.46153845696817
			6.32478631830737	-4.47008546550642
			6.32478631830737	-4.47863247404468
			6.32478631830737	-4.48717948258293
			6.32478631830737	-4.49572649112118
			6.33333332684562	-4.50427349965944
			6.33333332684562	-4.51282050819769
			6.33333332684562	-4.52136751673594
			6.33333332684562	-4.5299145252742
			6.33333332684562	-4.53846153381245
			6.33333332684562	-4.5470085423507
			6.33333332684562	-4.55555555088896
			6.34188033538388	-4.56410255942721
			6.34188033538388	-4.57264956796546
			6.34188033538388	-4.58119657650372
			6.34188033538388	-4.58974358504197
			6.34188033538388	-4.59829059358022
			6.34188033538388	-4.60683760211848
			6.34188033538388	-4.61538461065673
			6.34188033538388	-4.62393161919498
			6.35042734392213	-4.63247862773324
			6.35042734392213	-4.64102563627149
			6.35042734392213	-4.64957264480974
			6.35042734392213	-4.65811965334799
			6.35042734392213	-4.66666666188625
			6.35042734392213	-4.6752136704245
			6.35042734392213	-4.68376067896275
			6.35042734392213	-4.69230768750101
			6.35042734392213	-4.70085469603926
			6.35042734392213	-4.70940170457751
			6.34188033538388	-4.71794871311577
			6.34188033538388	-4.72649572165402
			6.34188033538388	-4.73504273019227
			6.33333332684562	-4.74358973873053
			6.32478631830737	-4.75213674726878
			6.32478631830737	-4.76068375580703
			6.31623930976912	-4.76068375580703
			6.30769230123086	-4.76923076434529
		</curveLM07>
		<curveLM08 type=matrix rownames=FALSE colnames=FALSE nrow=37 ncol=2 as.numeric=TRUE >
			6.30769230123086	-4.76923076434529
			6.29914529269261	-4.76923076434529
			6.29059828415436	-4.76923076434529
			6.2820512756161	-4.76923076434529
			6.27350426707785	-4.76923076434529
			6.2649572585396	-4.76923076434529
			6.25641025000134	-4.76068375580703
			6.24786324146309	-4.76068375580703
			6.23931623292484	-4.75213674726878
			6.23076922438658	-4.74358973873053
			6.22222221584833	-4.73504273019227
			6.21367520731008	-4.72649572165402
			6.20512819877182	-4.71794871311577
			6.19658119023357	-4.70940170457751
			6.19658119023357	-4.70085469603926
			6.18803418169532	-4.69230768750101
			6.17948717315706	-4.68376067896275
			6.17948717315706	-4.6752136704245
			6.17094016461881	-4.66666666188625
			6.17094016461881	-4.65811965334799
			6.16239315608056	-4.64957264480974
			6.1538461475423	-4.64102563627149
			6.1538461475423	-4.63247862773324
			6.14529913900405	-4.63247862773324
			6.14529913900405	-4.62393161919498
			6.1367521304658	-4.62393161919498
			6.12820512192754	-4.62393161919498
			6.11965811338929	-4.62393161919498
			6.11111110485104	-4.61538461065673
			6.10256409631279	-4.61538461065673
			6.09401708777453	-4.61538461065673
			6.08547007923628	-4.61538461065673
			6.07692307069803	-4.61538461065673
			6.06837606215977	-4.61538461065673
			6.05982905362152	-4.62393161919498
			6.05128204508327	-4.62393161919498
			6.04273503654501	-4.62393161919498
		</curveLM08>
		<curveLM09 type=matrix rownames=FALSE colnames=FALSE nrow=69 ncol=2 as.numeric=TRUE >
			6.04273503654501	-4.62393161919498
			6.03418802800676	-4.62393161919498
			6.03418802800676	-4.63247862773324
			6.02564101946851	-4.63247862773324
			6.02564101946851	-4.64102563627149
			6.01709401093025	-4.64957264480974
			6.008547002392	-4.65811965334799
			5.99999999385375	-4.66666666188625
			5.99999999385375	-4.6752136704245
			5.99145298531549	-4.68376067896275
			5.99145298531549	-4.69230768750101
			5.98290597677724	-4.70085469603926
			5.98290597677724	-4.70940170457751
			5.98290597677724	-4.71794871311577
			5.98290597677724	-4.72649572165402
			5.97435896823899	-4.73504273019227
			5.97435896823899	-4.74358973873053
			5.97435896823899	-4.75213674726878
			5.97435896823899	-4.76068375580703
			5.97435896823899	-4.76923076434529
			5.97435896823899	-4.77777777288354
			5.97435896823899	-4.78632478142179
			5.97435896823899	-4.79487178996005
			5.97435896823899	-4.8034187984983
			5.97435896823899	-4.81196580703655
			5.97435896823899	-4.8205128155748
			5.97435896823899	-4.82905982411306
			5.97435896823899	-4.83760683265131
			5.98290597677724	-4.84615384118956
			5.98290597677724	-4.85470084972782
			5.98290597677724	-4.86324785826607
			5.98290597677724	-4.87179486680432
			5.98290597677724	-4.88034187534258
			5.98290597677724	-4.88888888388083
			5.98290597677724	-4.89743589241908
			5.97435896823899	-4.90598290095734
			5.97435896823899	-4.91452990949559
			5.97435896823899	-4.92307691803384
			5.97435896823899	-4.9316239265721
			5.96581195970073	-4.94017093511035
			5.96581195970073	-4.9487179436486
			5.96581195970073	-4.95726495218686
			5.96581195970073	-4.96581196072511
			5.96581195970073	-4.97435896926336
			5.95726495116248	-4.98290597780162
			5.95726495116248	-4.99145298633987
			5.95726495116248	-4.99999999487812
			5.94871794262423	-5.00854700341638
			5.94871794262423	-5.01709401195463
			5.94871794262423	-5.02564102049288
			5.94017093408597	-5.03418802903114
			5.94017093408597	-5.04273503756939
			5.94017093408597	-5.05128204610764
			5.93162392554772	-5.05128204610764
			5.93162392554772	-5.05982905464589
			5.93162392554772	-5.06837606318415
			5.92307691700947	-5.0769230717224
			5.92307691700947	-5.08547008026065
			5.91452990847121	-5.09401708879891
			5.90598289993296	-5.10256409733716
			5.89743589139471	-5.11111110587541
			5.88888888285646	-5.11965811441367
			5.88888888285646	-5.12820512295192
			5.8803418743182	-5.13675213149017
			5.87179486577995	-5.14529914002843
			5.8632478572417	-5.14529914002843
			5.85470084870344	-5.14529914002843
			5.84615384016519	-5.15384614856668
			5.83760683162694	-5.15384614856668
		</curveLM09>
		<curveLM10 type=matrix rownames=FALSE colnames=FALSE nrow=69 ncol=2 as.numeric=TRUE >
			5.83760683162694	-5.15384614856668
			5.82905982308868	-5.15384614856668
			5.82051281455043	-5.15384614856668
			5.81196580601218	-5.15384614856668
			5.81196580601218	-5.14529914002843
			5.80341879747392	-5.14529914002843
			5.79487178893567	-5.14529914002843
			5.78632478039742	-5.13675213149017
			5.77777777185916	-5.13675213149017
			5.76923076332091	-5.12820512295192
			5.76068375478266	-5.12820512295192
			5.7521367462444	-5.11965811441367
			5.74358973770615	-5.11111110587541
			5.74358973770615	-5.10256409733716
			5.7350427291679	-5.09401708879891
			5.72649572062964	-5.08547008026065
			5.72649572062964	-5.0769230717224
			5.71794871209139	-5.06837606318415
			5.70940170355314	-5.05982905464589
			5.70940170355314	-5.05128204610764
			5.70085469501489	-5.04273503756939
			5.70085469501489	-5.03418802903114
			5.70085469501489	-5.02564102049288
			5.69230768647663	-5.02564102049288
			5.69230768647663	-5.01709401195463
			5.69230768647663	-5.00854700341638
			5.68376067793838	-4.99999999487812
			5.68376067793838	-4.99145298633987
			5.68376067793838	-4.98290597780162
			5.68376067793838	-4.97435896926336
			5.67521366940012	-4.96581196072511
			5.67521366940012	-4.95726495218686
			5.67521366940012	-4.9487179436486
			5.67521366940012	-4.94017093511035
			5.67521366940012	-4.9316239265721
			5.66666666086187	-4.92307691803384
			5.66666666086187	-4.91452990949559
			5.66666666086187	-4.90598290095734
			5.66666666086187	-4.89743589241908
			5.66666666086187	-4.88888888388083
			5.66666666086187	-4.88034187534258
			5.66666666086187	-4.87179486680432
			5.67521366940012	-4.86324785826607
			5.67521366940012	-4.85470084972782
			5.67521366940012	-4.84615384118956
			5.67521366940012	-4.83760683265131
			5.67521366940012	-4.82905982411306
			5.67521366940012	-4.8205128155748
			5.67521366940012	-4.81196580703655
			5.67521366940012	-4.8034187984983
			5.67521366940012	-4.79487178996005
			5.67521366940012	-4.78632478142179
			5.67521366940012	-4.77777777288354
			5.67521366940012	-4.76923076434529
			5.67521366940012	-4.76068375580703
			5.67521366940012	-4.75213674726878
			5.67521366940012	-4.74358973873053
			5.67521366940012	-4.73504273019227
			5.67521366940012	-4.72649572165402
			5.67521366940012	-4.71794871311577
			5.67521366940012	-4.70940170457751
			5.67521366940012	-4.70085469603926
			5.66666666086187	-4.69230768750101
			5.66666666086187	-4.68376067896275
			5.66666666086187	-4.6752136704245
			5.65811965232362	-4.66666666188625
			5.64957264378537	-4.65811965334799
			5.64957264378537	-4.64957264480974
			5.64102563524711	-4.64102563627149
		</curveLM10>
		<curveLM11 type=matrix rownames=FALSE colnames=FALSE nrow=45 ncol=2 as.numeric=TRUE >
			5.64102563524711	-4.64102563627149
			5.63247862670886	-4.64102563627149
			5.62393161817061	-4.63247862773324
			5.61538460963235	-4.63247862773324
			5.6068376010941	-4.63247862773324
			5.59829059255585	-4.63247862773324
			5.58974358401759	-4.63247862773324
			5.58119657547934	-4.63247862773324
			5.57264956694109	-4.63247862773324
			5.56410255840283	-4.64102563627149
			5.55555554986458	-4.64102563627149
			5.54700854132633	-4.64102563627149
			5.53846153278807	-4.64102563627149
			5.52991452424982	-4.64957264480974
			5.52136751571157	-4.64957264480974
			5.51282050717331	-4.65811965334799
			5.50427349863506	-4.65811965334799
			5.49572649009681	-4.66666666188625
			5.48717948155856	-4.66666666188625
			5.4786324730203	-4.66666666188625
			5.47008546448205	-4.6752136704245
			5.4615384559438	-4.6752136704245
			5.45299144740554	-4.68376067896275
			5.44444443886729	-4.68376067896275
			5.43589743032904	-4.69230768750101
			5.42735042179078	-4.70085469603926
			5.41880341325253	-4.70085469603926
			5.41025640471428	-4.70940170457751
			5.40170939617602	-4.70940170457751
			5.39316238763777	-4.71794871311577
			5.38461537909952	-4.71794871311577
			5.37606837056126	-4.72649572165402
			5.36752136202301	-4.72649572165402
			5.36752136202301	-4.73504273019227
			5.35897435348476	-4.73504273019227
			5.3504273449465	-4.73504273019227
			5.34188033640825	-4.74358973873053
			5.33333332787	-4.74358973873053
			5.32478631933174	-4.74358973873053
			5.31623931079349	-4.75213674726878
			5.30769230225524	-4.75213674726878
			5.29914529371698	-4.75213674726878
			5.29059828517873	-4.75213674726878
			5.28205127664048	-4.75213674726878
			5.27350426810222	-4.75213674726878
		</curveLM11>
		<curveLM12 type=matrix rownames=FALSE colnames=FALSE nrow=220 ncol=2 as.numeric=TRUE >
			5.27350426810222	-4.75213674726878
			5.27350426810222	-4.74358973873053
			5.27350426810222	-4.73504273019227
			5.26495725956397	-4.72649572165402
			5.26495725956397	-4.71794871311577
			5.26495725956397	-4.70940170457751
			5.26495725956397	-4.70085469603926
			5.26495725956397	-4.69230768750101
			5.26495725956397	-4.68376067896275
			5.26495725956397	-4.6752136704245
			5.26495725956397	-4.66666666188625
			5.26495725956397	-4.65811965334799
			5.26495725956397	-4.64957264480974
			5.26495725956397	-4.64102563627149
			5.26495725956397	-4.63247862773324
			5.27350426810222	-4.62393161919498
			5.27350426810222	-4.61538461065673
			5.27350426810222	-4.60683760211848
			5.27350426810222	-4.59829059358022
			5.27350426810222	-4.58974358504197
			5.27350426810222	-4.58119657650372
			5.27350426810222	-4.57264956796546
			5.27350426810222	-4.56410255942721
			5.28205127664048	-4.55555555088896
			5.28205127664048	-4.5470085423507
			5.28205127664048	-4.53846153381245
			5.28205127664048	-4.5299145252742
			5.28205127664048	-4.52136751673594
			5.29059828517873	-4.51282050819769
			5.29059828517873	-4.50427349965944
			5.29059828517873	-4.49572649112118
			5.29059828517873	-4.48717948258293
			5.29059828517873	-4.47863247404468
			5.29914529371698	-4.47008546550642
			5.29914529371698	-4.46153845696817
			5.29914529371698	-4.45299144842992
			5.30769230225524	-4.44444443989166
			5.30769230225524	-4.43589743135341
			5.30769230225524	-4.42735042281516
			5.30769230225524	-4.4188034142769
			5.31623931079349	-4.41025640573865
			5.31623931079349	-4.4017093972004
			5.31623931079349	-4.39316238866215
			5.31623931079349	-4.38461538012389
			5.32478631933174	-4.37606837158564
			5.32478631933174	-4.36752136304739
			5.32478631933174	-4.35897435450913
			5.32478631933174	-4.35042734597088
			5.32478631933174	-4.34188033743263
			5.33333332787	-4.33333332889437
			5.33333332787	-4.32478632035612
			5.33333332787	-4.31623931181787
			5.33333332787	-4.30769230327961
			5.34188033640825	-4.30769230327961
			5.34188033640825	-4.29914529474136
			5.34188033640825	-4.29059828620311
			5.34188033640825	-4.28205127766485
			5.3504273449465	-4.2735042691266
			5.3504273449465	-4.26495726058835
			5.3504273449465	-4.25641025205009
			5.3504273449465	-4.24786324351184
			5.35897435348476	-4.23931623497359
			5.35897435348476	-4.23076922643533
			5.35897435348476	-4.22222221789708
			5.35897435348476	-4.21367520935883
			5.36752136202301	-4.20512820082057
			5.36752136202301	-4.19658119228232
			5.36752136202301	-4.18803418374407
			5.37606837056126	-4.17948717520582
			5.37606837056126	-4.17094016666756
			5.37606837056126	-4.16239315812931
			5.37606837056126	-4.15384614959106
			5.37606837056126	-4.1452991410528
			5.38461537909952	-4.13675213251455
			5.38461537909952	-4.1282051239763
			5.38461537909952	-4.11965811543804
			5.39316238763777	-4.11111110689979
			5.39316238763777	-4.10256409836154
			5.39316238763777	-4.09401708982328
			5.39316238763777	-4.08547008128503
			5.40170939617602	-4.07692307274678
			5.40170939617602	-4.06837606420852
			5.40170939617602	-4.05982905567027
			5.40170939617602	-4.05128204713202
			5.41025640471428	-4.04273503859376
			5.41025640471428	-4.03418803005551
			5.41025640471428	-4.02564102151726
			5.41880341325253	-4.017094012979
			5.41880341325253	-4.00854700444075
			5.41880341325253	-3.9999999959025
			5.41880341325253	-3.99145298736424
			5.42735042179078	-3.98290597882599
			5.42735042179078	-3.97435897028774
			5.42735042179078	-3.96581196174948
			5.42735042179078	-3.95726495321123
			5.43589743032904	-3.95726495321123
			5.43589743032904	-3.94871794467298
			5.43589743032904	-3.94017093613473
			5.43589743032904	-3.93162392759647
			5.44444443886729	-3.92307691905822
			5.44444443886729	-3.91452991051997
			5.44444443886729	-3.90598290198171
			5.44444443886729	-3.89743589344346
			5.45299144740554	-3.88888888490521
			5.45299144740554	-3.88034187636695
			5.45299144740554	-3.8717948678287
			5.4615384559438	-3.86324785929045
			5.4615384559438	-3.85470085075219
			5.4615384559438	-3.84615384221394
			5.4615384559438	-3.83760683367569
			5.47008546448205	-3.82905982513743
			5.47008546448205	-3.82051281659918
			5.47008546448205	-3.81196580806093
			5.47008546448205	-3.80341879952267
			5.4786324730203	-3.79487179098442
			5.4786324730203	-3.78632478244617
			5.4786324730203	-3.77777777390791
			5.48717948155856	-3.76923076536966
			5.48717948155856	-3.76068375683141
			5.48717948155856	-3.75213674829316
			5.49572649009681	-3.7435897397549
			5.49572649009681	-3.73504273121665
			5.49572649009681	-3.7264957226784
			5.50427349863506	-3.71794871414014
			5.50427349863506	-3.70940170560189
			5.50427349863506	-3.70085469706364
			5.50427349863506	-3.69230768852538
			5.51282050717331	-3.68376067998713
			5.51282050717331	-3.67521367144888
			5.51282050717331	-3.66666666291062
			5.52136751571157	-3.65811965437237
			5.52136751571157	-3.64957264583412
			5.52136751571157	-3.64102563729586
			5.52136751571157	-3.63247862875761
			5.52991452424982	-3.63247862875761
			5.52991452424982	-3.62393162021936
			5.52991452424982	-3.6153846116811
			5.52991452424982	-3.60683760314285
			5.53846153278807	-3.5982905946046
			5.53846153278807	-3.58974358606634
			5.54700854132633	-3.58119657752809
			5.54700854132633	-3.57264956898984
			5.54700854132633	-3.56410256045158
			5.54700854132633	-3.55555555191333
			5.55555554986458	-3.54700854337508
			5.55555554986458	-3.53846153483682
			5.56410255840283	-3.52991452629857
			5.56410255840283	-3.52136751776032
			5.56410255840283	-3.51282050922207
			5.57264956694109	-3.50427350068381
			5.57264956694109	-3.49572649214556
			5.57264956694109	-3.48717948360731
			5.58119657547934	-3.47863247506905
			5.58119657547934	-3.4700854665308
			5.58974358401759	-3.46153845799255
			5.58974358401759	-3.45299144945429
			5.59829059255585	-3.44444444091604
			5.59829059255585	-3.43589743237779
			5.59829059255585	-3.42735042383953
			5.6068376010941	-3.41880341530128
			5.6068376010941	-3.41025640676303
			5.61538460963235	-3.40170939822477
			5.61538460963235	-3.39316238968652
			5.62393161817061	-3.38461538114827
			5.62393161817061	-3.37606837261001
			5.62393161817061	-3.36752136407176
			5.63247862670886	-3.35897435553351
			5.63247862670886	-3.35042734699525
			5.64102563524711	-3.341880338457
			5.64102563524711	-3.33333332991875
			5.64102563524711	-3.3247863213805
			5.64957264378537	-3.31623931284224
			5.64957264378537	-3.30769230430399
			5.65811965232362	-3.29914529576574
			5.65811965232362	-3.29059828722748
			5.66666666086187	-3.28205127868923
			5.66666666086187	-3.27350427015098
			5.67521366940012	-3.26495726161272
			5.67521366940012	-3.25641025307447
			5.68376067793838	-3.24786324453622
			5.68376067793838	-3.23931623599796
			5.68376067793838	-3.23076922745971
			5.69230768647663	-3.22222221892146
			5.69230768647663	-3.2136752103832
			5.70085469501489	-3.20512820184495
			5.70085469501489	-3.1965811933067
			5.70940170355314	-3.18803418476844
			5.70940170355314	-3.17948717623019
			5.70940170355314	-3.17094016769194
			5.71794871209139	-3.16239315915368
			5.71794871209139	-3.15384615061543
			5.72649572062964	-3.14529914207718
			5.72649572062964	-3.13675213353892
			5.7350427291679	-3.12820512500067
			5.7350427291679	-3.11965811646242
			5.74358973770615	-3.11111110792416
			5.74358973770615	-3.10256409938591
			5.74358973770615	-3.09401709084766
			5.7521367462444	-3.08547008230941
			5.76068375478266	-3.07692307377115
			5.76068375478266	-3.0683760652329
			5.76923076332091	-3.05982905669465
			5.76923076332091	-3.05128204815639
			5.76923076332091	-3.04273503961814
			5.77777777185916	-3.03418803107989
			5.78632478039742	-3.02564102254163
			5.78632478039742	-3.01709401400338
			5.79487178893567	-3.00854700546513
			5.79487178893567	-2.99999999692687
			5.79487178893567	-2.99145298838862
			5.80341879747392	-2.99145298838862
			5.80341879747392	-2.98290597985037
			5.81196580601218	-2.97435897131211
			5.81196580601218	-2.96581196277386
			5.82051281455043	-2.95726495423561
			5.82051281455043	-2.94871794569735
			5.82905982308868	-2.9401709371591
			5.83760683162694	-2.9401709371591
			5.83760683162694	-2.93162392862085
			5.84615384016519	-2.93162392862085
		</curveLM12>
	</curves.scaled>
	<ruler.points type=matrix rownames=TRUE colnames=FALSE nrow=5 ncol=2 as.numeric=TRUE >
		Ruler point 1	211	814
		Ruler point 2	329	814
		Ruler point 3	446	814
		Ruler point 4	563	814
		Ruler point 5	680	814
	</ruler.points>
</shapes>

