<shapes type=list>
	<ruler.pixel type=vector names=FALSE length=1 as.numeric=TRUE >117.501061986672</ruler.pixel>
	<ruler.interval type=vector names=FALSE length=1 as.numeric=TRUE >1</ruler.interval>
	<scaling.units type=vector names=FALSE length=1 as.numeric=FALSE >cm</scaling.units>
	<scaling type=vector names=FALSE length=1 as.numeric=TRUE >0.00851056137784887</scaling>
	<landmarks.pixel type=matrix rownames=TRUE colnames=FALSE nrow=6 ncol=2 as.numeric=TRUE >
		LM01	675	274
		LM02	760	572
		LM03	709	550
		LM04	675	601
		LM05	634	547
		LM06	583	570
	</landmarks.pixel>
	<landmarks.scaled type=matrix rownames=TRUE colnames=FALSE nrow=6 ncol=2 as.numeric=TRUE >
		LM01	5.74462893004799	-2.33189381753059
		LM02	6.46802664716514	-4.86804110812955
		LM03	6.03398801689485	-4.68080875781688
		LM04	5.74462893004799	-5.11484738808717
		LM05	5.39569591355618	-4.65527707368333
		LM06	4.96165728328589	-4.85101998537386
	</landmarks.scaled>
	<curves.control type=list>
		<curveLM07 type=matrix rownames=FALSE colnames=FALSE nrow=7 ncol=2 as.numeric=TRUE >
			675	274
			685	276
			713	359
			740	432
			763	526
			772	570
			760	572
		</curveLM07>
		<curveLM08 type=matrix rownames=FALSE colnames=FALSE nrow=5 ncol=2 as.numeric=TRUE >
			760	572
			750	572
			729	551
			719	546
			709	550
		</curveLM08>
		<curveLM09 type=matrix rownames=FALSE colnames=FALSE nrow=5 ncol=2 as.numeric=TRUE >
			709	550
			701	556
			703	568
			686	609
			675	601
		</curveLM09>
		<curveLM10 type=matrix rownames=FALSE colnames=FALSE nrow=5 ncol=2 as.numeric=TRUE >
			675	601
			662	603
			650	570
			647	549
			634	547
		</curveLM10>
		<curveLM11 type=matrix rownames=FALSE colnames=FALSE nrow=7 ncol=2 as.numeric=TRUE >
			634	547
			624	542
			616	554
			597	573
			588	570
			585	571
			583	570
		</curveLM11>
		<curveLM12 type=matrix rownames=FALSE colnames=FALSE nrow=7 ncol=2 as.numeric=TRUE >
			583	570
			572	560
			604	466
			641	358
			659	307
			672	275
			675	274
		</curveLM12>
	</curves.control>
	<curves.pixel type=list>
		<curveLM07 type=matrix rownames=FALSE colnames=FALSE nrow=305 ncol=2 as.numeric=TRUE >
			675	274
			676	274
			677	275
			678	276
			679	277
			680	278
			681	279
			681	280
			682	281
			682	282
			683	282
			683	283
			684	284
			684	285
			685	286
			685	287
			686	288
			686	289
			687	290
			687	291
			687	292
			688	292
			688	293
			688	294
			689	295
			690	296
			690	297
			690	298
			691	299
			691	300
			692	301
			692	302
			692	303
			693	304
			693	305
			694	306
			694	307
			695	308
			695	309
			695	310
			696	311
			696	312
			697	313
			697	314
			697	315
			698	316
			698	317
			699	318
			699	319
			699	320
			700	321
			700	322
			700	323
			701	324
			701	325
			702	326
			702	327
			702	328
			702	329
			703	330
			703	331
			704	332
			704	333
			704	334
			705	335
			705	336
			705	337
			706	338
			706	339
			707	340
			707	341
			707	342
			707	343
			708	344
			708	345
			709	346
			709	347
			709	348
			710	349
			710	350
			710	351
			711	352
			711	353
			711	354
			712	355
			712	356
			712	357
			713	358
			713	359
			713	360
			714	361
			714	362
			715	363
			715	364
			715	365
			715	366
			716	367
			716	368
			717	369
			717	370
			717	371
			718	372
			718	373
			719	374
			719	375
			719	376
			720	377
			720	378
			720	379
			721	380
			721	381
			721	382
			721	383
			722	383
			722	384
			722	385
			723	386
			723	387
			723	388
			724	389
			724	390
			724	391
			725	392
			725	393
			725	394
			726	395
			726	396
			726	397
			727	398
			727	399
			727	400
			728	401
			728	402
			728	403
			729	404
			729	405
			729	406
			730	407
			730	408
			730	409
			731	410
			731	411
			731	412
			732	413
			732	414
			732	415
			732	416
			733	417
			733	418
			733	419
			734	420
			734	421
			734	422
			735	423
			735	424
			735	425
			736	426
			736	427
			736	428
			737	429
			737	430
			737	431
			737	432
			738	433
			738	434
			738	435
			739	436
			739	437
			739	438
			740	439
			740	440
			740	441
			740	442
			741	443
			741	444
			741	445
			742	446
			742	447
			742	448
			743	449
			743	450
			743	451
			743	452
			744	453
			744	454
			744	455
			745	456
			745	457
			745	458
			745	459
			746	460
			746	461
			746	462
			746	463
			747	464
			747	465
			747	466
			748	467
			748	468
			748	469
			749	470
			749	471
			749	472
			749	473
			750	474
			750	475
			750	476
			750	477
			751	478
			751	479
			751	480
			751	481
			752	482
			752	483
			752	484
			753	485
			753	486
			753	487
			753	488
			754	489
			754	490
			754	491
			754	492
			755	493
			755	494
			755	495
			755	496
			756	497
			756	498
			756	499
			756	500
			757	501
			757	502
			757	503
			757	504
			758	505
			758	506
			758	507
			758	508
			759	509
			759	510
			759	511
			759	512
			760	513
			760	514
			760	515
			760	516
			761	517
			761	518
			761	519
			761	520
			762	521
			762	522
			762	523
			762	524
			763	525
			763	526
			763	527
			763	528
			764	529
			764	530
			764	531
			764	532
			764	533
			765	534
			765	535
			765	536
			765	537
			765	538
			765	539
			766	540
			766	541
			766	542
			766	543
			766	544
			766	545
			766	546
			766	547
			766	548
			767	549
			767	550
			767	551
			767	552
			767	553
			767	554
			767	555
			767	556
			767	557
			767	558
			767	559
			767	560
			767	561
			766	562
			766	563
			766	564
			766	565
			766	566
			765	567
			765	568
			764	569
			763	570
			763	571
			762	571
			761	572
			760	572
		</curveLM07>
		<curveLM08 type=matrix rownames=FALSE colnames=FALSE nrow=54 ncol=2 as.numeric=TRUE >
			760	572
			759	572
			758	572
			757	572
			756	571
			755	571
			754	571
			753	570
			752	569
			751	569
			750	568
			749	568
			748	568
			748	567
			747	567
			746	566
			745	565
			744	564
			743	563
			742	563
			741	562
			740	561
			739	560
			738	559
			737	558
			736	558
			736	557
			735	557
			734	556
			733	555
			732	554
			731	553
			730	552
			729	551
			728	551
			727	550
			726	550
			725	549
			724	549
			723	549
			722	549
			721	548
			720	548
			719	548
			718	548
			717	548
			716	548
			715	548
			714	549
			713	549
			712	549
			711	549
			710	550
			709	550
		</curveLM08>
		<curveLM09 type=matrix rownames=FALSE colnames=FALSE nrow=62 ncol=2 as.numeric=TRUE >
			709	550
			708	551
			707	552
			706	552
			706	553
			705	554
			705	555
			704	556
			704	557
			703	558
			703	559
			703	560
			703	561
			703	562
			703	563
			703	564
			703	565
			703	566
			703	567
			703	568
			702	569
			702	570
			702	571
			701	572
			701	573
			700	574
			700	575
			699	576
			699	577
			699	578
			698	578
			698	579
			698	580
			697	581
			697	582
			696	583
			695	584
			695	585
			695	586
			694	587
			693	588
			693	589
			692	590
			692	591
			691	592
			690	593
			689	594
			689	595
			688	596
			687	597
			686	598
			685	599
			684	600
			683	601
			682	601
			681	602
			680	602
			679	602
			678	602
			677	602
			676	601
			675	601
		</curveLM09>
		<curveLM10 type=matrix rownames=FALSE colnames=FALSE nrow=65 ncol=2 as.numeric=TRUE >
			675	601
			674	601
			673	601
			672	601
			671	601
			670	601
			669	600
			668	599
			667	599
			666	598
			665	597
			664	596
			663	595
			662	594
			661	593
			661	592
			660	591
			659	590
			659	589
			658	588
			658	587
			657	586
			656	585
			656	584
			655	583
			655	582
			654	581
			654	580
			654	579
			653	578
			653	577
			652	576
			652	575
			651	574
			651	573
			651	572
			650	571
			650	570
			650	569
			650	568
			649	567
			649	566
			649	565
			649	564
			649	563
			648	562
			648	561
			648	560
			647	559
			647	558
			646	557
			646	556
			645	555
			645	554
			644	553
			643	552
			642	551
			641	550
			640	549
			639	549
			638	548
			637	548
			636	547
			635	547
			634	547
		</curveLM10>
		<curveLM11 type=matrix rownames=FALSE colnames=FALSE nrow=56 ncol=2 as.numeric=TRUE >
			634	547
			633	547
			632	546
			631	546
			630	546
			629	546
			628	546
			627	546
			626	546
			625	546
			624	547
			623	547
			622	548
			621	548
			620	549
			619	550
			618	551
			617	552
			616	553
			616	554
			615	555
			614	556
			613	557
			612	558
			611	558
			610	559
			610	560
			609	561
			608	562
			607	562
			606	563
			605	564
			604	564
			604	565
			603	565
			602	566
			601	566
			601	567
			600	567
			599	568
			598	568
			597	569
			596	569
			595	570
			594	570
			593	570
			592	570
			591	570
			590	570
			589	570
			588	570
			587	570
			586	570
			585	570
			584	570
			583	570
		</curveLM11>
		<curveLM12 type=matrix rownames=FALSE colnames=FALSE nrow=305 ncol=2 as.numeric=TRUE >
			583	570
			582	569
			582	568
			581	567
			581	566
			581	565
			580	564
			580	563
			580	562
			580	561
			580	560
			580	559
			580	558
			580	557
			580	556
			580	555
			580	554
			581	553
			581	552
			581	551
			581	550
			581	549
			581	548
			581	547
			582	546
			582	545
			582	544
			582	543
			582	542
			582	541
			583	540
			583	539
			583	538
			583	537
			583	536
			584	535
			584	534
			584	533
			584	532
			584	531
			585	530
			585	529
			585	528
			585	527
			586	526
			586	525
			586	524
			587	523
			587	522
			587	521
			587	520
			587	519
			588	519
			588	518
			588	517
			588	516
			589	515
			589	514
			589	513
			590	512
			590	511
			590	510
			590	509
			591	508
			591	507
			591	506
			592	505
			592	504
			592	503
			592	502
			593	501
			593	500
			593	499
			594	498
			594	497
			594	496
			595	495
			595	494
			595	493
			596	492
			596	491
			596	490
			596	489
			597	489
			597	488
			597	487
			597	486
			598	485
			598	484
			598	483
			599	482
			599	481
			599	480
			600	479
			600	478
			600	477
			601	476
			601	475
			601	474
			602	473
			602	472
			602	471
			603	470
			603	469
			603	468
			604	467
			604	466
			604	465
			605	464
			605	463
			605	462
			606	461
			606	460
			606	459
			607	459
			607	458
			607	457
			607	456
			608	455
			608	454
			609	453
			609	452
			609	451
			610	450
			610	449
			610	448
			611	447
			611	446
			611	445
			612	444
			612	443
			612	442
			613	441
			613	440
			613	439
			614	438
			614	437
			614	436
			615	435
			615	434
			615	433
			616	432
			616	431
			616	430
			617	429
			617	428
			617	427
			618	426
			618	425
			619	424
			619	423
			619	422
			619	421
			620	420
			620	419
			621	418
			621	417
			621	416
			621	415
			622	414
			622	413
			622	412
			623	411
			623	410
			624	409
			624	408
			624	407
			625	406
			625	405
			625	404
			626	403
			626	402
			626	401
			627	400
			627	399
			627	398
			628	397
			628	396
			628	395
			629	395
			629	394
			629	393
			629	392
			630	391
			630	390
			630	389
			631	388
			631	387
			632	386
			632	385
			632	384
			633	383
			633	382
			633	381
			634	380
			634	379
			634	378
			635	377
			635	376
			635	375
			636	374
			636	373
			636	372
			637	371
			637	370
			637	369
			638	368
			638	367
			638	366
			639	365
			639	364
			639	363
			640	362
			640	361
			640	360
			641	359
			641	358
			641	357
			642	357
			642	356
			642	355
			643	354
			643	353
			643	352
			644	351
			644	350
			644	349
			645	348
			645	347
			646	346
			646	345
			646	344
			647	343
			647	342
			647	341
			648	340
			648	339
			648	338
			649	337
			649	336
			649	335
			650	334
			650	333
			650	332
			651	331
			651	330
			651	329
			652	328
			652	327
			652	326
			653	325
			653	324
			654	323
			654	322
			654	321
			654	320
			655	320
			655	319
			655	318
			655	317
			656	316
			656	315
			657	314
			657	313
			657	312
			658	311
			658	310
			658	309
			659	308
			659	307
			659	306
			660	305
			660	304
			661	303
			661	302
			661	301
			662	300
			662	299
			663	298
			663	297
			664	296
			664	295
			664	294
			665	293
			665	292
			666	291
			666	290
			667	289
			667	288
			668	287
			668	286
			668	285
			669	284
			669	283
			670	282
			670	281
			671	280
			671	279
			672	279
			672	278
			672	277
			673	277
			673	276
			674	275
			675	274
		</curveLM12>
	</curves.pixel>
	<curves.scaled type=list>
		<curveLM07 type=matrix rownames=FALSE colnames=FALSE nrow=305 ncol=2 as.numeric=TRUE >
			5.74462893004799	-2.33189381753059
			5.75313949142584	-2.33189381753059
			5.76165005280369	-2.34040437890844
			5.77016061418153	-2.34891494028629
			5.77867117555938	-2.35742550166414
			5.78718173693723	-2.36593606304199
			5.79569229831508	-2.37444662441984
			5.79569229831508	-2.38295718579768
			5.80420285969293	-2.39146774717553
			5.80420285969293	-2.39997830855338
			5.81271342107078	-2.39997830855338
			5.81271342107078	-2.40848886993123
			5.82122398244863	-2.41699943130908
			5.82122398244863	-2.42550999268693
			5.82973454382648	-2.43402055406478
			5.82973454382648	-2.44253111544263
			5.83824510520433	-2.45104167682048
			5.83824510520433	-2.45955223819832
			5.84675566658218	-2.46806279957617
			5.84675566658218	-2.47657336095402
			5.84675566658218	-2.48508392233187
			5.85526622796002	-2.48508392233187
			5.85526622796002	-2.49359448370972
			5.85526622796002	-2.50210504508757
			5.86377678933787	-2.51061560646542
			5.87228735071572	-2.51912616784327
			5.87228735071572	-2.52763672922111
			5.87228735071572	-2.53614729059896
			5.88079791209357	-2.54465785197681
			5.88079791209357	-2.55316841335466
			5.88930847347142	-2.56167897473251
			5.88930847347142	-2.57018953611036
			5.88930847347142	-2.57870009748821
			5.89781903484927	-2.58721065886606
			5.89781903484927	-2.59572122024391
			5.90632959622712	-2.60423178162175
			5.90632959622712	-2.6127423429996
			5.91484015760497	-2.62125290437745
			5.91484015760497	-2.6297634657553
			5.91484015760497	-2.63827402713315
			5.92335071898281	-2.646784588511
			5.92335071898281	-2.65529514988885
			5.93186128036066	-2.6638057112667
			5.93186128036066	-2.67231627264455
			5.93186128036066	-2.68082683402239
			5.94037184173851	-2.68933739540024
			5.94037184173851	-2.69784795677809
			5.94888240311636	-2.70635851815594
			5.94888240311636	-2.71486907953379
			5.94888240311636	-2.72337964091164
			5.95739296449421	-2.73189020228949
			5.95739296449421	-2.74040076366734
			5.95739296449421	-2.74891132504519
			5.96590352587206	-2.75742188642303
			5.96590352587206	-2.76593244780088
			5.97441408724991	-2.77444300917873
			5.97441408724991	-2.78295357055658
			5.97441408724991	-2.79146413193443
			5.97441408724991	-2.79997469331228
			5.98292464862776	-2.80848525469013
			5.98292464862776	-2.81699581606798
			5.99143521000561	-2.82550637744583
			5.99143521000561	-2.83401693882367
			5.99143521000561	-2.84252750020152
			5.99994577138345	-2.85103806157937
			5.99994577138345	-2.85954862295722
			5.99994577138345	-2.86805918433507
			6.0084563327613	-2.87656974571292
			6.0084563327613	-2.88508030709077
			6.01696689413915	-2.89359086846862
			6.01696689413915	-2.90210142984647
			6.01696689413915	-2.91061199122431
			6.01696689413915	-2.91912255260216
			6.025477455517	-2.92763311398001
			6.025477455517	-2.93614367535786
			6.03398801689485	-2.94465423673571
			6.03398801689485	-2.95316479811356
			6.03398801689485	-2.96167535949141
			6.0424985782727	-2.97018592086926
			6.0424985782727	-2.97869648224711
			6.0424985782727	-2.98720704362495
			6.05100913965055	-2.9957176050028
			6.05100913965055	-3.00422816638065
			6.05100913965055	-3.0127387277585
			6.0595197010284	-3.02124928913635
			6.0595197010284	-3.0297598505142
			6.0595197010284	-3.03827041189205
			6.06803026240625	-3.0467809732699
			6.06803026240625	-3.05529153464775
			6.06803026240625	-3.06380209602559
			6.07654082378409	-3.07231265740344
			6.07654082378409	-3.08082321878129
			6.08505138516194	-3.08933378015914
			6.08505138516194	-3.09784434153699
			6.08505138516194	-3.10635490291484
			6.08505138516194	-3.11486546429269
			6.09356194653979	-3.12337602567054
			6.09356194653979	-3.13188658704838
			6.10207250791764	-3.14039714842623
			6.10207250791764	-3.14890770980408
			6.10207250791764	-3.15741827118193
			6.11058306929549	-3.16592883255978
			6.11058306929549	-3.17443939393763
			6.11909363067334	-3.18294995531548
			6.11909363067334	-3.19146051669333
			6.11909363067334	-3.19997107807118
			6.12760419205119	-3.20848163944902
			6.12760419205119	-3.21699220082687
			6.12760419205119	-3.22550276220472
			6.13611475342904	-3.23401332358257
			6.13611475342904	-3.24252388496042
			6.13611475342904	-3.25103444633827
			6.13611475342904	-3.25954500771612
			6.14462531480689	-3.25954500771612
			6.14462531480689	-3.26805556909397
			6.14462531480689	-3.27656613047182
			6.15313587618473	-3.28507669184966
			6.15313587618473	-3.29358725322751
			6.15313587618473	-3.30209781460536
			6.16164643756258	-3.31060837598321
			6.16164643756258	-3.31911893736106
			6.16164643756258	-3.32762949873891
			6.17015699894043	-3.33614006011676
			6.17015699894043	-3.34465062149461
			6.17015699894043	-3.35316118287246
			6.17866756031828	-3.3616717442503
			6.17866756031828	-3.37018230562815
			6.17866756031828	-3.378692867006
			6.18717812169613	-3.38720342838385
			6.18717812169613	-3.3957139897617
			6.18717812169613	-3.40422455113955
			6.19568868307398	-3.4127351125174
			6.19568868307398	-3.42124567389525
			6.19568868307398	-3.4297562352731
			6.20419924445183	-3.43826679665094
			6.20419924445183	-3.44677735802879
			6.20419924445183	-3.45528791940664
			6.21270980582968	-3.46379848078449
			6.21270980582968	-3.47230904216234
			6.21270980582968	-3.48081960354019
			6.22122036720753	-3.48933016491804
			6.22122036720753	-3.49784072629589
			6.22122036720753	-3.50635128767374
			6.22973092858537	-3.51486184905158
			6.22973092858537	-3.52337241042943
			6.22973092858537	-3.53188297180728
			6.22973092858537	-3.54039353318513
			6.23824148996322	-3.54890409456298
			6.23824148996322	-3.55741465594083
			6.23824148996322	-3.56592521731868
			6.24675205134107	-3.57443577869653
			6.24675205134107	-3.58294634007438
			6.24675205134107	-3.59145690145222
			6.25526261271892	-3.59996746283007
			6.25526261271892	-3.60847802420792
			6.25526261271892	-3.61698858558577
			6.26377317409677	-3.62549914696362
			6.26377317409677	-3.63400970834147
			6.26377317409677	-3.64252026971932
			6.27228373547462	-3.65103083109717
			6.27228373547462	-3.65954139247502
			6.27228373547462	-3.66805195385286
			6.27228373547462	-3.67656251523071
			6.28079429685247	-3.68507307660856
			6.28079429685247	-3.69358363798641
			6.28079429685247	-3.70209419936426
			6.28930485823032	-3.71060476074211
			6.28930485823032	-3.71911532211996
			6.28930485823032	-3.72762588349781
			6.29781541960817	-3.73613644487565
			6.29781541960817	-3.7446470062535
			6.29781541960817	-3.75315756763135
			6.29781541960817	-3.7616681290092
			6.30632598098601	-3.77017869038705
			6.30632598098601	-3.7786892517649
			6.30632598098601	-3.78719981314275
			6.31483654236386	-3.7957103745206
			6.31483654236386	-3.80422093589845
			6.31483654236386	-3.81273149727629
			6.32334710374171	-3.82124205865414
			6.32334710374171	-3.82975262003199
			6.32334710374171	-3.83826318140984
			6.32334710374171	-3.84677374278769
			6.33185766511956	-3.85528430416554
			6.33185766511956	-3.86379486554339
			6.33185766511956	-3.87230542692124
			6.34036822649741	-3.88081598829909
			6.34036822649741	-3.88932654967693
			6.34036822649741	-3.89783711105478
			6.34036822649741	-3.90634767243263
			6.34887878787526	-3.91485823381048
			6.34887878787526	-3.92336879518833
			6.34887878787526	-3.93187935656618
			6.34887878787526	-3.94038991794403
			6.35738934925311	-3.94890047932188
			6.35738934925311	-3.95741104069973
			6.35738934925311	-3.96592160207757
			6.36589991063096	-3.97443216345542
			6.36589991063096	-3.98294272483327
			6.36589991063096	-3.99145328621112
			6.3744104720088	-3.99996384758897
			6.3744104720088	-4.00847440896682
			6.3744104720088	-4.01698497034467
			6.3744104720088	-4.02549553172252
			6.38292103338665	-4.03400609310037
			6.38292103338665	-4.04251665447821
			6.38292103338665	-4.05102721585606
			6.38292103338665	-4.05953777723391
			6.3914315947645	-4.06804833861176
			6.3914315947645	-4.07655889998961
			6.3914315947645	-4.08506946136746
			6.3914315947645	-4.09358002274531
			6.39994215614235	-4.10209058412316
			6.39994215614235	-4.110601145501
			6.39994215614235	-4.11911170687885
			6.4084527175202	-4.1276222682567
			6.4084527175202	-4.13613282963455
			6.4084527175202	-4.1446433910124
			6.4084527175202	-4.15315395239025
			6.41696327889805	-4.1616645137681
			6.41696327889805	-4.17017507514595
			6.41696327889805	-4.1786856365238
			6.41696327889805	-4.18719619790164
			6.4254738402759	-4.19570675927949
			6.4254738402759	-4.20421732065734
			6.4254738402759	-4.21272788203519
			6.4254738402759	-4.22123844341304
			6.43398440165375	-4.22974900479089
			6.43398440165375	-4.23825956616874
			6.43398440165375	-4.24677012754659
			6.43398440165375	-4.25528068892444
			6.4424949630316	-4.26379125030229
			6.4424949630316	-4.27230181168013
			6.4424949630316	-4.28081237305798
			6.4424949630316	-4.28932293443583
			6.45100552440945	-4.29783349581368
			6.45100552440945	-4.30634405719153
			6.45100552440945	-4.31485461856938
			6.45100552440945	-4.32336517994723
			6.45951608578729	-4.33187574132508
			6.45951608578729	-4.34038630270292
			6.45951608578729	-4.34889686408077
			6.45951608578729	-4.35740742545862
			6.46802664716514	-4.36591798683647
			6.46802664716514	-4.37442854821432
			6.46802664716514	-4.38293910959217
			6.46802664716514	-4.39144967097002
			6.47653720854299	-4.39996023234787
			6.47653720854299	-4.40847079372572
			6.47653720854299	-4.41698135510356
			6.47653720854299	-4.42549191648141
			6.48504776992084	-4.43400247785926
			6.48504776992084	-4.44251303923711
			6.48504776992084	-4.45102360061496
			6.48504776992084	-4.45953416199281
			6.49355833129869	-4.46804472337066
			6.49355833129869	-4.47655528474851
			6.49355833129869	-4.48506584612636
			6.49355833129869	-4.4935764075042
			6.50206889267654	-4.50208696888205
			6.50206889267654	-4.5105975302599
			6.50206889267654	-4.51910809163775
			6.50206889267654	-4.5276186530156
			6.50206889267654	-4.53612921439345
			6.51057945405439	-4.5446397757713
			6.51057945405439	-4.55315033714915
			6.51057945405439	-4.56166089852699
			6.51057945405439	-4.57017145990484
			6.51057945405439	-4.57868202128269
			6.51057945405439	-4.58719258266054
			6.51909001543224	-4.59570314403839
			6.51909001543224	-4.60421370541624
			6.51909001543224	-4.61272426679409
			6.51909001543224	-4.62123482817194
			6.51909001543224	-4.62974538954979
			6.51909001543224	-4.63825595092764
			6.51909001543224	-4.64676651230548
			6.51909001543224	-4.65527707368333
			6.51909001543224	-4.66378763506118
			6.52760057681008	-4.67229819643903
			6.52760057681008	-4.68080875781688
			6.52760057681008	-4.68931931919473
			6.52760057681008	-4.69782988057258
			6.52760057681008	-4.70634044195043
			6.52760057681008	-4.71485100332827
			6.52760057681008	-4.72336156470612
			6.52760057681008	-4.73187212608397
			6.52760057681008	-4.74038268746182
			6.52760057681008	-4.74889324883967
			6.52760057681008	-4.75740381021752
			6.52760057681008	-4.76591437159537
			6.52760057681008	-4.77442493297322
			6.51909001543224	-4.78293549435107
			6.51909001543224	-4.79144605572891
			6.51909001543224	-4.79995661710676
			6.51909001543224	-4.80846717848461
			6.51909001543224	-4.81697773986246
			6.51057945405439	-4.82548830124031
			6.51057945405439	-4.83399886261816
			6.50206889267654	-4.84250942399601
			6.49355833129869	-4.85101998537386
			6.49355833129869	-4.85953054675171
			6.48504776992084	-4.85953054675171
			6.47653720854299	-4.86804110812955
			6.46802664716514	-4.86804110812955
		</curveLM07>
		<curveLM08 type=matrix rownames=FALSE colnames=FALSE nrow=54 ncol=2 as.numeric=TRUE >
			6.46802664716514	-4.86804110812955
			6.45951608578729	-4.86804110812955
			6.45100552440945	-4.86804110812955
			6.4424949630316	-4.86804110812955
			6.43398440165375	-4.85953054675171
			6.4254738402759	-4.85953054675171
			6.41696327889805	-4.85953054675171
			6.4084527175202	-4.85101998537386
			6.39994215614235	-4.84250942399601
			6.3914315947645	-4.84250942399601
			6.38292103338665	-4.83399886261816
			6.3744104720088	-4.83399886261816
			6.36589991063096	-4.83399886261816
			6.36589991063096	-4.82548830124031
			6.35738934925311	-4.82548830124031
			6.34887878787526	-4.81697773986246
			6.34036822649741	-4.80846717848461
			6.33185766511956	-4.79995661710676
			6.32334710374171	-4.79144605572891
			6.31483654236386	-4.79144605572891
			6.30632598098601	-4.78293549435107
			6.29781541960817	-4.77442493297322
			6.28930485823032	-4.76591437159537
			6.28079429685247	-4.75740381021752
			6.27228373547462	-4.74889324883967
			6.26377317409677	-4.74889324883967
			6.26377317409677	-4.74038268746182
			6.25526261271892	-4.74038268746182
			6.24675205134107	-4.73187212608397
			6.23824148996322	-4.72336156470612
			6.22973092858537	-4.71485100332827
			6.22122036720753	-4.70634044195043
			6.21270980582968	-4.69782988057258
			6.20419924445183	-4.68931931919473
			6.19568868307398	-4.68931931919473
			6.18717812169613	-4.68080875781688
			6.17866756031828	-4.68080875781688
			6.17015699894043	-4.67229819643903
			6.16164643756258	-4.67229819643903
			6.15313587618473	-4.67229819643903
			6.14462531480689	-4.67229819643903
			6.13611475342904	-4.66378763506118
			6.12760419205119	-4.66378763506118
			6.11909363067334	-4.66378763506118
			6.11058306929549	-4.66378763506118
			6.10207250791764	-4.66378763506118
			6.09356194653979	-4.66378763506118
			6.08505138516194	-4.66378763506118
			6.07654082378409	-4.67229819643903
			6.06803026240625	-4.67229819643903
			6.0595197010284	-4.67229819643903
			6.05100913965055	-4.67229819643903
			6.0424985782727	-4.68080875781688
			6.03398801689485	-4.68080875781688
		</curveLM08>
		<curveLM09 type=matrix rownames=FALSE colnames=FALSE nrow=62 ncol=2 as.numeric=TRUE >
			6.03398801689485	-4.68080875781688
			6.025477455517	-4.68931931919473
			6.01696689413915	-4.69782988057258
			6.0084563327613	-4.69782988057258
			6.0084563327613	-4.70634044195043
			5.99994577138345	-4.71485100332827
			5.99994577138345	-4.72336156470612
			5.99143521000561	-4.73187212608397
			5.99143521000561	-4.74038268746182
			5.98292464862776	-4.74889324883967
			5.98292464862776	-4.75740381021752
			5.98292464862776	-4.76591437159537
			5.98292464862776	-4.77442493297322
			5.98292464862776	-4.78293549435107
			5.98292464862776	-4.79144605572891
			5.98292464862776	-4.79995661710676
			5.98292464862776	-4.80846717848461
			5.98292464862776	-4.81697773986246
			5.98292464862776	-4.82548830124031
			5.98292464862776	-4.83399886261816
			5.97441408724991	-4.84250942399601
			5.97441408724991	-4.85101998537386
			5.97441408724991	-4.85953054675171
			5.96590352587206	-4.86804110812955
			5.96590352587206	-4.8765516695074
			5.95739296449421	-4.88506223088525
			5.95739296449421	-4.8935727922631
			5.94888240311636	-4.90208335364095
			5.94888240311636	-4.9105939150188
			5.94888240311636	-4.91910447639665
			5.94037184173851	-4.91910447639665
			5.94037184173851	-4.9276150377745
			5.94037184173851	-4.93612559915235
			5.93186128036066	-4.94463616053019
			5.93186128036066	-4.95314672190804
			5.92335071898281	-4.96165728328589
			5.91484015760497	-4.97016784466374
			5.91484015760497	-4.97867840604159
			5.91484015760497	-4.98718896741944
			5.90632959622712	-4.99569952879729
			5.89781903484927	-5.00421009017514
			5.89781903484927	-5.01272065155299
			5.88930847347142	-5.02123121293083
			5.88930847347142	-5.02974177430868
			5.88079791209357	-5.03825233568653
			5.87228735071572	-5.04676289706438
			5.86377678933787	-5.05527345844223
			5.86377678933787	-5.06378401982008
			5.85526622796002	-5.07229458119793
			5.84675566658218	-5.08080514257578
			5.83824510520433	-5.08931570395363
			5.82973454382648	-5.09782626533147
			5.82122398244863	-5.10633682670932
			5.81271342107078	-5.11484738808717
			5.80420285969293	-5.11484738808717
			5.79569229831508	-5.12335794946502
			5.78718173693723	-5.12335794946502
			5.77867117555938	-5.12335794946502
			5.77016061418153	-5.12335794946502
			5.76165005280369	-5.12335794946502
			5.75313949142584	-5.11484738808717
			5.74462893004799	-5.11484738808717
		</curveLM09>
		<curveLM10 type=matrix rownames=FALSE colnames=FALSE nrow=65 ncol=2 as.numeric=TRUE >
			5.74462893004799	-5.11484738808717
			5.73611836867014	-5.11484738808717
			5.72760780729229	-5.11484738808717
			5.71909724591444	-5.11484738808717
			5.71058668453659	-5.11484738808717
			5.70207612315874	-5.11484738808717
			5.6935655617809	-5.10633682670932
			5.68505500040305	-5.09782626533147
			5.6765444390252	-5.09782626533147
			5.66803387764735	-5.08931570395363
			5.6595233162695	-5.08080514257578
			5.65101275489165	-5.07229458119793
			5.6425021935138	-5.06378401982008
			5.63399163213595	-5.05527345844223
			5.6254810707581	-5.04676289706438
			5.6254810707581	-5.03825233568653
			5.61697050938026	-5.02974177430868
			5.60845994800241	-5.02123121293083
			5.60845994800241	-5.01272065155299
			5.59994938662456	-5.00421009017514
			5.59994938662456	-4.99569952879729
			5.59143882524671	-4.98718896741944
			5.58292826386886	-4.97867840604159
			5.58292826386886	-4.97016784466374
			5.57441770249101	-4.96165728328589
			5.57441770249101	-4.95314672190804
			5.56590714111316	-4.94463616053019
			5.56590714111316	-4.93612559915235
			5.56590714111316	-4.9276150377745
			5.55739657973531	-4.91910447639665
			5.55739657973531	-4.9105939150188
			5.54888601835746	-4.90208335364095
			5.54888601835746	-4.8935727922631
			5.54037545697962	-4.88506223088525
			5.54037545697962	-4.8765516695074
			5.54037545697962	-4.86804110812955
			5.53186489560177	-4.85953054675171
			5.53186489560177	-4.85101998537386
			5.53186489560177	-4.84250942399601
			5.53186489560177	-4.83399886261816
			5.52335433422392	-4.82548830124031
			5.52335433422392	-4.81697773986246
			5.52335433422392	-4.80846717848461
			5.52335433422392	-4.79995661710676
			5.52335433422392	-4.79144605572891
			5.51484377284607	-4.78293549435107
			5.51484377284607	-4.77442493297322
			5.51484377284607	-4.76591437159537
			5.50633321146822	-4.75740381021752
			5.50633321146822	-4.74889324883967
			5.49782265009037	-4.74038268746182
			5.49782265009037	-4.73187212608397
			5.48931208871252	-4.72336156470612
			5.48931208871252	-4.71485100332827
			5.48080152733467	-4.70634044195043
			5.47229096595682	-4.69782988057258
			5.46378040457898	-4.68931931919473
			5.45526984320113	-4.68080875781688
			5.44675928182328	-4.67229819643903
			5.43824872044543	-4.67229819643903
			5.42973815906758	-4.66378763506118
			5.42122759768973	-4.66378763506118
			5.41271703631188	-4.65527707368333
			5.40420647493403	-4.65527707368333
			5.39569591355618	-4.65527707368333
		</curveLM10>
		<curveLM11 type=matrix rownames=FALSE colnames=FALSE nrow=56 ncol=2 as.numeric=TRUE >
			5.39569591355618	-4.65527707368333
			5.38718535217834	-4.65527707368333
			5.37867479080049	-4.64676651230548
			5.37016422942264	-4.64676651230548
			5.36165366804479	-4.64676651230548
			5.35314310666694	-4.64676651230548
			5.34463254528909	-4.64676651230548
			5.33612198391124	-4.64676651230548
			5.32761142253339	-4.64676651230548
			5.31910086115554	-4.64676651230548
			5.3105902997777	-4.65527707368333
			5.30207973839985	-4.65527707368333
			5.293569177022	-4.66378763506118
			5.28505861564415	-4.66378763506118
			5.2765480542663	-4.67229819643903
			5.26803749288845	-4.68080875781688
			5.2595269315106	-4.68931931919473
			5.25101637013275	-4.69782988057258
			5.24250580875491	-4.70634044195043
			5.24250580875491	-4.71485100332827
			5.23399524737706	-4.72336156470612
			5.22548468599921	-4.73187212608397
			5.21697412462136	-4.74038268746182
			5.20846356324351	-4.74889324883967
			5.19995300186566	-4.74889324883967
			5.19144244048781	-4.75740381021752
			5.19144244048781	-4.76591437159537
			5.18293187910996	-4.77442493297322
			5.17442131773211	-4.78293549435107
			5.16591075635426	-4.78293549435107
			5.15740019497642	-4.79144605572891
			5.14888963359857	-4.79995661710676
			5.14037907222072	-4.79995661710676
			5.14037907222072	-4.80846717848461
			5.13186851084287	-4.80846717848461
			5.12335794946502	-4.81697773986246
			5.11484738808717	-4.81697773986246
			5.11484738808717	-4.82548830124031
			5.10633682670932	-4.82548830124031
			5.09782626533147	-4.83399886261816
			5.08931570395363	-4.83399886261816
			5.08080514257578	-4.84250942399601
			5.07229458119793	-4.84250942399601
			5.06378401982008	-4.85101998537386
			5.05527345844223	-4.85101998537386
			5.04676289706438	-4.85101998537386
			5.03825233568653	-4.85101998537386
			5.02974177430868	-4.85101998537386
			5.02123121293083	-4.85101998537386
			5.01272065155299	-4.85101998537386
			5.00421009017514	-4.85101998537386
			4.99569952879729	-4.85101998537386
			4.98718896741944	-4.85101998537386
			4.97867840604159	-4.85101998537386
			4.97016784466374	-4.85101998537386
			4.96165728328589	-4.85101998537386
		</curveLM11>
		<curveLM12 type=matrix rownames=FALSE colnames=FALSE nrow=305 ncol=2 as.numeric=TRUE >
			4.96165728328589	-4.85101998537386
			4.95314672190804	-4.84250942399601
			4.95314672190804	-4.83399886261816
			4.94463616053019	-4.82548830124031
			4.94463616053019	-4.81697773986246
			4.94463616053019	-4.80846717848461
			4.93612559915235	-4.79995661710676
			4.93612559915235	-4.79144605572891
			4.93612559915235	-4.78293549435107
			4.93612559915235	-4.77442493297322
			4.93612559915235	-4.76591437159537
			4.93612559915235	-4.75740381021752
			4.93612559915235	-4.74889324883967
			4.93612559915235	-4.74038268746182
			4.93612559915235	-4.73187212608397
			4.93612559915235	-4.72336156470612
			4.93612559915235	-4.71485100332827
			4.94463616053019	-4.70634044195043
			4.94463616053019	-4.69782988057258
			4.94463616053019	-4.68931931919473
			4.94463616053019	-4.68080875781688
			4.94463616053019	-4.67229819643903
			4.94463616053019	-4.66378763506118
			4.94463616053019	-4.65527707368333
			4.95314672190804	-4.64676651230548
			4.95314672190804	-4.63825595092764
			4.95314672190804	-4.62974538954979
			4.95314672190804	-4.62123482817194
			4.95314672190804	-4.61272426679409
			4.95314672190804	-4.60421370541624
			4.96165728328589	-4.59570314403839
			4.96165728328589	-4.58719258266054
			4.96165728328589	-4.57868202128269
			4.96165728328589	-4.57017145990484
			4.96165728328589	-4.56166089852699
			4.97016784466374	-4.55315033714915
			4.97016784466374	-4.5446397757713
			4.97016784466374	-4.53612921439345
			4.97016784466374	-4.5276186530156
			4.97016784466374	-4.51910809163775
			4.97867840604159	-4.5105975302599
			4.97867840604159	-4.50208696888205
			4.97867840604159	-4.4935764075042
			4.97867840604159	-4.48506584612636
			4.98718896741944	-4.47655528474851
			4.98718896741944	-4.46804472337066
			4.98718896741944	-4.45953416199281
			4.99569952879729	-4.45102360061496
			4.99569952879729	-4.44251303923711
			4.99569952879729	-4.43400247785926
			4.99569952879729	-4.42549191648141
			4.99569952879729	-4.41698135510356
			5.00421009017514	-4.41698135510356
			5.00421009017514	-4.40847079372572
			5.00421009017514	-4.39996023234787
			5.00421009017514	-4.39144967097002
			5.01272065155299	-4.38293910959217
			5.01272065155299	-4.37442854821432
			5.01272065155299	-4.36591798683647
			5.02123121293083	-4.35740742545862
			5.02123121293083	-4.34889686408077
			5.02123121293083	-4.34038630270292
			5.02123121293083	-4.33187574132508
			5.02974177430868	-4.32336517994723
			5.02974177430868	-4.31485461856938
			5.02974177430868	-4.30634405719153
			5.03825233568653	-4.29783349581368
			5.03825233568653	-4.28932293443583
			5.03825233568653	-4.28081237305798
			5.03825233568653	-4.27230181168013
			5.04676289706438	-4.26379125030229
			5.04676289706438	-4.25528068892444
			5.04676289706438	-4.24677012754659
			5.05527345844223	-4.23825956616874
			5.05527345844223	-4.22974900479089
			5.05527345844223	-4.22123844341304
			5.06378401982008	-4.21272788203519
			5.06378401982008	-4.20421732065734
			5.06378401982008	-4.19570675927949
			5.07229458119793	-4.18719619790164
			5.07229458119793	-4.1786856365238
			5.07229458119793	-4.17017507514595
			5.07229458119793	-4.1616645137681
			5.08080514257578	-4.1616645137681
			5.08080514257578	-4.15315395239025
			5.08080514257578	-4.1446433910124
			5.08080514257578	-4.13613282963455
			5.08931570395363	-4.1276222682567
			5.08931570395363	-4.11911170687885
			5.08931570395363	-4.110601145501
			5.09782626533147	-4.10209058412316
			5.09782626533147	-4.09358002274531
			5.09782626533147	-4.08506946136746
			5.10633682670932	-4.07655889998961
			5.10633682670932	-4.06804833861176
			5.10633682670932	-4.05953777723391
			5.11484738808717	-4.05102721585606
			5.11484738808717	-4.04251665447821
			5.11484738808717	-4.03400609310037
			5.12335794946502	-4.02549553172252
			5.12335794946502	-4.01698497034467
			5.12335794946502	-4.00847440896682
			5.13186851084287	-3.99996384758897
			5.13186851084287	-3.99145328621112
			5.13186851084287	-3.98294272483327
			5.14037907222072	-3.97443216345542
			5.14037907222072	-3.96592160207757
			5.14037907222072	-3.95741104069973
			5.14888963359857	-3.94890047932188
			5.14888963359857	-3.94038991794403
			5.14888963359857	-3.93187935656618
			5.15740019497642	-3.92336879518833
			5.15740019497642	-3.91485823381048
			5.15740019497642	-3.90634767243263
			5.16591075635426	-3.90634767243263
			5.16591075635426	-3.89783711105478
			5.16591075635426	-3.88932654967693
			5.16591075635426	-3.88081598829909
			5.17442131773211	-3.87230542692124
			5.17442131773211	-3.86379486554339
			5.18293187910996	-3.85528430416554
			5.18293187910996	-3.84677374278769
			5.18293187910996	-3.83826318140984
			5.19144244048781	-3.82975262003199
			5.19144244048781	-3.82124205865414
			5.19144244048781	-3.81273149727629
			5.19995300186566	-3.80422093589845
			5.19995300186566	-3.7957103745206
			5.19995300186566	-3.78719981314275
			5.20846356324351	-3.7786892517649
			5.20846356324351	-3.77017869038705
			5.20846356324351	-3.7616681290092
			5.21697412462136	-3.75315756763135
			5.21697412462136	-3.7446470062535
			5.21697412462136	-3.73613644487565
			5.22548468599921	-3.72762588349781
			5.22548468599921	-3.71911532211996
			5.22548468599921	-3.71060476074211
			5.23399524737706	-3.70209419936426
			5.23399524737706	-3.69358363798641
			5.23399524737706	-3.68507307660856
			5.24250580875491	-3.67656251523071
			5.24250580875491	-3.66805195385286
			5.24250580875491	-3.65954139247502
			5.25101637013275	-3.65103083109717
			5.25101637013275	-3.64252026971932
			5.25101637013275	-3.63400970834147
			5.2595269315106	-3.62549914696362
			5.2595269315106	-3.61698858558577
			5.26803749288845	-3.60847802420792
			5.26803749288845	-3.59996746283007
			5.26803749288845	-3.59145690145222
			5.26803749288845	-3.58294634007438
			5.2765480542663	-3.57443577869653
			5.2765480542663	-3.56592521731868
			5.28505861564415	-3.55741465594083
			5.28505861564415	-3.54890409456298
			5.28505861564415	-3.54039353318513
			5.28505861564415	-3.53188297180728
			5.293569177022	-3.52337241042943
			5.293569177022	-3.51486184905158
			5.293569177022	-3.50635128767374
			5.30207973839985	-3.49784072629589
			5.30207973839985	-3.48933016491804
			5.3105902997777	-3.48081960354019
			5.3105902997777	-3.47230904216234
			5.3105902997777	-3.46379848078449
			5.31910086115554	-3.45528791940664
			5.31910086115554	-3.44677735802879
			5.31910086115554	-3.43826679665094
			5.32761142253339	-3.4297562352731
			5.32761142253339	-3.42124567389525
			5.32761142253339	-3.4127351125174
			5.33612198391124	-3.40422455113955
			5.33612198391124	-3.3957139897617
			5.33612198391124	-3.38720342838385
			5.34463254528909	-3.378692867006
			5.34463254528909	-3.37018230562815
			5.34463254528909	-3.3616717442503
			5.35314310666694	-3.3616717442503
			5.35314310666694	-3.35316118287246
			5.35314310666694	-3.34465062149461
			5.35314310666694	-3.33614006011676
			5.36165366804479	-3.32762949873891
			5.36165366804479	-3.31911893736106
			5.36165366804479	-3.31060837598321
			5.37016422942264	-3.30209781460536
			5.37016422942264	-3.29358725322751
			5.37867479080049	-3.28507669184966
			5.37867479080049	-3.27656613047182
			5.37867479080049	-3.26805556909397
			5.38718535217834	-3.25954500771612
			5.38718535217834	-3.25103444633827
			5.38718535217834	-3.24252388496042
			5.39569591355618	-3.23401332358257
			5.39569591355618	-3.22550276220472
			5.39569591355618	-3.21699220082687
			5.40420647493403	-3.20848163944902
			5.40420647493403	-3.19997107807118
			5.40420647493403	-3.19146051669333
			5.41271703631188	-3.18294995531548
			5.41271703631188	-3.17443939393763
			5.41271703631188	-3.16592883255978
			5.42122759768973	-3.15741827118193
			5.42122759768973	-3.14890770980408
			5.42122759768973	-3.14039714842623
			5.42973815906758	-3.13188658704838
			5.42973815906758	-3.12337602567054
			5.42973815906758	-3.11486546429269
			5.43824872044543	-3.10635490291484
			5.43824872044543	-3.09784434153699
			5.43824872044543	-3.08933378015914
			5.44675928182328	-3.08082321878129
			5.44675928182328	-3.07231265740344
			5.44675928182328	-3.06380209602559
			5.45526984320113	-3.05529153464775
			5.45526984320113	-3.0467809732699
			5.45526984320113	-3.03827041189205
			5.46378040457898	-3.03827041189205
			5.46378040457898	-3.0297598505142
			5.46378040457898	-3.02124928913635
			5.47229096595682	-3.0127387277585
			5.47229096595682	-3.00422816638065
			5.47229096595682	-2.9957176050028
			5.48080152733467	-2.98720704362495
			5.48080152733467	-2.97869648224711
			5.48080152733467	-2.97018592086926
			5.48931208871252	-2.96167535949141
			5.48931208871252	-2.95316479811356
			5.49782265009037	-2.94465423673571
			5.49782265009037	-2.93614367535786
			5.49782265009037	-2.92763311398001
			5.50633321146822	-2.91912255260216
			5.50633321146822	-2.91061199122431
			5.50633321146822	-2.90210142984647
			5.51484377284607	-2.89359086846862
			5.51484377284607	-2.88508030709077
			5.51484377284607	-2.87656974571292
			5.52335433422392	-2.86805918433507
			5.52335433422392	-2.85954862295722
			5.52335433422392	-2.85103806157937
			5.53186489560177	-2.84252750020152
			5.53186489560177	-2.83401693882367
			5.53186489560177	-2.82550637744583
			5.54037545697962	-2.81699581606798
			5.54037545697962	-2.80848525469013
			5.54037545697962	-2.79997469331228
			5.54888601835746	-2.79146413193443
			5.54888601835746	-2.78295357055658
			5.54888601835746	-2.77444300917873
			5.55739657973531	-2.76593244780088
			5.55739657973531	-2.75742188642303
			5.56590714111316	-2.74891132504519
			5.56590714111316	-2.74040076366734
			5.56590714111316	-2.73189020228949
			5.56590714111316	-2.72337964091164
			5.57441770249101	-2.72337964091164
			5.57441770249101	-2.71486907953379
			5.57441770249101	-2.70635851815594
			5.57441770249101	-2.69784795677809
			5.58292826386886	-2.68933739540024
			5.58292826386886	-2.68082683402239
			5.59143882524671	-2.67231627264455
			5.59143882524671	-2.6638057112667
			5.59143882524671	-2.65529514988885
			5.59994938662456	-2.646784588511
			5.59994938662456	-2.63827402713315
			5.59994938662456	-2.6297634657553
			5.60845994800241	-2.62125290437745
			5.60845994800241	-2.6127423429996
			5.60845994800241	-2.60423178162175
			5.61697050938026	-2.59572122024391
			5.61697050938026	-2.58721065886606
			5.6254810707581	-2.57870009748821
			5.6254810707581	-2.57018953611036
			5.6254810707581	-2.56167897473251
			5.63399163213595	-2.55316841335466
			5.63399163213595	-2.54465785197681
			5.6425021935138	-2.53614729059896
			5.6425021935138	-2.52763672922111
			5.65101275489165	-2.51912616784327
			5.65101275489165	-2.51061560646542
			5.65101275489165	-2.50210504508757
			5.6595233162695	-2.49359448370972
			5.6595233162695	-2.48508392233187
			5.66803387764735	-2.47657336095402
			5.66803387764735	-2.46806279957617
			5.6765444390252	-2.45955223819832
			5.6765444390252	-2.45104167682048
			5.68505500040305	-2.44253111544263
			5.68505500040305	-2.43402055406478
			5.68505500040305	-2.42550999268693
			5.6935655617809	-2.41699943130908
			5.6935655617809	-2.40848886993123
			5.70207612315874	-2.39997830855338
			5.70207612315874	-2.39146774717553
			5.71058668453659	-2.38295718579768
			5.71058668453659	-2.37444662441984
			5.71909724591444	-2.37444662441984
			5.71909724591444	-2.36593606304199
			5.71909724591444	-2.35742550166414
			5.72760780729229	-2.35742550166414
			5.72760780729229	-2.34891494028629
			5.73611836867014	-2.34040437890844
			5.74462893004799	-2.33189381753059
		</curveLM12>
	</curves.scaled>
	<ruler.points type=matrix rownames=TRUE colnames=FALSE nrow=5 ncol=2 as.numeric=TRUE >
		Ruler point 1	209	813
		Ruler point 2	326	814
		Ruler point 3	444	815
		Ruler point 4	562	815
		Ruler point 5	679	814
	</ruler.points>
</shapes>

