<shapes type=list>
	<ruler.pixel type=vector names=FALSE length=1 as.numeric=TRUE >117.258823570374</ruler.pixel>
	<ruler.interval type=vector names=FALSE length=1 as.numeric=TRUE >1</ruler.interval>
	<scaling.units type=vector names=FALSE length=1 as.numeric=FALSE >cm</scaling.units>
	<scaling type=vector names=FALSE length=1 as.numeric=TRUE >0.00852814286849671</scaling>
	<landmarks.pixel type=matrix rownames=TRUE colnames=FALSE nrow=6 ncol=2 as.numeric=TRUE >
		LM01	677	304
		LM02	755	540
		LM03	702	517
		LM04	675	601
		LM05	649	518
		LM06	596	540
	</landmarks.pixel>
	<landmarks.scaled type=matrix rownames=TRUE colnames=FALSE nrow=6 ncol=2 as.numeric=TRUE >
		LM01	5.77355272197227	-2.592555432023
		LM02	6.43874786571502	-4.60519714898822
		LM03	5.98675629368469	-4.4090498630128
		LM04	5.75649643623528	-5.12541386396652
		LM05	5.53476472165437	-4.4175780058813
		LM06	5.08277314962404	-4.60519714898822
	</landmarks.scaled>
	<curves.control type=list>
		<curveLM07 type=matrix rownames=FALSE colnames=FALSE nrow=5 ncol=2 as.numeric=TRUE >
			677	304
			705	362
			730	450
			754	528
			755	540
		</curveLM07>
		<curveLM08 type=matrix rownames=FALSE colnames=FALSE nrow=5 ncol=2 as.numeric=TRUE >
			755	540
			749	546
			727	534
			717	519
			702	517
		</curveLM08>
		<curveLM09 type=matrix rownames=FALSE colnames=FALSE nrow=5 ncol=2 as.numeric=TRUE >
			702	517
			695	522
			698	533
			703	582
			675	601
		</curveLM09>
		<curveLM10 type=matrix rownames=FALSE colnames=FALSE nrow=5 ncol=2 as.numeric=TRUE >
			675	601
			650	588
			652	538
			655	522
			649	518
		</curveLM10>
		<curveLM11 type=matrix rownames=FALSE colnames=FALSE nrow=5 ncol=2 as.numeric=TRUE >
			649	518
			642	513
			618	531
			599	546
			596	540
		</curveLM11>
		<curveLM12 type=matrix rownames=FALSE colnames=FALSE nrow=7 ncol=2 as.numeric=TRUE >
			596	540
			588	530
			608	488
			616	454
			629	409
			667	305
			677	304
		</curveLM12>
	</curves.control>
	<curves.pixel type=list>
		<curveLM07 type=matrix rownames=FALSE colnames=FALSE nrow=241 ncol=2 as.numeric=TRUE >
			677	304
			677	305
			678	306
			678	307
			679	308
			679	309
			680	310
			680	311
			681	312
			681	313
			681	314
			682	314
			682	315
			683	316
			683	317
			684	318
			684	319
			685	320
			685	321
			685	322
			686	323
			686	324
			687	325
			687	326
			688	327
			688	328
			688	329
			689	330
			689	331
			690	332
			690	333
			690	334
			691	335
			691	336
			692	337
			692	338
			693	339
			693	340
			693	341
			694	342
			694	343
			694	344
			695	345
			695	346
			696	346
			696	347
			696	348
			697	349
			697	350
			697	351
			698	352
			698	353
			698	354
			699	355
			699	356
			700	357
			700	358
			700	359
			701	360
			701	361
			701	362
			702	363
			702	364
			703	365
			703	366
			703	367
			704	368
			704	369
			704	370
			705	371
			705	372
			706	373
			706	374
			706	375
			707	376
			707	377
			707	378
			708	379
			708	380
			708	381
			709	382
			709	383
			710	384
			710	385
			710	386
			710	387
			711	388
			711	389
			711	390
			712	391
			712	392
			712	393
			713	394
			713	395
			713	396
			714	397
			714	398
			714	399
			715	400
			715	401
			715	402
			716	402
			716	403
			716	404
			717	405
			717	406
			717	407
			717	408
			718	409
			718	410
			718	411
			719	412
			719	413
			719	414
			720	415
			720	416
			720	417
			721	418
			721	419
			721	420
			721	421
			722	422
			722	423
			722	424
			723	425
			723	426
			723	427
			724	428
			724	429
			724	430
			724	431
			725	432
			725	433
			725	434
			726	435
			726	436
			726	437
			727	438
			727	439
			727	440
			728	441
			728	442
			728	443
			728	444
			729	445
			729	446
			729	447
			729	448
			730	449
			730	450
			730	451
			731	452
			731	453
			731	454
			732	455
			732	456
			732	457
			732	458
			733	458
			733	459
			733	460
			733	461
			734	462
			734	463
			734	464
			735	465
			735	466
			735	467
			736	468
			736	469
			736	470
			737	471
			737	472
			737	473
			737	474
			738	475
			738	476
			738	477
			739	478
			739	479
			739	480
			739	481
			740	482
			740	483
			740	484
			741	485
			741	486
			741	487
			741	488
			742	489
			742	490
			742	491
			743	492
			743	493
			743	494
			744	495
			744	496
			744	497
			745	498
			745	499
			745	500
			745	501
			746	502
			746	503
			746	504
			746	505
			747	506
			747	507
			747	508
			748	509
			748	510
			748	511
			748	512
			749	513
			749	514
			749	515
			749	516
			750	517
			750	518
			750	519
			751	520
			751	521
			751	522
			751	523
			752	524
			752	525
			752	526
			752	527
			753	528
			753	529
			753	530
			753	531
			753	532
			754	533
			754	534
			754	535
			754	536
			755	537
			755	538
			755	539
			755	540
		</curveLM07>
		<curveLM08 type=matrix rownames=FALSE colnames=FALSE nrow=60 ncol=2 as.numeric=TRUE >
			755	540
			754	541
			753	541
			752	542
			751	542
			750	542
			749	542
			748	542
			747	542
			746	542
			745	542
			744	541
			743	541
			742	541
			741	540
			740	540
			739	540
			739	539
			738	539
			737	539
			736	538
			735	538
			734	538
			733	537
			732	537
			731	536
			730	536
			729	535
			728	535
			727	534
			726	533
			725	532
			725	531
			724	530
			724	529
			723	529
			722	528
			722	527
			721	527
			720	526
			720	525
			719	525
			718	524
			717	523
			716	522
			715	522
			714	521
			713	521
			712	520
			711	520
			710	519
			709	519
			708	519
			708	518
			707	518
			706	518
			705	517
			704	517
			703	517
			702	517
		</curveLM08>
		<curveLM09 type=matrix rownames=FALSE colnames=FALSE nrow=90 ncol=2 as.numeric=TRUE >
			702	517
			701	517
			701	518
			700	518
			700	519
			699	519
			699	520
			699	521
			698	521
			698	522
			698	523
			697	524
			697	525
			697	526
			697	527
			697	528
			697	529
			697	530
			698	531
			698	532
			698	533
			698	534
			698	535
			698	536
			698	537
			698	538
			699	539
			699	540
			699	541
			699	542
			699	543
			699	544
			699	545
			699	546
			699	547
			699	548
			699	549
			699	550
			699	551
			699	552
			699	553
			699	554
			698	555
			698	556
			698	557
			698	558
			698	559
			698	560
			698	561
			698	562
			698	563
			697	564
			697	565
			697	566
			697	567
			696	568
			696	569
			696	570
			696	571
			695	572
			695	573
			695	574
			695	575
			694	576
			694	577
			693	578
			693	579
			693	580
			692	581
			691	582
			691	583
			690	584
			690	585
			689	586
			689	587
			688	588
			687	589
			687	590
			686	591
			685	592
			684	593
			683	594
			682	595
			681	596
			680	597
			679	598
			678	599
			677	599
			676	600
			675	601
		</curveLM09>
		<curveLM10 type=matrix rownames=FALSE colnames=FALSE nrow=89 ncol=2 as.numeric=TRUE >
			675	601
			674	600
			673	600
			672	599
			671	598
			670	598
			669	597
			668	596
			667	595
			666	594
			665	594
			665	593
			664	592
			663	591
			662	590
			662	589
			661	588
			661	587
			660	587
			660	586
			660	585
			659	584
			658	583
			658	582
			658	581
			657	580
			657	579
			657	578
			656	577
			656	576
			656	575
			655	574
			655	573
			655	572
			654	571
			654	570
			654	569
			654	568
			654	567
			653	566
			653	565
			653	564
			653	563
			653	562
			653	561
			653	560
			652	559
			652	558
			652	557
			652	556
			652	555
			652	554
			652	553
			652	552
			652	551
			652	550
			652	549
			652	548
			652	547
			652	546
			652	545
			652	544
			652	543
			652	542
			652	541
			652	540
			652	539
			652	538
			652	537
			652	536
			653	535
			653	534
			653	533
			653	532
			653	531
			653	530
			653	529
			653	528
			653	527
			653	526
			653	525
			652	524
			652	523
			652	522
			652	521
			651	521
			651	520
			650	519
			649	518
		</curveLM10>
		<curveLM11 type=matrix rownames=FALSE colnames=FALSE nrow=57 ncol=2 as.numeric=TRUE >
			649	518
			648	517
			647	517
			646	517
			645	517
			644	517
			643	517
			642	517
			641	518
			640	518
			639	518
			638	519
			637	519
			636	519
			636	520
			635	520
			634	521
			633	521
			632	521
			631	522
			630	523
			629	524
			628	524
			627	525
			626	525
			625	526
			624	527
			623	527
			622	528
			621	529
			620	529
			619	530
			618	531
			617	532
			616	533
			615	533
			614	534
			613	535
			612	536
			611	536
			610	537
			609	538
			608	538
			607	539
			606	539
			605	540
			604	541
			603	541
			602	541
			601	541
			601	542
			600	542
			599	542
			598	542
			598	541
			597	541
			596	540
		</curveLM11>
		<curveLM12 type=matrix rownames=FALSE colnames=FALSE nrow=240 ncol=2 as.numeric=TRUE >
			596	540
			595	539
			595	538
			594	537
			594	536
			594	535
			594	534
			594	533
			594	532
			594	531
			594	530
			594	529
			594	528
			594	527
			594	526
			594	525
			595	524
			595	523
			595	522
			595	521
			596	520
			596	519
			596	518
			596	517
			597	516
			597	515
			597	514
			598	513
			598	512
			598	511
			599	510
			599	509
			599	508
			600	507
			600	506
			600	505
			601	504
			601	503
			602	502
			602	501
			603	500
			603	499
			603	498
			604	497
			604	496
			605	495
			605	494
			606	493
			606	492
			607	491
			607	490
			607	489
			608	488
			608	487
			608	486
			609	485
			609	484
			609	483
			610	482
			610	481
			610	480
			610	479
			610	478
			611	477
			611	476
			611	475
			611	474
			612	473
			612	472
			612	471
			612	470
			613	469
			613	468
			613	467
			613	466
			614	465
			614	464
			614	463
			614	462
			615	461
			615	460
			615	459
			615	458
			616	457
			616	456
			616	455
			617	454
			617	453
			617	452
			617	451
			618	450
			618	449
			618	448
			618	447
			619	446
			619	445
			619	444
			619	443
			620	442
			620	441
			620	440
			620	439
			621	439
			621	438
			621	437
			621	436
			622	435
			622	434
			622	433
			623	432
			623	431
			623	430
			623	429
			624	428
			624	427
			624	426
			624	425
			625	424
			625	423
			625	422
			626	421
			626	420
			626	419
			626	418
			627	417
			627	416
			627	415
			628	414
			628	413
			628	412
			628	411
			629	410
			629	409
			630	408
			630	407
			630	406
			630	405
			631	404
			631	403
			632	402
			632	401
			632	400
			633	399
			633	398
			633	397
			634	396
			634	395
			635	394
			635	393
			635	392
			636	391
			636	390
			636	389
			637	388
			637	387
			638	386
			638	385
			638	384
			639	383
			639	382
			639	381
			640	380
			640	379
			640	378
			641	377
			641	376
			642	375
			642	374
			643	373
			643	372
			643	371
			644	370
			644	369
			645	368
			645	367
			645	366
			646	365
			646	364
			646	363
			647	362
			647	361
			648	360
			648	359
			648	358
			649	357
			649	356
			649	355
			650	355
			650	354
			651	353
			651	352
			651	351
			652	350
			652	349
			653	348
			653	347
			653	346
			654	345
			654	344
			655	343
			655	342
			655	341
			656	340
			656	339
			657	338
			657	337
			658	336
			658	335
			659	334
			659	333
			660	332
			660	331
			660	330
			661	329
			661	328
			662	327
			662	326
			663	325
			663	324
			664	323
			664	322
			665	321
			665	320
			666	319
			666	318
			667	317
			667	316
			668	315
			668	314
			669	313
			670	312
			671	311
			671	310
			672	309
			672	308
			673	307
			674	306
			675	305
			676	304
			677	304
		</curveLM12>
	</curves.pixel>
	<curves.scaled type=list>
		<curveLM07 type=matrix rownames=FALSE colnames=FALSE nrow=241 ncol=2 as.numeric=TRUE >
			5.77355272197227	-2.592555432023
			5.77355272197227	-2.6010835748915
			5.78208086484077	-2.60961171775999
			5.78208086484077	-2.61813986062849
			5.79060900770927	-2.62666800349699
			5.79060900770927	-2.63519614636548
			5.79913715057776	-2.64372428923398
			5.79913715057776	-2.65225243210248
			5.80766529344626	-2.66078057497097
			5.80766529344626	-2.66930871783947
			5.80766529344626	-2.67783686070797
			5.81619343631476	-2.67783686070797
			5.81619343631476	-2.68636500357646
			5.82472157918325	-2.69489314644496
			5.82472157918325	-2.70342128931346
			5.83324972205175	-2.71194943218195
			5.83324972205175	-2.72047757505045
			5.84177786492025	-2.72900571791895
			5.84177786492025	-2.73753386078744
			5.84177786492025	-2.74606200365594
			5.85030600778874	-2.75459014652444
			5.85030600778874	-2.76311828939293
			5.85883415065724	-2.77164643226143
			5.85883415065724	-2.78017457512993
			5.86736229352574	-2.78870271799842
			5.86736229352574	-2.79723086086692
			5.86736229352574	-2.80575900373542
			5.87589043639424	-2.81428714660391
			5.87589043639424	-2.82281528947241
			5.88441857926273	-2.83134343234091
			5.88441857926273	-2.83987157520941
			5.88441857926273	-2.8483997180779
			5.89294672213123	-2.8569278609464
			5.89294672213123	-2.8654560038149
			5.90147486499973	-2.87398414668339
			5.90147486499973	-2.88251228955189
			5.91000300786822	-2.89104043242039
			5.91000300786822	-2.89956857528888
			5.91000300786822	-2.90809671815738
			5.91853115073672	-2.91662486102588
			5.91853115073672	-2.92515300389437
			5.91853115073672	-2.93368114676287
			5.92705929360522	-2.94220928963137
			5.92705929360522	-2.95073743249986
			5.93558743647371	-2.95073743249986
			5.93558743647371	-2.95926557536836
			5.93558743647371	-2.96779371823686
			5.94411557934221	-2.97632186110535
			5.94411557934221	-2.98485000397385
			5.94411557934221	-2.99337814684235
			5.95264372221071	-3.00190628971084
			5.95264372221071	-3.01043443257934
			5.95264372221071	-3.01896257544784
			5.9611718650792	-3.02749071831633
			5.9611718650792	-3.03601886118483
			5.9697000079477	-3.04454700405333
			5.9697000079477	-3.05307514692182
			5.9697000079477	-3.06160328979032
			5.9782281508162	-3.07013143265882
			5.9782281508162	-3.07865957552731
			5.9782281508162	-3.08718771839581
			5.98675629368469	-3.09571586126431
			5.98675629368469	-3.1042440041328
			5.99528443655319	-3.1127721470013
			5.99528443655319	-3.1213002898698
			5.99528443655319	-3.12982843273829
			6.00381257942169	-3.13835657560679
			6.00381257942169	-3.14688471847529
			6.00381257942169	-3.15541286134378
			6.01234072229018	-3.16394100421228
			6.01234072229018	-3.17246914708078
			6.02086886515868	-3.18099728994927
			6.02086886515868	-3.18952543281777
			6.02086886515868	-3.19805357568627
			6.02939700802718	-3.20658171855476
			6.02939700802718	-3.21510986142326
			6.02939700802718	-3.22363800429176
			6.03792515089567	-3.23216614716025
			6.03792515089567	-3.24069429002875
			6.03792515089567	-3.24922243289725
			6.04645329376417	-3.25775057576574
			6.04645329376417	-3.26627871863424
			6.05498143663267	-3.27480686150274
			6.05498143663267	-3.28333500437123
			6.05498143663267	-3.29186314723973
			6.05498143663267	-3.30039129010823
			6.06350957950116	-3.30891943297672
			6.06350957950116	-3.31744757584522
			6.06350957950116	-3.32597571871372
			6.07203772236966	-3.33450386158221
			6.07203772236966	-3.34303200445071
			6.07203772236966	-3.35156014731921
			6.08056586523816	-3.3600882901877
			6.08056586523816	-3.3686164330562
			6.08056586523816	-3.3771445759247
			6.08909400810665	-3.38567271879319
			6.08909400810665	-3.39420086166169
			6.08909400810665	-3.40272900453019
			6.09762215097515	-3.41125714739869
			6.09762215097515	-3.41978529026718
			6.09762215097515	-3.42831343313568
			6.10615029384365	-3.42831343313568
			6.10615029384365	-3.43684157600418
			6.10615029384365	-3.44536971887267
			6.11467843671214	-3.45389786174117
			6.11467843671214	-3.46242600460967
			6.11467843671214	-3.47095414747816
			6.11467843671214	-3.47948229034666
			6.12320657958064	-3.48801043321516
			6.12320657958064	-3.49653857608365
			6.12320657958064	-3.50506671895215
			6.13173472244914	-3.51359486182065
			6.13173472244914	-3.52212300468914
			6.13173472244914	-3.53065114755764
			6.14026286531763	-3.53917929042614
			6.14026286531763	-3.54770743329463
			6.14026286531763	-3.55623557616313
			6.14879100818613	-3.56476371903163
			6.14879100818613	-3.57329186190012
			6.14879100818613	-3.58182000476862
			6.14879100818613	-3.59034814763712
			6.15731915105463	-3.59887629050561
			6.15731915105463	-3.60740443337411
			6.15731915105463	-3.61593257624261
			6.16584729392312	-3.6244607191111
			6.16584729392312	-3.6329888619796
			6.16584729392312	-3.6415170048481
			6.17437543679162	-3.65004514771659
			6.17437543679162	-3.65857329058509
			6.17437543679162	-3.66710143345359
			6.17437543679162	-3.67562957632208
			6.18290357966012	-3.68415771919058
			6.18290357966012	-3.69268586205908
			6.18290357966012	-3.70121400492757
			6.19143172252861	-3.70974214779607
			6.19143172252861	-3.71827029066457
			6.19143172252861	-3.72679843353306
			6.19995986539711	-3.73532657640156
			6.19995986539711	-3.74385471927006
			6.19995986539711	-3.75238286213855
			6.20848800826561	-3.76091100500705
			6.20848800826561	-3.76943914787555
			6.20848800826561	-3.77796729074404
			6.20848800826561	-3.78649543361254
			6.2170161511341	-3.79502357648104
			6.2170161511341	-3.80355171934953
			6.2170161511341	-3.81207986221803
			6.2170161511341	-3.82060800508653
			6.2255442940026	-3.82913614795502
			6.2255442940026	-3.83766429082352
			6.2255442940026	-3.84619243369202
			6.2340724368711	-3.85472057656051
			6.2340724368711	-3.86324871942901
			6.2340724368711	-3.87177686229751
			6.24260057973959	-3.880305005166
			6.24260057973959	-3.8888331480345
			6.24260057973959	-3.897361290903
			6.24260057973959	-3.90588943377149
			6.25112872260809	-3.90588943377149
			6.25112872260809	-3.91441757663999
			6.25112872260809	-3.92294571950849
			6.25112872260809	-3.93147386237698
			6.25965686547659	-3.94000200524548
			6.25965686547659	-3.94853014811398
			6.25965686547659	-3.95705829098247
			6.26818500834508	-3.96558643385097
			6.26818500834508	-3.97411457671947
			6.26818500834508	-3.98264271958797
			6.27671315121358	-3.99117086245646
			6.27671315121358	-3.99969900532496
			6.27671315121358	-4.00822714819345
			6.28524129408208	-4.01675529106195
			6.28524129408208	-4.02528343393045
			6.28524129408208	-4.03381157679895
			6.28524129408208	-4.04233971966744
			6.29376943695057	-4.05086786253594
			6.29376943695057	-4.05939600540444
			6.29376943695057	-4.06792414827293
			6.30229757981907	-4.07645229114143
			6.30229757981907	-4.08498043400993
			6.30229757981907	-4.09350857687842
			6.30229757981907	-4.10203671974692
			6.31082572268757	-4.11056486261542
			6.31082572268757	-4.11909300548391
			6.31082572268757	-4.12762114835241
			6.31935386555606	-4.13614929122091
			6.31935386555606	-4.1446774340894
			6.31935386555606	-4.1532055769579
			6.31935386555606	-4.1617337198264
			6.32788200842456	-4.17026186269489
			6.32788200842456	-4.17879000556339
			6.32788200842456	-4.18731814843189
			6.33641015129306	-4.19584629130038
			6.33641015129306	-4.20437443416888
			6.33641015129306	-4.21290257703738
			6.34493829416155	-4.22143071990587
			6.34493829416155	-4.22995886277437
			6.34493829416155	-4.23848700564287
			6.35346643703005	-4.24701514851136
			6.35346643703005	-4.25554329137986
			6.35346643703005	-4.26407143424836
			6.35346643703005	-4.27259957711685
			6.36199457989855	-4.28112771998535
			6.36199457989855	-4.28965586285385
			6.36199457989855	-4.29818400572234
			6.36199457989855	-4.30671214859084
			6.37052272276704	-4.31524029145934
			6.37052272276704	-4.32376843432783
			6.37052272276704	-4.33229657719633
			6.37905086563554	-4.34082472006483
			6.37905086563554	-4.34935286293332
			6.37905086563554	-4.35788100580182
			6.37905086563554	-4.36640914867032
			6.38757900850404	-4.37493729153881
			6.38757900850404	-4.38346543440731
			6.38757900850404	-4.39199357727581
			6.38757900850404	-4.4005217201443
			6.39610715137253	-4.4090498630128
			6.39610715137253	-4.4175780058813
			6.39610715137253	-4.42610614874979
			6.40463529424103	-4.43463429161829
			6.40463529424103	-4.44316243448679
			6.40463529424103	-4.45169057735528
			6.40463529424103	-4.46021872022378
			6.41316343710953	-4.46874686309228
			6.41316343710953	-4.47727500596077
			6.41316343710953	-4.48580314882927
			6.41316343710953	-4.49433129169777
			6.42169157997802	-4.50285943456626
			6.42169157997802	-4.51138757743476
			6.42169157997802	-4.51991572030326
			6.42169157997802	-4.52844386317175
			6.42169157997802	-4.53697200604025
			6.43021972284652	-4.54550014890875
			6.43021972284652	-4.55402829177724
			6.43021972284652	-4.56255643464574
			6.43021972284652	-4.57108457751424
			6.43874786571502	-4.57961272038273
			6.43874786571502	-4.58814086325123
			6.43874786571502	-4.59666900611973
			6.43874786571502	-4.60519714898822
		</curveLM07>
		<curveLM08 type=matrix rownames=FALSE colnames=FALSE nrow=60 ncol=2 as.numeric=TRUE >
			6.43874786571502	-4.60519714898822
			6.43021972284652	-4.61372529185672
			6.42169157997802	-4.61372529185672
			6.41316343710953	-4.62225343472522
			6.40463529424103	-4.62225343472522
			6.39610715137253	-4.62225343472522
			6.38757900850404	-4.62225343472522
			6.37905086563554	-4.62225343472522
			6.37052272276704	-4.62225343472522
			6.36199457989855	-4.62225343472522
			6.35346643703005	-4.62225343472522
			6.34493829416155	-4.61372529185672
			6.33641015129306	-4.61372529185672
			6.32788200842456	-4.61372529185672
			6.31935386555606	-4.60519714898822
			6.31082572268757	-4.60519714898822
			6.30229757981907	-4.60519714898822
			6.30229757981907	-4.59666900611973
			6.29376943695057	-4.59666900611973
			6.28524129408208	-4.59666900611973
			6.27671315121358	-4.58814086325123
			6.26818500834508	-4.58814086325123
			6.25965686547659	-4.58814086325123
			6.25112872260809	-4.57961272038273
			6.24260057973959	-4.57961272038273
			6.2340724368711	-4.57108457751424
			6.2255442940026	-4.57108457751424
			6.2170161511341	-4.56255643464574
			6.20848800826561	-4.56255643464574
			6.19995986539711	-4.55402829177724
			6.19143172252861	-4.54550014890875
			6.18290357966012	-4.53697200604025
			6.18290357966012	-4.52844386317175
			6.17437543679162	-4.51991572030326
			6.17437543679162	-4.51138757743476
			6.16584729392312	-4.51138757743476
			6.15731915105463	-4.50285943456626
			6.15731915105463	-4.49433129169777
			6.14879100818613	-4.49433129169777
			6.14026286531763	-4.48580314882927
			6.14026286531763	-4.47727500596077
			6.13173472244914	-4.47727500596077
			6.12320657958064	-4.46874686309228
			6.11467843671214	-4.46021872022378
			6.10615029384365	-4.45169057735528
			6.09762215097515	-4.45169057735528
			6.08909400810665	-4.44316243448679
			6.08056586523816	-4.44316243448679
			6.07203772236966	-4.43463429161829
			6.06350957950116	-4.43463429161829
			6.05498143663267	-4.42610614874979
			6.04645329376417	-4.42610614874979
			6.03792515089567	-4.42610614874979
			6.03792515089567	-4.4175780058813
			6.02939700802718	-4.4175780058813
			6.02086886515868	-4.4175780058813
			6.01234072229018	-4.4090498630128
			6.00381257942169	-4.4090498630128
			5.99528443655319	-4.4090498630128
			5.98675629368469	-4.4090498630128
		</curveLM08>
		<curveLM09 type=matrix rownames=FALSE colnames=FALSE nrow=90 ncol=2 as.numeric=TRUE >
			5.98675629368469	-4.4090498630128
			5.9782281508162	-4.4090498630128
			5.9782281508162	-4.4175780058813
			5.9697000079477	-4.4175780058813
			5.9697000079477	-4.42610614874979
			5.9611718650792	-4.42610614874979
			5.9611718650792	-4.43463429161829
			5.9611718650792	-4.44316243448679
			5.95264372221071	-4.44316243448679
			5.95264372221071	-4.45169057735528
			5.95264372221071	-4.46021872022378
			5.94411557934221	-4.46874686309228
			5.94411557934221	-4.47727500596077
			5.94411557934221	-4.48580314882927
			5.94411557934221	-4.49433129169777
			5.94411557934221	-4.50285943456626
			5.94411557934221	-4.51138757743476
			5.94411557934221	-4.51991572030326
			5.95264372221071	-4.52844386317175
			5.95264372221071	-4.53697200604025
			5.95264372221071	-4.54550014890875
			5.95264372221071	-4.55402829177724
			5.95264372221071	-4.56255643464574
			5.95264372221071	-4.57108457751424
			5.95264372221071	-4.57961272038273
			5.95264372221071	-4.58814086325123
			5.9611718650792	-4.59666900611973
			5.9611718650792	-4.60519714898822
			5.9611718650792	-4.61372529185672
			5.9611718650792	-4.62225343472522
			5.9611718650792	-4.63078157759371
			5.9611718650792	-4.63930972046221
			5.9611718650792	-4.64783786333071
			5.9611718650792	-4.6563660061992
			5.9611718650792	-4.6648941490677
			5.9611718650792	-4.6734222919362
			5.9611718650792	-4.68195043480469
			5.9611718650792	-4.69047857767319
			5.9611718650792	-4.69900672054169
			5.9611718650792	-4.70753486341019
			5.9611718650792	-4.71606300627868
			5.9611718650792	-4.72459114914718
			5.95264372221071	-4.73311929201568
			5.95264372221071	-4.74164743488417
			5.95264372221071	-4.75017557775267
			5.95264372221071	-4.75870372062117
			5.95264372221071	-4.76723186348966
			5.95264372221071	-4.77576000635816
			5.95264372221071	-4.78428814922666
			5.95264372221071	-4.79281629209515
			5.95264372221071	-4.80134443496365
			5.94411557934221	-4.80987257783215
			5.94411557934221	-4.81840072070064
			5.94411557934221	-4.82692886356914
			5.94411557934221	-4.83545700643764
			5.93558743647371	-4.84398514930613
			5.93558743647371	-4.85251329217463
			5.93558743647371	-4.86104143504313
			5.93558743647371	-4.86956957791162
			5.92705929360522	-4.87809772078012
			5.92705929360522	-4.88662586364862
			5.92705929360522	-4.89515400651711
			5.92705929360522	-4.90368214938561
			5.91853115073672	-4.91221029225411
			5.91853115073672	-4.9207384351226
			5.91000300786822	-4.9292665779911
			5.91000300786822	-4.9377947208596
			5.91000300786822	-4.94632286372809
			5.90147486499973	-4.95485100659659
			5.89294672213123	-4.96337914946509
			5.89294672213123	-4.97190729233358
			5.88441857926273	-4.98043543520208
			5.88441857926273	-4.98896357807058
			5.87589043639424	-4.99749172093907
			5.87589043639424	-5.00601986380757
			5.86736229352574	-5.01454800667607
			5.85883415065724	-5.02307614954456
			5.85883415065724	-5.03160429241306
			5.85030600778874	-5.04013243528156
			5.84177786492025	-5.04866057815005
			5.83324972205175	-5.05718872101855
			5.82472157918325	-5.06571686388705
			5.81619343631476	-5.07424500675554
			5.80766529344626	-5.08277314962404
			5.79913715057776	-5.09130129249254
			5.79060900770927	-5.09982943536103
			5.78208086484077	-5.10835757822953
			5.77355272197227	-5.10835757822953
			5.76502457910378	-5.11688572109803
			5.75649643623528	-5.12541386396652
		</curveLM09>
		<curveLM10 type=matrix rownames=FALSE colnames=FALSE nrow=89 ncol=2 as.numeric=TRUE >
			5.75649643623528	-5.12541386396652
			5.74796829336678	-5.11688572109803
			5.73944015049829	-5.11688572109803
			5.73091200762979	-5.10835757822953
			5.72238386476129	-5.09982943536103
			5.7138557218928	-5.09982943536103
			5.7053275790243	-5.09130129249254
			5.6967994361558	-5.08277314962404
			5.68827129328731	-5.07424500675554
			5.67974315041881	-5.06571686388705
			5.67121500755031	-5.06571686388705
			5.67121500755031	-5.05718872101855
			5.66268686468182	-5.04866057815005
			5.65415872181332	-5.04013243528156
			5.64563057894482	-5.03160429241306
			5.64563057894482	-5.02307614954456
			5.63710243607633	-5.01454800667607
			5.63710243607633	-5.00601986380757
			5.62857429320783	-5.00601986380757
			5.62857429320783	-4.99749172093907
			5.62857429320783	-4.98896357807058
			5.62004615033933	-4.98043543520208
			5.61151800747084	-4.97190729233358
			5.61151800747084	-4.96337914946509
			5.61151800747084	-4.95485100659659
			5.60298986460234	-4.94632286372809
			5.60298986460234	-4.9377947208596
			5.60298986460234	-4.9292665779911
			5.59446172173384	-4.9207384351226
			5.59446172173384	-4.91221029225411
			5.59446172173384	-4.90368214938561
			5.58593357886535	-4.89515400651711
			5.58593357886535	-4.88662586364862
			5.58593357886535	-4.87809772078012
			5.57740543599685	-4.86956957791162
			5.57740543599685	-4.86104143504313
			5.57740543599685	-4.85251329217463
			5.57740543599685	-4.84398514930613
			5.57740543599685	-4.83545700643764
			5.56887729312835	-4.82692886356914
			5.56887729312835	-4.81840072070064
			5.56887729312835	-4.80987257783215
			5.56887729312835	-4.80134443496365
			5.56887729312835	-4.79281629209515
			5.56887729312835	-4.78428814922666
			5.56887729312835	-4.77576000635816
			5.56034915025986	-4.76723186348966
			5.56034915025986	-4.75870372062117
			5.56034915025986	-4.75017557775267
			5.56034915025986	-4.74164743488417
			5.56034915025986	-4.73311929201568
			5.56034915025986	-4.72459114914718
			5.56034915025986	-4.71606300627868
			5.56034915025986	-4.70753486341019
			5.56034915025986	-4.69900672054169
			5.56034915025986	-4.69047857767319
			5.56034915025986	-4.68195043480469
			5.56034915025986	-4.6734222919362
			5.56034915025986	-4.6648941490677
			5.56034915025986	-4.6563660061992
			5.56034915025986	-4.64783786333071
			5.56034915025986	-4.63930972046221
			5.56034915025986	-4.63078157759371
			5.56034915025986	-4.62225343472522
			5.56034915025986	-4.61372529185672
			5.56034915025986	-4.60519714898822
			5.56034915025986	-4.59666900611973
			5.56034915025986	-4.58814086325123
			5.56034915025986	-4.57961272038273
			5.56034915025986	-4.57108457751424
			5.56887729312835	-4.56255643464574
			5.56887729312835	-4.55402829177724
			5.56887729312835	-4.54550014890875
			5.56887729312835	-4.53697200604025
			5.56887729312835	-4.52844386317175
			5.56887729312835	-4.51991572030326
			5.56887729312835	-4.51138757743476
			5.56887729312835	-4.50285943456626
			5.56887729312835	-4.49433129169777
			5.56887729312835	-4.48580314882927
			5.56887729312835	-4.47727500596077
			5.56034915025986	-4.46874686309228
			5.56034915025986	-4.46021872022378
			5.56034915025986	-4.45169057735528
			5.56034915025986	-4.44316243448679
			5.55182100739136	-4.44316243448679
			5.55182100739136	-4.43463429161829
			5.54329286452286	-4.42610614874979
			5.53476472165437	-4.4175780058813
		</curveLM10>
		<curveLM11 type=matrix rownames=FALSE colnames=FALSE nrow=57 ncol=2 as.numeric=TRUE >
			5.53476472165437	-4.4175780058813
			5.52623657878587	-4.4090498630128
			5.51770843591737	-4.4090498630128
			5.50918029304888	-4.4090498630128
			5.50065215018038	-4.4090498630128
			5.49212400731188	-4.4090498630128
			5.48359586444339	-4.4090498630128
			5.47506772157489	-4.4090498630128
			5.46653957870639	-4.4175780058813
			5.4580114358379	-4.4175780058813
			5.4494832929694	-4.4175780058813
			5.4409551501009	-4.42610614874979
			5.43242700723241	-4.42610614874979
			5.42389886436391	-4.42610614874979
			5.42389886436391	-4.43463429161829
			5.41537072149541	-4.43463429161829
			5.40684257862692	-4.44316243448679
			5.39831443575842	-4.44316243448679
			5.38978629288992	-4.44316243448679
			5.38125815002143	-4.45169057735528
			5.37273000715293	-4.46021872022378
			5.36420186428443	-4.46874686309228
			5.35567372141594	-4.46874686309228
			5.34714557854744	-4.47727500596077
			5.33861743567894	-4.47727500596077
			5.33008929281045	-4.48580314882927
			5.32156114994195	-4.49433129169777
			5.31303300707345	-4.49433129169777
			5.30450486420496	-4.50285943456626
			5.29597672133646	-4.51138757743476
			5.28744857846796	-4.51138757743476
			5.27892043559947	-4.51991572030326
			5.27039229273097	-4.52844386317175
			5.26186414986247	-4.53697200604025
			5.25333600699398	-4.54550014890875
			5.24480786412548	-4.54550014890875
			5.23627972125698	-4.55402829177724
			5.22775157838849	-4.56255643464574
			5.21922343551999	-4.57108457751424
			5.21069529265149	-4.57108457751424
			5.202167149783	-4.57961272038273
			5.1936390069145	-4.58814086325123
			5.185110864046	-4.58814086325123
			5.17658272117751	-4.59666900611973
			5.16805457830901	-4.59666900611973
			5.15952643544051	-4.60519714898822
			5.15099829257201	-4.61372529185672
			5.14247014970352	-4.61372529185672
			5.13394200683502	-4.61372529185672
			5.12541386396652	-4.61372529185672
			5.12541386396652	-4.62225343472522
			5.11688572109803	-4.62225343472522
			5.10835757822953	-4.62225343472522
			5.09982943536103	-4.62225343472522
			5.09982943536103	-4.61372529185672
			5.09130129249254	-4.61372529185672
			5.08277314962404	-4.60519714898822
		</curveLM11>
		<curveLM12 type=matrix rownames=FALSE colnames=FALSE nrow=240 ncol=2 as.numeric=TRUE >
			5.08277314962404	-4.60519714898822
			5.07424500675554	-4.59666900611973
			5.07424500675554	-4.58814086325123
			5.06571686388705	-4.57961272038273
			5.06571686388705	-4.57108457751424
			5.06571686388705	-4.56255643464574
			5.06571686388705	-4.55402829177724
			5.06571686388705	-4.54550014890875
			5.06571686388705	-4.53697200604025
			5.06571686388705	-4.52844386317175
			5.06571686388705	-4.51991572030326
			5.06571686388705	-4.51138757743476
			5.06571686388705	-4.50285943456626
			5.06571686388705	-4.49433129169777
			5.06571686388705	-4.48580314882927
			5.06571686388705	-4.47727500596077
			5.07424500675554	-4.46874686309228
			5.07424500675554	-4.46021872022378
			5.07424500675554	-4.45169057735528
			5.07424500675554	-4.44316243448679
			5.08277314962404	-4.43463429161829
			5.08277314962404	-4.42610614874979
			5.08277314962404	-4.4175780058813
			5.08277314962404	-4.4090498630128
			5.09130129249254	-4.4005217201443
			5.09130129249254	-4.39199357727581
			5.09130129249254	-4.38346543440731
			5.09982943536103	-4.37493729153881
			5.09982943536103	-4.36640914867032
			5.09982943536103	-4.35788100580182
			5.10835757822953	-4.34935286293332
			5.10835757822953	-4.34082472006483
			5.10835757822953	-4.33229657719633
			5.11688572109803	-4.32376843432783
			5.11688572109803	-4.31524029145934
			5.11688572109803	-4.30671214859084
			5.12541386396652	-4.29818400572234
			5.12541386396652	-4.28965586285385
			5.13394200683502	-4.28112771998535
			5.13394200683502	-4.27259957711685
			5.14247014970352	-4.26407143424836
			5.14247014970352	-4.25554329137986
			5.14247014970352	-4.24701514851136
			5.15099829257201	-4.23848700564287
			5.15099829257201	-4.22995886277437
			5.15952643544051	-4.22143071990587
			5.15952643544051	-4.21290257703738
			5.16805457830901	-4.20437443416888
			5.16805457830901	-4.19584629130038
			5.17658272117751	-4.18731814843189
			5.17658272117751	-4.17879000556339
			5.17658272117751	-4.17026186269489
			5.185110864046	-4.1617337198264
			5.185110864046	-4.1532055769579
			5.185110864046	-4.1446774340894
			5.1936390069145	-4.13614929122091
			5.1936390069145	-4.12762114835241
			5.1936390069145	-4.11909300548391
			5.202167149783	-4.11056486261542
			5.202167149783	-4.10203671974692
			5.202167149783	-4.09350857687842
			5.202167149783	-4.08498043400993
			5.202167149783	-4.07645229114143
			5.21069529265149	-4.06792414827293
			5.21069529265149	-4.05939600540444
			5.21069529265149	-4.05086786253594
			5.21069529265149	-4.04233971966744
			5.21922343551999	-4.03381157679895
			5.21922343551999	-4.02528343393045
			5.21922343551999	-4.01675529106195
			5.21922343551999	-4.00822714819345
			5.22775157838849	-3.99969900532496
			5.22775157838849	-3.99117086245646
			5.22775157838849	-3.98264271958797
			5.22775157838849	-3.97411457671947
			5.23627972125698	-3.96558643385097
			5.23627972125698	-3.95705829098247
			5.23627972125698	-3.94853014811398
			5.23627972125698	-3.94000200524548
			5.24480786412548	-3.93147386237698
			5.24480786412548	-3.92294571950849
			5.24480786412548	-3.91441757663999
			5.24480786412548	-3.90588943377149
			5.25333600699398	-3.897361290903
			5.25333600699398	-3.8888331480345
			5.25333600699398	-3.880305005166
			5.26186414986247	-3.87177686229751
			5.26186414986247	-3.86324871942901
			5.26186414986247	-3.85472057656051
			5.26186414986247	-3.84619243369202
			5.27039229273097	-3.83766429082352
			5.27039229273097	-3.82913614795502
			5.27039229273097	-3.82060800508653
			5.27039229273097	-3.81207986221803
			5.27892043559947	-3.80355171934953
			5.27892043559947	-3.79502357648104
			5.27892043559947	-3.78649543361254
			5.27892043559947	-3.77796729074404
			5.28744857846796	-3.76943914787555
			5.28744857846796	-3.76091100500705
			5.28744857846796	-3.75238286213855
			5.28744857846796	-3.74385471927006
			5.29597672133646	-3.74385471927006
			5.29597672133646	-3.73532657640156
			5.29597672133646	-3.72679843353306
			5.29597672133646	-3.71827029066457
			5.30450486420496	-3.70974214779607
			5.30450486420496	-3.70121400492757
			5.30450486420496	-3.69268586205908
			5.31303300707345	-3.68415771919058
			5.31303300707345	-3.67562957632208
			5.31303300707345	-3.66710143345359
			5.31303300707345	-3.65857329058509
			5.32156114994195	-3.65004514771659
			5.32156114994195	-3.6415170048481
			5.32156114994195	-3.6329888619796
			5.32156114994195	-3.6244607191111
			5.33008929281045	-3.61593257624261
			5.33008929281045	-3.60740443337411
			5.33008929281045	-3.59887629050561
			5.33861743567894	-3.59034814763712
			5.33861743567894	-3.58182000476862
			5.33861743567894	-3.57329186190012
			5.33861743567894	-3.56476371903163
			5.34714557854744	-3.55623557616313
			5.34714557854744	-3.54770743329463
			5.34714557854744	-3.53917929042614
			5.35567372141594	-3.53065114755764
			5.35567372141594	-3.52212300468914
			5.35567372141594	-3.51359486182065
			5.35567372141594	-3.50506671895215
			5.36420186428443	-3.49653857608365
			5.36420186428443	-3.48801043321516
			5.37273000715293	-3.47948229034666
			5.37273000715293	-3.47095414747816
			5.37273000715293	-3.46242600460967
			5.37273000715293	-3.45389786174117
			5.38125815002143	-3.44536971887267
			5.38125815002143	-3.43684157600418
			5.38978629288992	-3.42831343313568
			5.38978629288992	-3.41978529026718
			5.38978629288992	-3.41125714739869
			5.39831443575842	-3.40272900453019
			5.39831443575842	-3.39420086166169
			5.39831443575842	-3.38567271879319
			5.40684257862692	-3.3771445759247
			5.40684257862692	-3.3686164330562
			5.41537072149541	-3.3600882901877
			5.41537072149541	-3.35156014731921
			5.41537072149541	-3.34303200445071
			5.42389886436391	-3.33450386158221
			5.42389886436391	-3.32597571871372
			5.42389886436391	-3.31744757584522
			5.43242700723241	-3.30891943297672
			5.43242700723241	-3.30039129010823
			5.4409551501009	-3.29186314723973
			5.4409551501009	-3.28333500437123
			5.4409551501009	-3.27480686150274
			5.4494832929694	-3.26627871863424
			5.4494832929694	-3.25775057576574
			5.4494832929694	-3.24922243289725
			5.4580114358379	-3.24069429002875
			5.4580114358379	-3.23216614716025
			5.4580114358379	-3.22363800429176
			5.46653957870639	-3.21510986142326
			5.46653957870639	-3.20658171855476
			5.47506772157489	-3.19805357568627
			5.47506772157489	-3.18952543281777
			5.48359586444339	-3.18099728994927
			5.48359586444339	-3.17246914708078
			5.48359586444339	-3.16394100421228
			5.49212400731188	-3.15541286134378
			5.49212400731188	-3.14688471847529
			5.50065215018038	-3.13835657560679
			5.50065215018038	-3.12982843273829
			5.50065215018038	-3.1213002898698
			5.50918029304888	-3.1127721470013
			5.50918029304888	-3.1042440041328
			5.50918029304888	-3.09571586126431
			5.51770843591737	-3.08718771839581
			5.51770843591737	-3.07865957552731
			5.52623657878587	-3.07013143265882
			5.52623657878587	-3.06160328979032
			5.52623657878587	-3.05307514692182
			5.53476472165437	-3.04454700405333
			5.53476472165437	-3.03601886118483
			5.53476472165437	-3.02749071831633
			5.54329286452286	-3.02749071831633
			5.54329286452286	-3.01896257544784
			5.55182100739136	-3.01043443257934
			5.55182100739136	-3.00190628971084
			5.55182100739136	-2.99337814684235
			5.56034915025986	-2.98485000397385
			5.56034915025986	-2.97632186110535
			5.56887729312835	-2.96779371823686
			5.56887729312835	-2.95926557536836
			5.56887729312835	-2.95073743249986
			5.57740543599685	-2.94220928963137
			5.57740543599685	-2.93368114676287
			5.58593357886535	-2.92515300389437
			5.58593357886535	-2.91662486102588
			5.58593357886535	-2.90809671815738
			5.59446172173384	-2.89956857528888
			5.59446172173384	-2.89104043242039
			5.60298986460234	-2.88251228955189
			5.60298986460234	-2.87398414668339
			5.61151800747084	-2.8654560038149
			5.61151800747084	-2.8569278609464
			5.62004615033933	-2.8483997180779
			5.62004615033933	-2.83987157520941
			5.62857429320783	-2.83134343234091
			5.62857429320783	-2.82281528947241
			5.62857429320783	-2.81428714660391
			5.63710243607633	-2.80575900373542
			5.63710243607633	-2.79723086086692
			5.64563057894482	-2.78870271799842
			5.64563057894482	-2.78017457512993
			5.65415872181332	-2.77164643226143
			5.65415872181332	-2.76311828939293
			5.66268686468182	-2.75459014652444
			5.66268686468182	-2.74606200365594
			5.67121500755031	-2.73753386078744
			5.67121500755031	-2.72900571791895
			5.67974315041881	-2.72047757505045
			5.67974315041881	-2.71194943218195
			5.68827129328731	-2.70342128931346
			5.68827129328731	-2.69489314644496
			5.6967994361558	-2.68636500357646
			5.6967994361558	-2.67783686070797
			5.7053275790243	-2.66930871783947
			5.7138557218928	-2.66078057497097
			5.72238386476129	-2.65225243210248
			5.72238386476129	-2.64372428923398
			5.73091200762979	-2.63519614636548
			5.73091200762979	-2.62666800349699
			5.73944015049829	-2.61813986062849
			5.74796829336678	-2.60961171775999
			5.75649643623528	-2.6010835748915
			5.76502457910378	-2.592555432023
			5.77355272197227	-2.592555432023
		</curveLM12>
	</curves.scaled>
	<ruler.points type=matrix rownames=TRUE colnames=FALSE nrow=5 ncol=2 as.numeric=TRUE >
		Ruler point 1	210	814
		Ruler point 2	327	815
		Ruler point 3	443	815
		Ruler point 4	562	815
		Ruler point 5	679	815
	</ruler.points>
</shapes>

