<shapes type=list>
	<ruler.pixel type=vector names=FALSE length=1 as.numeric=TRUE >117.5009569616</ruler.pixel>
	<ruler.interval type=vector names=FALSE length=1 as.numeric=TRUE >1</ruler.interval>
	<scaling.units type=vector names=FALSE length=1 as.numeric=FALSE >cm</scaling.units>
	<scaling type=vector names=FALSE length=1 as.numeric=TRUE >0.00851056898478545</scaling>
	<landmarks.pixel type=matrix rownames=TRUE colnames=FALSE nrow=6 ncol=2 as.numeric=TRUE >
		LM01	682	304
		LM02	762	586
		LM03	713	555
		LM04	683	603
		LM05	657	561
		LM06	611	567
	</landmarks.pixel>
	<landmarks.scaled type=matrix rownames=TRUE colnames=FALSE nrow=6 ncol=2 as.numeric=TRUE >
		LM01	5.80420804762368	-2.58721297137478
		LM02	6.48505356640651	-4.98719342508427
		LM03	6.06803568615203	-4.72336578655592
		LM04	5.81271861660846	-5.13187309782563
		LM05	5.59144382300404	-4.77442920046464
		LM06	5.19995764970391	-4.82549261437335
	</landmarks.scaled>
	<curves.control type=list>
		<curveLM07 type=matrix rownames=FALSE colnames=FALSE nrow=7 ncol=2 as.numeric=TRUE >
			682	304
			697	305
			731	426
			749	495
			757	538
			765	582
			762	586
		</curveLM07>
		<curveLM08 type=matrix rownames=FALSE colnames=FALSE nrow=5 ncol=2 as.numeric=TRUE >
			762	586
			752	588
			735	575
			721	553
			713	555
		</curveLM08>
		<curveLM09 type=matrix rownames=FALSE colnames=FALSE nrow=5 ncol=2 as.numeric=TRUE >
			713	555
			701	561
			701	572
			692	607
			683	603
		</curveLM09>
		<curveLM10 type=matrix rownames=FALSE colnames=FALSE nrow=5 ncol=2 as.numeric=TRUE >
			683	603
			672	603
			666	578
			666	564
			657	561
		</curveLM10>
		<curveLM11 type=matrix rownames=FALSE colnames=FALSE nrow=5 ncol=2 as.numeric=TRUE >
			657	561
			645	557
			629	568
			616	572
			611	567
		</curveLM11>
		<curveLM12 type=matrix rownames=FALSE colnames=FALSE nrow=9 ncol=2 as.numeric=TRUE >
			611	567
			606	559
			618	503
			624	476
			630	450
			650	372
			667	326
			679	305
			682	304
		</curveLM12>
	</curves.control>
	<curves.pixel type=list>
		<curveLM07 type=matrix rownames=FALSE colnames=FALSE nrow=289 ncol=2 as.numeric=TRUE >
			682	304
			683	304
			684	305
			685	305
			686	306
			687	307
			688	308
			689	309
			690	310
			690	311
			691	312
			691	313
			692	314
			693	315
			693	316
			694	317
			694	318
			695	319
			695	320
			695	321
			696	322
			697	323
			697	324
			698	325
			698	326
			699	327
			699	328
			699	329
			700	330
			700	331
			701	332
			701	333
			702	334
			702	335
			702	336
			703	337
			703	338
			703	339
			704	340
			704	341
			705	342
			705	343
			705	344
			706	345
			706	346
			706	347
			707	348
			707	349
			707	350
			708	351
			708	352
			709	353
			709	354
			709	355
			709	356
			710	356
			710	357
			710	358
			711	359
			711	360
			711	361
			711	362
			712	363
			712	364
			712	365
			713	365
			713	366
			713	367
			714	368
			714	369
			714	370
			715	371
			715	372
			715	373
			716	374
			716	375
			716	376
			717	377
			717	378
			717	379
			717	380
			718	381
			718	382
			718	383
			719	384
			719	385
			719	386
			720	387
			720	388
			720	389
			720	390
			721	391
			721	392
			721	393
			722	394
			722	395
			722	396
			723	397
			723	398
			723	399
			724	400
			724	401
			724	402
			724	403
			725	404
			725	405
			725	406
			726	407
			726	408
			726	409
			726	410
			727	411
			727	412
			727	413
			728	414
			728	415
			728	416
			729	417
			729	418
			729	419
			729	420
			730	421
			730	422
			730	423
			730	424
			731	425
			731	426
			731	427
			731	428
			732	429
			732	430
			732	431
			733	432
			733	433
			733	434
			733	435
			734	436
			734	437
			734	438
			734	439
			735	440
			735	441
			735	442
			735	443
			736	444
			736	445
			736	446
			736	447
			737	448
			737	449
			737	450
			737	451
			738	451
			738	452
			738	453
			738	454
			738	455
			739	456
			739	457
			739	458
			739	459
			740	459
			740	460
			740	461
			740	462
			740	463
			741	464
			741	465
			741	466
			741	467
			742	468
			742	469
			742	470
			742	471
			743	472
			743	473
			743	474
			743	475
			744	476
			744	477
			744	478
			744	479
			745	480
			745	481
			745	482
			745	483
			745	484
			746	485
			746	486
			746	487
			746	488
			747	489
			747	490
			747	491
			747	492
			747	493
			748	494
			748	495
			748	496
			748	497
			749	498
			749	499
			749	500
			749	501
			750	502
			750	503
			750	504
			750	505
			750	506
			751	507
			751	508
			751	509
			751	510
			752	511
			752	512
			752	513
			752	514
			752	515
			753	516
			753	517
			753	518
			753	519
			753	520
			754	521
			754	522
			754	523
			754	524
			755	525
			755	526
			755	527
			755	528
			755	529
			756	530
			756	531
			756	532
			756	533
			756	534
			756	535
			757	536
			757	537
			757	538
			757	539
			757	540
			758	541
			758	542
			758	543
			758	544
			758	545
			758	546
			759	547
			759	548
			759	549
			759	550
			759	551
			759	552
			760	553
			760	554
			760	555
			760	556
			760	557
			760	558
			761	559
			761	560
			761	561
			761	562
			761	563
			761	564
			761	565
			762	566
			762	567
			762	568
			762	569
			762	570
			762	571
			762	572
			762	573
			762	574
			763	575
			763	576
			763	577
			763	578
			763	579
			763	580
			763	581
			763	582
			763	583
			763	584
			762	585
			762	586
		</curveLM07>
		<curveLM08 type=matrix rownames=FALSE colnames=FALSE nrow=57 ncol=2 as.numeric=TRUE >
			762	586
			761	586
			760	586
			759	586
			758	586
			757	586
			756	586
			755	586
			754	585
			753	585
			752	585
			751	584
			750	584
			749	584
			748	583
			747	583
			746	582
			745	582
			744	581
			743	581
			742	580
			741	580
			740	579
			740	578
			739	578
			738	577
			737	576
			736	576
			735	575
			734	574
			734	573
			733	572
			732	571
			731	570
			731	569
			730	568
			730	567
			729	567
			729	566
			728	565
			727	564
			726	563
			725	562
			724	561
			723	560
			722	559
			722	558
			721	558
			720	557
			719	556
			718	556
			717	556
			717	555
			716	555
			715	555
			714	555
			713	555
		</curveLM08>
		<curveLM09 type=matrix rownames=FALSE colnames=FALSE nrow=61 ncol=2 as.numeric=TRUE >
			713	555
			712	555
			711	556
			710	557
			709	558
			708	559
			707	559
			706	560
			705	561
			704	562
			703	563
			703	564
			703	565
			702	566
			702	567
			702	568
			701	568
			701	569
			701	570
			701	571
			701	572
			701	573
			701	574
			700	574
			700	575
			700	576
			700	577
			699	578
			699	579
			699	580
			699	581
			698	581
			698	582
			698	583
			698	584
			697	584
			697	585
			697	586
			697	587
			696	588
			696	589
			695	590
			695	591
			694	592
			694	593
			693	594
			693	595
			693	596
			692	597
			692	598
			691	598
			691	599
			690	600
			690	601
			689	602
			688	602
			687	603
			686	603
			685	603
			684	603
			683	603
		</curveLM09>
		<curveLM10 type=matrix rownames=FALSE colnames=FALSE nrow=51 ncol=2 as.numeric=TRUE >
			683	603
			682	603
			681	603
			680	602
			679	602
			678	602
			677	601
			676	600
			675	599
			674	598
			673	597
			673	596
			672	595
			672	594
			671	593
			671	592
			670	591
			670	590
			669	589
			669	588
			669	587
			668	587
			668	586
			668	585
			668	584
			667	583
			667	582
			667	581
			666	580
			666	579
			666	578
			666	577
			666	576
			666	575
			666	574
			666	573
			666	572
			665	572
			665	571
			665	570
			665	569
			664	568
			664	567
			663	566
			663	565
			662	564
			661	563
			660	562
			659	562
			658	562
			657	561
		</curveLM10>
		<curveLM11 type=matrix rownames=FALSE colnames=FALSE nrow=48 ncol=2 as.numeric=TRUE >
			657	561
			656	561
			655	560
			654	560
			653	560
			652	560
			651	560
			650	560
			649	560
			648	560
			647	560
			646	560
			645	561
			644	561
			643	561
			642	561
			641	562
			640	562
			639	562
			638	563
			637	563
			636	564
			635	565
			634	565
			633	565
			633	566
			632	566
			631	567
			630	567
			629	568
			628	568
			627	569
			626	569
			625	569
			624	569
			623	569
			622	570
			621	570
			620	570
			619	570
			618	570
			617	570
			616	570
			615	569
			614	569
			613	568
			612	568
			611	567
		</curveLM11>
		<curveLM12 type=matrix rownames=FALSE colnames=FALSE nrow=271 ncol=2 as.numeric=TRUE >
			611	567
			611	566
			610	566
			610	565
			610	564
			610	563
			610	562
			610	561
			610	560
			610	559
			610	558
			610	557
			610	556
			610	555
			610	554
			610	553
			610	552
			610	551
			610	550
			610	549
			610	548
			610	547
			610	546
			610	545
			611	544
			611	543
			611	542
			611	541
			611	540
			611	539
			611	538
			612	537
			612	536
			612	535
			612	534
			612	533
			612	532
			613	531
			613	530
			613	529
			613	528
			613	527
			613	526
			614	525
			614	524
			614	523
			614	522
			614	521
			615	520
			615	519
			615	518
			615	517
			615	516
			616	515
			616	514
			616	513
			616	512
			616	511
			617	510
			617	509
			617	508
			617	507
			617	506
			618	505
			618	504
			618	503
			618	502
			618	501
			619	500
			619	499
			619	498
			619	497
			620	496
			620	495
			620	494
			620	493
			620	492
			621	491
			621	490
			621	489
			621	488
			622	487
			622	486
			622	485
			622	484
			622	483
			623	482
			623	481
			623	480
			623	479
			624	478
			624	477
			624	476
			624	475
			624	474
			625	473
			625	472
			625	471
			625	470
			626	470
			626	469
			626	468
			626	467
			626	466
			627	465
			627	464
			627	463
			627	462
			628	461
			628	460
			628	459
			628	458
			628	457
			629	456
			629	455
			629	454
			629	453
			629	452
			630	451
			630	450
			630	449
			631	448
			631	447
			631	446
			631	445
			632	444
			632	443
			632	442
			632	441
			633	440
			633	439
			633	438
			633	437
			634	436
			634	435
			634	434
			634	433
			635	432
			635	431
			635	430
			636	429
			636	428
			636	427
			636	426
			637	425
			637	424
			637	423
			637	422
			638	421
			638	420
			638	419
			638	418
			639	417
			639	416
			639	415
			639	414
			640	413
			640	412
			640	411
			641	410
			641	409
			641	408
			641	407
			642	406
			642	405
			642	404
			643	403
			643	402
			643	401
			643	400
			644	399
			644	398
			644	397
			645	396
			645	395
			645	394
			645	393
			646	393
			646	392
			646	391
			646	390
			647	389
			647	388
			647	387
			647	386
			648	385
			648	384
			648	383
			649	382
			649	381
			649	380
			650	379
			650	378
			650	377
			651	376
			651	375
			651	374
			651	373
			652	372
			652	371
			652	370
			652	369
			653	369
			653	368
			653	367
			653	366
			654	365
			654	364
			655	363
			655	362
			655	361
			655	360
			656	359
			656	358
			656	357
			657	356
			657	355
			657	354
			658	353
			658	352
			658	351
			659	350
			659	349
			659	348
			660	347
			660	346
			660	345
			661	344
			661	343
			661	342
			662	341
			662	340
			662	339
			663	338
			663	337
			663	336
			664	335
			664	334
			665	333
			665	332
			665	331
			665	330
			666	329
			666	328
			667	327
			667	326
			668	325
			668	324
			668	323
			669	323
			669	322
			670	321
			670	320
			671	319
			672	318
			672	317
			673	316
			673	315
			674	315
			674	314
			675	313
			675	312
			676	311
			677	310
			677	309
			678	308
			679	307
			680	306
			681	305
			681	304
			682	304
		</curveLM12>
	</curves.pixel>
	<curves.scaled type=list>
		<curveLM07 type=matrix rownames=FALSE colnames=FALSE nrow=289 ncol=2 as.numeric=TRUE >
			5.80420804762368	-2.58721297137478
			5.81271861660846	-2.58721297137478
			5.82122918559325	-2.59572354035956
			5.82973975457803	-2.59572354035956
			5.83825032356282	-2.60423410934435
			5.8467608925476	-2.61274467832913
			5.85527146153239	-2.62125524731392
			5.86378203051717	-2.6297658162987
			5.87229259950196	-2.63827638528349
			5.87229259950196	-2.64678695426827
			5.88080316848675	-2.65529752325306
			5.88080316848675	-2.66380809223785
			5.88931373747153	-2.67231866122263
			5.89782430645632	-2.68082923020742
			5.89782430645632	-2.6893397991922
			5.9063348754411	-2.69785036817699
			5.9063348754411	-2.70636093716177
			5.91484544442589	-2.71487150614656
			5.91484544442589	-2.72338207513134
			5.91484544442589	-2.73189264411613
			5.92335601341067	-2.74040321310091
			5.93186658239546	-2.7489137820857
			5.93186658239546	-2.75742435107049
			5.94037715138024	-2.76593492005527
			5.94037715138024	-2.77444548904006
			5.94888772036503	-2.78295605802484
			5.94888772036503	-2.79146662700963
			5.94888772036503	-2.79997719599441
			5.95739828934981	-2.8084877649792
			5.95739828934981	-2.81699833396398
			5.9659088583346	-2.82550890294877
			5.9659088583346	-2.83401947193355
			5.97441942731939	-2.84253004091834
			5.97441942731939	-2.85104060990313
			5.97441942731939	-2.85955117888791
			5.98292999630417	-2.8680617478727
			5.98292999630417	-2.87657231685748
			5.98292999630417	-2.88508288584227
			5.99144056528896	-2.89359345482705
			5.99144056528896	-2.90210402381184
			5.99995113427374	-2.91061459279662
			5.99995113427374	-2.91912516178141
			5.99995113427374	-2.92763573076619
			6.00846170325853	-2.93614629975098
			6.00846170325853	-2.94465686873577
			6.00846170325853	-2.95316743772055
			6.01697227224331	-2.96167800670534
			6.01697227224331	-2.97018857569012
			6.01697227224331	-2.97869914467491
			6.0254828412281	-2.98720971365969
			6.0254828412281	-2.99572028264448
			6.03399341021288	-3.00423085162926
			6.03399341021288	-3.01274142061405
			6.03399341021288	-3.02125198959883
			6.03399341021288	-3.02976255858362
			6.04250397919767	-3.02976255858362
			6.04250397919767	-3.03827312756841
			6.04250397919767	-3.04678369655319
			6.05101454818245	-3.05529426553798
			6.05101454818245	-3.06380483452276
			6.05101454818245	-3.07231540350755
			6.05101454818245	-3.08082597249233
			6.05952511716724	-3.08933654147712
			6.05952511716724	-3.0978471104619
			6.05952511716724	-3.10635767944669
			6.06803568615203	-3.10635767944669
			6.06803568615203	-3.11486824843147
			6.06803568615203	-3.12337881741626
			6.07654625513681	-3.13188938640105
			6.07654625513681	-3.14039995538583
			6.07654625513681	-3.14891052437062
			6.0850568241216	-3.1574210933554
			6.0850568241216	-3.16593166234019
			6.0850568241216	-3.17444223132497
			6.09356739310638	-3.18295280030976
			6.09356739310638	-3.19146336929454
			6.09356739310638	-3.19997393827933
			6.10207796209117	-3.20848450726411
			6.10207796209117	-3.2169950762489
			6.10207796209117	-3.22550564523369
			6.10207796209117	-3.23401621421847
			6.11058853107595	-3.24252678320326
			6.11058853107595	-3.25103735218804
			6.11058853107595	-3.25954792117283
			6.11909910006074	-3.26805849015761
			6.11909910006074	-3.2765690591424
			6.11909910006074	-3.28507962812718
			6.12760966904552	-3.29359019711197
			6.12760966904552	-3.30210076609675
			6.12760966904552	-3.31061133508154
			6.12760966904552	-3.31912190406632
			6.13612023803031	-3.32763247305111
			6.13612023803031	-3.3361430420359
			6.13612023803031	-3.34465361102068
			6.14463080701509	-3.35316418000547
			6.14463080701509	-3.36167474899025
			6.14463080701509	-3.37018531797504
			6.15314137599988	-3.37869588695982
			6.15314137599988	-3.38720645594461
			6.15314137599988	-3.39571702492939
			6.16165194498466	-3.40422759391418
			6.16165194498466	-3.41273816289897
			6.16165194498466	-3.42124873188375
			6.16165194498466	-3.42975930086854
			6.17016251396945	-3.43826986985332
			6.17016251396945	-3.44678043883811
			6.17016251396945	-3.45529100782289
			6.17867308295424	-3.46380157680768
			6.17867308295424	-3.47231214579246
			6.17867308295424	-3.48082271477725
			6.17867308295424	-3.48933328376203
			6.18718365193902	-3.49784385274682
			6.18718365193902	-3.50635442173161
			6.18718365193902	-3.51486499071639
			6.19569422092381	-3.52337555970118
			6.19569422092381	-3.53188612868596
			6.19569422092381	-3.54039669767075
			6.20420478990859	-3.54890726665553
			6.20420478990859	-3.55741783564032
			6.20420478990859	-3.5659284046251
			6.20420478990859	-3.57443897360989
			6.21271535889338	-3.58294954259467
			6.21271535889338	-3.59146011157946
			6.21271535889338	-3.59997068056424
			6.21271535889338	-3.60848124954903
			6.22122592787816	-3.61699181853382
			6.22122592787816	-3.6255023875186
			6.22122592787816	-3.63401295650339
			6.22122592787816	-3.64252352548817
			6.22973649686295	-3.65103409447296
			6.22973649686295	-3.65954466345774
			6.22973649686295	-3.66805523244253
			6.23824706584773	-3.67656580142731
			6.23824706584773	-3.6850763704121
			6.23824706584773	-3.69358693939688
			6.23824706584773	-3.70209750838167
			6.24675763483252	-3.71060807736646
			6.24675763483252	-3.71911864635124
			6.24675763483252	-3.72762921533603
			6.24675763483252	-3.73613978432081
			6.25526820381731	-3.7446503533056
			6.25526820381731	-3.75316092229038
			6.25526820381731	-3.76167149127517
			6.25526820381731	-3.77018206025995
			6.26377877280209	-3.77869262924474
			6.26377877280209	-3.78720319822952
			6.26377877280209	-3.79571376721431
			6.26377877280209	-3.8042243361991
			6.27228934178688	-3.81273490518388
			6.27228934178688	-3.82124547416867
			6.27228934178688	-3.82975604315345
			6.27228934178688	-3.83826661213824
			6.28079991077166	-3.83826661213824
			6.28079991077166	-3.84677718112302
			6.28079991077166	-3.85528775010781
			6.28079991077166	-3.86379831909259
			6.28079991077166	-3.87230888807738
			6.28931047975645	-3.88081945706216
			6.28931047975645	-3.88933002604695
			6.28931047975645	-3.89784059503174
			6.28931047975645	-3.90635116401652
			6.29782104874123	-3.90635116401652
			6.29782104874123	-3.91486173300131
			6.29782104874123	-3.92337230198609
			6.29782104874123	-3.93188287097088
			6.29782104874123	-3.94039343995566
			6.30633161772602	-3.94890400894045
			6.30633161772602	-3.95741457792523
			6.30633161772602	-3.96592514691002
			6.30633161772602	-3.9744357158948
			6.3148421867108	-3.98294628487959
			6.3148421867108	-3.99145685386438
			6.3148421867108	-3.99996742284916
			6.3148421867108	-4.00847799183395
			6.32335275569559	-4.01698856081873
			6.32335275569559	-4.02549912980352
			6.32335275569559	-4.0340096987883
			6.32335275569559	-4.04252026777309
			6.33186332468037	-4.05103083675787
			6.33186332468037	-4.05954140574266
			6.33186332468037	-4.06805197472744
			6.33186332468037	-4.07656254371223
			6.34037389366516	-4.08507311269702
			6.34037389366516	-4.0935836816818
			6.34037389366516	-4.10209425066659
			6.34037389366516	-4.11060481965137
			6.34037389366516	-4.11911538863616
			6.34888446264994	-4.12762595762094
			6.34888446264994	-4.13613652660573
			6.34888446264994	-4.14464709559051
			6.34888446264994	-4.1531576645753
			6.35739503163473	-4.16166823356008
			6.35739503163473	-4.17017880254487
			6.35739503163473	-4.17868937152966
			6.35739503163473	-4.18719994051444
			6.35739503163473	-4.19571050949923
			6.36590560061952	-4.20422107848401
			6.36590560061952	-4.2127316474688
			6.36590560061952	-4.22124221645358
			6.36590560061952	-4.22975278543837
			6.3744161696043	-4.23826335442315
			6.3744161696043	-4.24677392340794
			6.3744161696043	-4.25528449239272
			6.3744161696043	-4.26379506137751
			6.38292673858909	-4.2723056303623
			6.38292673858909	-4.28081619934708
			6.38292673858909	-4.28932676833187
			6.38292673858909	-4.29783733731665
			6.38292673858909	-4.30634790630144
			6.39143730757387	-4.31485847528622
			6.39143730757387	-4.32336904427101
			6.39143730757387	-4.33187961325579
			6.39143730757387	-4.34039018224058
			6.39994787655866	-4.34890075122536
			6.39994787655866	-4.35741132021015
			6.39994787655866	-4.36592188919494
			6.39994787655866	-4.37443245817972
			6.39994787655866	-4.38294302716451
			6.40845844554344	-4.39145359614929
			6.40845844554344	-4.39996416513408
			6.40845844554344	-4.40847473411886
			6.40845844554344	-4.41698530310365
			6.40845844554344	-4.42549587208843
			6.41696901452823	-4.43400644107322
			6.41696901452823	-4.442517010058
			6.41696901452823	-4.45102757904279
			6.41696901452823	-4.45953814802758
			6.42547958351301	-4.46804871701236
			6.42547958351301	-4.47655928599715
			6.42547958351301	-4.48506985498193
			6.42547958351301	-4.49358042396672
			6.42547958351301	-4.5020909929515
			6.4339901524978	-4.51060156193629
			6.4339901524978	-4.51911213092107
			6.4339901524978	-4.52762269990586
			6.4339901524978	-4.53613326889064
			6.4339901524978	-4.54464383787543
			6.4339901524978	-4.55315440686021
			6.44250072148258	-4.561664975845
			6.44250072148258	-4.57017554482979
			6.44250072148258	-4.57868611381457
			6.44250072148258	-4.58719668279936
			6.44250072148258	-4.59570725178414
			6.45101129046737	-4.60421782076893
			6.45101129046737	-4.61272838975371
			6.45101129046737	-4.6212389587385
			6.45101129046737	-4.62974952772328
			6.45101129046737	-4.63826009670807
			6.45101129046737	-4.64677066569286
			6.45952185945216	-4.65528123467764
			6.45952185945216	-4.66379180366243
			6.45952185945216	-4.67230237264721
			6.45952185945216	-4.680812941632
			6.45952185945216	-4.68932351061678
			6.45952185945216	-4.69783407960157
			6.46803242843694	-4.70634464858635
			6.46803242843694	-4.71485521757114
			6.46803242843694	-4.72336578655592
			6.46803242843694	-4.73187635554071
			6.46803242843694	-4.7403869245255
			6.46803242843694	-4.74889749351028
			6.47654299742173	-4.75740806249507
			6.47654299742173	-4.76591863147985
			6.47654299742173	-4.77442920046464
			6.47654299742173	-4.78293976944942
			6.47654299742173	-4.79145033843421
			6.47654299742173	-4.79996090741899
			6.47654299742173	-4.80847147640378
			6.48505356640651	-4.81698204538856
			6.48505356640651	-4.82549261437335
			6.48505356640651	-4.83400318335813
			6.48505356640651	-4.84251375234292
			6.48505356640651	-4.85102432132771
			6.48505356640651	-4.85953489031249
			6.48505356640651	-4.86804545929728
			6.48505356640651	-4.87655602828206
			6.48505356640651	-4.88506659726685
			6.4935641353913	-4.89357716625163
			6.4935641353913	-4.90208773523642
			6.4935641353913	-4.9105983042212
			6.4935641353913	-4.91910887320599
			6.4935641353913	-4.92761944219077
			6.4935641353913	-4.93613001117556
			6.4935641353913	-4.94464058016035
			6.4935641353913	-4.95315114914513
			6.4935641353913	-4.96166171812992
			6.4935641353913	-4.9701722871147
			6.48505356640651	-4.97868285609949
			6.48505356640651	-4.98719342508427
		</curveLM07>
		<curveLM08 type=matrix rownames=FALSE colnames=FALSE nrow=57 ncol=2 as.numeric=TRUE >
			6.48505356640651	-4.98719342508427
			6.47654299742173	-4.98719342508427
			6.46803242843694	-4.98719342508427
			6.45952185945216	-4.98719342508427
			6.45101129046737	-4.98719342508427
			6.44250072148258	-4.98719342508427
			6.4339901524978	-4.98719342508427
			6.42547958351301	-4.98719342508427
			6.41696901452823	-4.97868285609949
			6.40845844554344	-4.97868285609949
			6.39994787655866	-4.97868285609949
			6.39143730757387	-4.9701722871147
			6.38292673858909	-4.9701722871147
			6.3744161696043	-4.9701722871147
			6.36590560061952	-4.96166171812992
			6.35739503163473	-4.96166171812992
			6.34888446264994	-4.95315114914513
			6.34037389366516	-4.95315114914513
			6.33186332468037	-4.94464058016035
			6.32335275569559	-4.94464058016035
			6.3148421867108	-4.93613001117556
			6.30633161772602	-4.93613001117556
			6.29782104874123	-4.92761944219077
			6.29782104874123	-4.91910887320599
			6.28931047975645	-4.91910887320599
			6.28079991077166	-4.9105983042212
			6.27228934178688	-4.90208773523642
			6.26377877280209	-4.90208773523642
			6.25526820381731	-4.89357716625163
			6.24675763483252	-4.88506659726685
			6.24675763483252	-4.87655602828206
			6.23824706584773	-4.86804545929728
			6.22973649686295	-4.85953489031249
			6.22122592787816	-4.85102432132771
			6.22122592787816	-4.84251375234292
			6.21271535889338	-4.83400318335813
			6.21271535889338	-4.82549261437335
			6.20420478990859	-4.82549261437335
			6.20420478990859	-4.81698204538856
			6.19569422092381	-4.80847147640378
			6.18718365193902	-4.79996090741899
			6.17867308295424	-4.79145033843421
			6.17016251396945	-4.78293976944942
			6.16165194498466	-4.77442920046464
			6.15314137599988	-4.76591863147985
			6.14463080701509	-4.75740806249507
			6.14463080701509	-4.74889749351028
			6.13612023803031	-4.74889749351028
			6.12760966904552	-4.7403869245255
			6.11909910006074	-4.73187635554071
			6.11058853107595	-4.73187635554071
			6.10207796209117	-4.73187635554071
			6.10207796209117	-4.72336578655592
			6.09356739310638	-4.72336578655592
			6.0850568241216	-4.72336578655592
			6.07654625513681	-4.72336578655592
			6.06803568615203	-4.72336578655592
		</curveLM08>
		<curveLM09 type=matrix rownames=FALSE colnames=FALSE nrow=61 ncol=2 as.numeric=TRUE >
			6.06803568615203	-4.72336578655592
			6.05952511716724	-4.72336578655592
			6.05101454818245	-4.73187635554071
			6.04250397919767	-4.7403869245255
			6.03399341021288	-4.74889749351028
			6.0254828412281	-4.75740806249507
			6.01697227224331	-4.75740806249507
			6.00846170325853	-4.76591863147985
			5.99995113427374	-4.77442920046464
			5.99144056528896	-4.78293976944942
			5.98292999630417	-4.79145033843421
			5.98292999630417	-4.79996090741899
			5.98292999630417	-4.80847147640378
			5.97441942731939	-4.81698204538856
			5.97441942731939	-4.82549261437335
			5.97441942731939	-4.83400318335813
			5.9659088583346	-4.83400318335813
			5.9659088583346	-4.84251375234292
			5.9659088583346	-4.85102432132771
			5.9659088583346	-4.85953489031249
			5.9659088583346	-4.86804545929728
			5.9659088583346	-4.87655602828206
			5.9659088583346	-4.88506659726685
			5.95739828934981	-4.88506659726685
			5.95739828934981	-4.89357716625163
			5.95739828934981	-4.90208773523642
			5.95739828934981	-4.9105983042212
			5.94888772036503	-4.91910887320599
			5.94888772036503	-4.92761944219077
			5.94888772036503	-4.93613001117556
			5.94888772036503	-4.94464058016035
			5.94037715138024	-4.94464058016035
			5.94037715138024	-4.95315114914513
			5.94037715138024	-4.96166171812992
			5.94037715138024	-4.9701722871147
			5.93186658239546	-4.9701722871147
			5.93186658239546	-4.97868285609949
			5.93186658239546	-4.98719342508427
			5.93186658239546	-4.99570399406906
			5.92335601341067	-5.00421456305384
			5.92335601341067	-5.01272513203863
			5.91484544442589	-5.02123570102342
			5.91484544442589	-5.0297462700082
			5.9063348754411	-5.03825683899299
			5.9063348754411	-5.04676740797777
			5.89782430645632	-5.05527797696256
			5.89782430645632	-5.06378854594734
			5.89782430645632	-5.07229911493213
			5.88931373747153	-5.08080968391691
			5.88931373747153	-5.0893202529017
			5.88080316848675	-5.0893202529017
			5.88080316848675	-5.09783082188648
			5.87229259950196	-5.10634139087127
			5.87229259950196	-5.11485195985605
			5.86378203051717	-5.12336252884084
			5.85527146153239	-5.12336252884084
			5.8467608925476	-5.13187309782563
			5.83825032356282	-5.13187309782563
			5.82973975457803	-5.13187309782563
			5.82122918559325	-5.13187309782563
			5.81271861660846	-5.13187309782563
		</curveLM09>
		<curveLM10 type=matrix rownames=FALSE colnames=FALSE nrow=51 ncol=2 as.numeric=TRUE >
			5.81271861660846	-5.13187309782563
			5.80420804762368	-5.13187309782563
			5.79569747863889	-5.13187309782563
			5.78718690965411	-5.12336252884084
			5.77867634066932	-5.12336252884084
			5.77016577168453	-5.12336252884084
			5.76165520269975	-5.11485195985605
			5.75314463371496	-5.10634139087127
			5.74463406473018	-5.09783082188648
			5.73612349574539	-5.0893202529017
			5.72761292676061	-5.08080968391691
			5.72761292676061	-5.07229911493213
			5.71910235777582	-5.06378854594734
			5.71910235777582	-5.05527797696256
			5.71059178879104	-5.04676740797777
			5.71059178879104	-5.03825683899299
			5.70208121980625	-5.0297462700082
			5.70208121980625	-5.02123570102342
			5.69357065082147	-5.01272513203863
			5.69357065082147	-5.00421456305384
			5.69357065082147	-4.99570399406906
			5.68506008183668	-4.99570399406906
			5.68506008183668	-4.98719342508427
			5.68506008183668	-4.97868285609949
			5.68506008183668	-4.9701722871147
			5.67654951285189	-4.96166171812992
			5.67654951285189	-4.95315114914513
			5.67654951285189	-4.94464058016035
			5.66803894386711	-4.93613001117556
			5.66803894386711	-4.92761944219077
			5.66803894386711	-4.91910887320599
			5.66803894386711	-4.9105983042212
			5.66803894386711	-4.90208773523642
			5.66803894386711	-4.89357716625163
			5.66803894386711	-4.88506659726685
			5.66803894386711	-4.87655602828206
			5.66803894386711	-4.86804545929728
			5.65952837488232	-4.86804545929728
			5.65952837488232	-4.85953489031249
			5.65952837488232	-4.85102432132771
			5.65952837488232	-4.84251375234292
			5.65101780589754	-4.83400318335813
			5.65101780589754	-4.82549261437335
			5.64250723691275	-4.81698204538856
			5.64250723691275	-4.80847147640378
			5.63399666792797	-4.79996090741899
			5.62548609894318	-4.79145033843421
			5.6169755299584	-4.78293976944942
			5.60846496097361	-4.78293976944942
			5.59995439198883	-4.78293976944942
			5.59144382300404	-4.77442920046464
		</curveLM10>
		<curveLM11 type=matrix rownames=FALSE colnames=FALSE nrow=48 ncol=2 as.numeric=TRUE >
			5.59144382300404	-4.77442920046464
			5.58293325401925	-4.77442920046464
			5.57442268503447	-4.76591863147985
			5.56591211604968	-4.76591863147985
			5.5574015470649	-4.76591863147985
			5.54889097808011	-4.76591863147985
			5.54038040909533	-4.76591863147985
			5.53186984011054	-4.76591863147985
			5.52335927112576	-4.76591863147985
			5.51484870214097	-4.76591863147985
			5.50633813315619	-4.76591863147985
			5.4978275641714	-4.76591863147985
			5.48931699518661	-4.77442920046464
			5.48080642620183	-4.77442920046464
			5.47229585721704	-4.77442920046464
			5.46378528823226	-4.77442920046464
			5.45527471924747	-4.78293976944942
			5.44676415026269	-4.78293976944942
			5.4382535812779	-4.78293976944942
			5.42974301229312	-4.79145033843421
			5.42123244330833	-4.79145033843421
			5.41272187432355	-4.79996090741899
			5.40421130533876	-4.80847147640378
			5.39570073635397	-4.80847147640378
			5.38719016736919	-4.80847147640378
			5.38719016736919	-4.81698204538856
			5.3786795983844	-4.81698204538856
			5.37016902939962	-4.82549261437335
			5.36165846041483	-4.82549261437335
			5.35314789143005	-4.83400318335813
			5.34463732244526	-4.83400318335813
			5.33612675346048	-4.84251375234292
			5.32761618447569	-4.84251375234292
			5.31910561549091	-4.84251375234292
			5.31059504650612	-4.84251375234292
			5.30208447752133	-4.84251375234292
			5.29357390853655	-4.85102432132771
			5.28506333955176	-4.85102432132771
			5.27655277056698	-4.85102432132771
			5.26804220158219	-4.85102432132771
			5.25953163259741	-4.85102432132771
			5.25102106361262	-4.85102432132771
			5.24251049462784	-4.85102432132771
			5.23399992564305	-4.84251375234292
			5.22548935665827	-4.84251375234292
			5.21697878767348	-4.83400318335813
			5.20846821868869	-4.83400318335813
			5.19995764970391	-4.82549261437335
		</curveLM11>
		<curveLM12 type=matrix rownames=FALSE colnames=FALSE nrow=271 ncol=2 as.numeric=TRUE >
			5.19995764970391	-4.82549261437335
			5.19995764970391	-4.81698204538856
			5.19144708071912	-4.81698204538856
			5.19144708071912	-4.80847147640378
			5.19144708071912	-4.79996090741899
			5.19144708071912	-4.79145033843421
			5.19144708071912	-4.78293976944942
			5.19144708071912	-4.77442920046464
			5.19144708071912	-4.76591863147985
			5.19144708071912	-4.75740806249507
			5.19144708071912	-4.74889749351028
			5.19144708071912	-4.7403869245255
			5.19144708071912	-4.73187635554071
			5.19144708071912	-4.72336578655592
			5.19144708071912	-4.71485521757114
			5.19144708071912	-4.70634464858635
			5.19144708071912	-4.69783407960157
			5.19144708071912	-4.68932351061678
			5.19144708071912	-4.680812941632
			5.19144708071912	-4.67230237264721
			5.19144708071912	-4.66379180366243
			5.19144708071912	-4.65528123467764
			5.19144708071912	-4.64677066569286
			5.19144708071912	-4.63826009670807
			5.19995764970391	-4.62974952772328
			5.19995764970391	-4.6212389587385
			5.19995764970391	-4.61272838975371
			5.19995764970391	-4.60421782076893
			5.19995764970391	-4.59570725178414
			5.19995764970391	-4.58719668279936
			5.19995764970391	-4.57868611381457
			5.20846821868869	-4.57017554482979
			5.20846821868869	-4.561664975845
			5.20846821868869	-4.55315440686021
			5.20846821868869	-4.54464383787543
			5.20846821868869	-4.53613326889064
			5.20846821868869	-4.52762269990586
			5.21697878767348	-4.51911213092107
			5.21697878767348	-4.51060156193629
			5.21697878767348	-4.5020909929515
			5.21697878767348	-4.49358042396672
			5.21697878767348	-4.48506985498193
			5.21697878767348	-4.47655928599715
			5.22548935665827	-4.46804871701236
			5.22548935665827	-4.45953814802758
			5.22548935665827	-4.45102757904279
			5.22548935665827	-4.442517010058
			5.22548935665827	-4.43400644107322
			5.23399992564305	-4.42549587208843
			5.23399992564305	-4.41698530310365
			5.23399992564305	-4.40847473411886
			5.23399992564305	-4.39996416513408
			5.23399992564305	-4.39145359614929
			5.24251049462784	-4.38294302716451
			5.24251049462784	-4.37443245817972
			5.24251049462784	-4.36592188919494
			5.24251049462784	-4.35741132021015
			5.24251049462784	-4.34890075122536
			5.25102106361262	-4.34039018224058
			5.25102106361262	-4.33187961325579
			5.25102106361262	-4.32336904427101
			5.25102106361262	-4.31485847528622
			5.25102106361262	-4.30634790630144
			5.25953163259741	-4.29783733731665
			5.25953163259741	-4.28932676833187
			5.25953163259741	-4.28081619934708
			5.25953163259741	-4.2723056303623
			5.25953163259741	-4.26379506137751
			5.26804220158219	-4.25528449239272
			5.26804220158219	-4.24677392340794
			5.26804220158219	-4.23826335442315
			5.26804220158219	-4.22975278543837
			5.27655277056698	-4.22124221645358
			5.27655277056698	-4.2127316474688
			5.27655277056698	-4.20422107848401
			5.27655277056698	-4.19571050949923
			5.27655277056698	-4.18719994051444
			5.28506333955176	-4.17868937152966
			5.28506333955176	-4.17017880254487
			5.28506333955176	-4.16166823356008
			5.28506333955176	-4.1531576645753
			5.29357390853655	-4.14464709559051
			5.29357390853655	-4.13613652660573
			5.29357390853655	-4.12762595762094
			5.29357390853655	-4.11911538863616
			5.29357390853655	-4.11060481965137
			5.30208447752133	-4.10209425066659
			5.30208447752133	-4.0935836816818
			5.30208447752133	-4.08507311269702
			5.30208447752133	-4.07656254371223
			5.31059504650612	-4.06805197472744
			5.31059504650612	-4.05954140574266
			5.31059504650612	-4.05103083675787
			5.31059504650612	-4.04252026777309
			5.31059504650612	-4.0340096987883
			5.31910561549091	-4.02549912980352
			5.31910561549091	-4.01698856081873
			5.31910561549091	-4.00847799183395
			5.31910561549091	-3.99996742284916
			5.32761618447569	-3.99996742284916
			5.32761618447569	-3.99145685386438
			5.32761618447569	-3.98294628487959
			5.32761618447569	-3.9744357158948
			5.32761618447569	-3.96592514691002
			5.33612675346048	-3.95741457792523
			5.33612675346048	-3.94890400894045
			5.33612675346048	-3.94039343995566
			5.33612675346048	-3.93188287097088
			5.34463732244526	-3.92337230198609
			5.34463732244526	-3.91486173300131
			5.34463732244526	-3.90635116401652
			5.34463732244526	-3.89784059503174
			5.34463732244526	-3.88933002604695
			5.35314789143005	-3.88081945706216
			5.35314789143005	-3.87230888807738
			5.35314789143005	-3.86379831909259
			5.35314789143005	-3.85528775010781
			5.35314789143005	-3.84677718112302
			5.36165846041483	-3.83826661213824
			5.36165846041483	-3.82975604315345
			5.36165846041483	-3.82124547416867
			5.37016902939962	-3.81273490518388
			5.37016902939962	-3.8042243361991
			5.37016902939962	-3.79571376721431
			5.37016902939962	-3.78720319822952
			5.3786795983844	-3.77869262924474
			5.3786795983844	-3.77018206025995
			5.3786795983844	-3.76167149127517
			5.3786795983844	-3.75316092229038
			5.38719016736919	-3.7446503533056
			5.38719016736919	-3.73613978432081
			5.38719016736919	-3.72762921533603
			5.38719016736919	-3.71911864635124
			5.39570073635397	-3.71060807736646
			5.39570073635397	-3.70209750838167
			5.39570073635397	-3.69358693939688
			5.39570073635397	-3.6850763704121
			5.40421130533876	-3.67656580142731
			5.40421130533876	-3.66805523244253
			5.40421130533876	-3.65954466345774
			5.41272187432355	-3.65103409447296
			5.41272187432355	-3.64252352548817
			5.41272187432355	-3.63401295650339
			5.41272187432355	-3.6255023875186
			5.42123244330833	-3.61699181853382
			5.42123244330833	-3.60848124954903
			5.42123244330833	-3.59997068056424
			5.42123244330833	-3.59146011157946
			5.42974301229312	-3.58294954259467
			5.42974301229312	-3.57443897360989
			5.42974301229312	-3.5659284046251
			5.42974301229312	-3.55741783564032
			5.4382535812779	-3.54890726665553
			5.4382535812779	-3.54039669767075
			5.4382535812779	-3.53188612868596
			5.4382535812779	-3.52337555970118
			5.44676415026269	-3.51486499071639
			5.44676415026269	-3.50635442173161
			5.44676415026269	-3.49784385274682
			5.45527471924747	-3.48933328376203
			5.45527471924747	-3.48082271477725
			5.45527471924747	-3.47231214579246
			5.45527471924747	-3.46380157680768
			5.46378528823226	-3.45529100782289
			5.46378528823226	-3.44678043883811
			5.46378528823226	-3.43826986985332
			5.47229585721704	-3.42975930086854
			5.47229585721704	-3.42124873188375
			5.47229585721704	-3.41273816289897
			5.47229585721704	-3.40422759391418
			5.48080642620183	-3.39571702492939
			5.48080642620183	-3.38720645594461
			5.48080642620183	-3.37869588695982
			5.48931699518661	-3.37018531797504
			5.48931699518661	-3.36167474899025
			5.48931699518661	-3.35316418000547
			5.48931699518661	-3.34465361102068
			5.4978275641714	-3.34465361102068
			5.4978275641714	-3.3361430420359
			5.4978275641714	-3.32763247305111
			5.4978275641714	-3.31912190406632
			5.50633813315619	-3.31061133508154
			5.50633813315619	-3.30210076609675
			5.50633813315619	-3.29359019711197
			5.50633813315619	-3.28507962812718
			5.51484870214097	-3.2765690591424
			5.51484870214097	-3.26805849015761
			5.51484870214097	-3.25954792117283
			5.52335927112576	-3.25103735218804
			5.52335927112576	-3.24252678320326
			5.52335927112576	-3.23401621421847
			5.53186984011054	-3.22550564523369
			5.53186984011054	-3.2169950762489
			5.53186984011054	-3.20848450726411
			5.54038040909533	-3.19997393827933
			5.54038040909533	-3.19146336929454
			5.54038040909533	-3.18295280030976
			5.54038040909533	-3.17444223132497
			5.54889097808011	-3.16593166234019
			5.54889097808011	-3.1574210933554
			5.54889097808011	-3.14891052437062
			5.54889097808011	-3.14039995538583
			5.5574015470649	-3.14039995538583
			5.5574015470649	-3.13188938640105
			5.5574015470649	-3.12337881741626
			5.5574015470649	-3.11486824843147
			5.56591211604968	-3.10635767944669
			5.56591211604968	-3.0978471104619
			5.57442268503447	-3.08933654147712
			5.57442268503447	-3.08082597249233
			5.57442268503447	-3.07231540350755
			5.57442268503447	-3.06380483452276
			5.58293325401925	-3.05529426553798
			5.58293325401925	-3.04678369655319
			5.58293325401925	-3.03827312756841
			5.59144382300404	-3.02976255858362
			5.59144382300404	-3.02125198959883
			5.59144382300404	-3.01274142061405
			5.59995439198883	-3.00423085162926
			5.59995439198883	-2.99572028264448
			5.59995439198883	-2.98720971365969
			5.60846496097361	-2.97869914467491
			5.60846496097361	-2.97018857569012
			5.60846496097361	-2.96167800670534
			5.6169755299584	-2.95316743772055
			5.6169755299584	-2.94465686873577
			5.6169755299584	-2.93614629975098
			5.62548609894318	-2.92763573076619
			5.62548609894318	-2.91912516178141
			5.62548609894318	-2.91061459279662
			5.63399666792797	-2.90210402381184
			5.63399666792797	-2.89359345482705
			5.63399666792797	-2.88508288584227
			5.64250723691275	-2.87657231685748
			5.64250723691275	-2.8680617478727
			5.64250723691275	-2.85955117888791
			5.65101780589754	-2.85104060990313
			5.65101780589754	-2.84253004091834
			5.65952837488232	-2.83401947193355
			5.65952837488232	-2.82550890294877
			5.65952837488232	-2.81699833396398
			5.65952837488232	-2.8084877649792
			5.66803894386711	-2.79997719599441
			5.66803894386711	-2.79146662700963
			5.67654951285189	-2.78295605802484
			5.67654951285189	-2.77444548904006
			5.68506008183668	-2.76593492005527
			5.68506008183668	-2.75742435107049
			5.68506008183668	-2.7489137820857
			5.69357065082147	-2.7489137820857
			5.69357065082147	-2.74040321310091
			5.70208121980625	-2.73189264411613
			5.70208121980625	-2.72338207513134
			5.71059178879104	-2.71487150614656
			5.71910235777582	-2.70636093716177
			5.71910235777582	-2.69785036817699
			5.72761292676061	-2.6893397991922
			5.72761292676061	-2.68082923020742
			5.73612349574539	-2.68082923020742
			5.73612349574539	-2.67231866122263
			5.74463406473018	-2.66380809223785
			5.74463406473018	-2.65529752325306
			5.75314463371496	-2.64678695426827
			5.76165520269975	-2.63827638528349
			5.76165520269975	-2.6297658162987
			5.77016577168453	-2.62125524731392
			5.77867634066932	-2.61274467832913
			5.78718690965411	-2.60423410934435
			5.79569747863889	-2.59572354035956
			5.79569747863889	-2.58721297137478
			5.80420804762368	-2.58721297137478
		</curveLM12>
	</curves.scaled>
	<ruler.points type=matrix rownames=TRUE colnames=FALSE nrow=5 ncol=2 as.numeric=TRUE >
		Ruler point 1	211	814
		Ruler point 2	328	814
		Ruler point 3	446	814
		Ruler point 4	563	813
		Ruler point 5	681	814
	</ruler.points>
</shapes>

