<shapes type=list>
	<ruler.interval type=vector names=FALSE length=1 as.numeric=TRUE >1</ruler.interval>
	<scaling.units type=vector names=FALSE length=1 as.numeric=FALSE >cm</scaling.units>
	<scaling type=vector names=FALSE length=1 as.numeric=TRUE >0.00850902396337882</scaling>
	<landmarks.pixel type=matrix rownames=TRUE colnames=FALSE nrow=6 ncol=2 as.numeric=TRUE >
		LM01	902	813
		LM02	1011	1179
		LM03	943	1131
		LM04	901	1197
		LM05	869	1130
		LM06	799	1168
	</landmarks.pixel>
	<landmarks.scaled type=matrix rownames=TRUE colnames=FALSE nrow=6 ncol=2 as.numeric=TRUE >
		LM01	7.6751396149677	-6.91783648222698
		LM02	8.60262322697599	-10.0321392528236
		LM03	8.02400959746623	-9.62370610258145
		LM04	7.66663059100432	-10.1853016841644
		LM05	7.39434182417619	-9.61519707861807
		LM06	6.79871014673968	-9.93853998922646
	</landmarks.scaled>
	<curves.control type=list>
		<curveLM07 type=matrix rownames=FALSE colnames=FALSE nrow=5 ncol=2 as.numeric=TRUE >
			902	813
			943	884
			964	962
			1026	1171
			1011	1179
		</curveLM07>
		<curveLM08 type=matrix rownames=FALSE colnames=FALSE nrow=5 ncol=2 as.numeric=TRUE >
			1011	1179
			1002	1183
			964	1145
			954	1130
			943	1131
		</curveLM08>
		<curveLM09 type=matrix rownames=FALSE colnames=FALSE nrow=5 ncol=2 as.numeric=TRUE >
			943	1131
			930	1135
			918	1177
			910	1199
			901	1197
		</curveLM09>
		<curveLM10 type=matrix rownames=FALSE colnames=FALSE nrow=5 ncol=2 as.numeric=TRUE >
			901	1197
			893	1199
			887	1166
			880	1138
			869	1130
		</curveLM10>
		<curveLM11 type=matrix rownames=FALSE colnames=FALSE nrow=5 ncol=2 as.numeric=TRUE >
			869	1130
			861	1125
			834	1153
			809	1174
			799	1168
		</curveLM11>
		<curveLM12 type=matrix rownames=FALSE colnames=FALSE nrow=5 ncol=2 as.numeric=TRUE >
			799	1168
			795	1161
			802	1127
			859	872
			902	813
		</curveLM12>
	</curves.control>
	<curves.pixel type=list>
		<curveLM07 type=matrix rownames=FALSE colnames=FALSE nrow=385 ncol=2 as.numeric=TRUE >
			902	813
			902	814
			903	814
			903	815
			904	816
			904	817
			905	817
			905	818
			905	819
			906	820
			907	821
			907	822
			908	823
			908	824
			909	825
			909	826
			910	826
			910	827
			911	828
			911	829
			911	830
			912	831
			912	832
			913	833
			913	834
			914	835
			915	836
			915	837
			916	838
			916	839
			917	840
			917	841
			918	842
			918	843
			919	844
			919	845
			920	845
			920	846
			920	847
			921	848
			921	849
			922	850
			922	851
			923	852
			923	853
			924	854
			924	855
			925	856
			925	857
			925	858
			926	859
			926	860
			927	861
			928	862
			928	863
			928	864
			929	864
			929	865
			929	866
			930	866
			930	867
			930	868
			931	869
			931	870
			932	871
			932	872
			932	873
			933	874
			933	875
			934	875
			934	876
			934	877
			935	878
			935	879
			935	880
			936	880
			936	881
			936	882
			937	883
			937	884
			937	885
			938	885
			938	886
			939	887
			939	888
			939	889
			940	889
			940	890
			940	891
			941	892
			941	893
			941	894
			942	894
			942	895
			942	896
			943	897
			943	898
			943	899
			944	900
			944	901
			945	902
			945	903
			945	904
			946	905
			946	906
			946	907
			947	908
			947	909
			948	910
			948	911
			948	912
			949	913
			949	914
			949	915
			950	916
			950	917
			950	918
			951	919
			951	920
			952	921
			952	922
			952	923
			953	924
			953	925
			953	926
			953	927
			954	928
			954	929
			954	930
			955	931
			955	932
			955	933
			956	934
			956	935
			956	936
			957	937
			957	938
			957	939
			958	940
			958	941
			958	942
			959	943
			959	944
			959	945
			960	946
			960	947
			960	948
			960	949
			961	950
			961	951
			961	952
			962	953
			962	954
			962	955
			962	956
			963	957
			963	958
			963	959
			963	960
			964	960
			964	961
			964	962
			964	963
			965	964
			965	965
			965	966
			965	967
			966	968
			966	969
			966	970
			967	970
			967	971
			967	972
			967	973
			968	974
			968	975
			968	976
			968	977
			969	977
			969	978
			969	979
			969	980
			970	981
			970	982
			970	983
			970	984
			971	984
			971	985
			971	986
			971	987
			972	988
			972	989
			972	990
			973	991
			973	992
			973	993
			973	994
			974	995
			974	996
			974	997
			975	998
			975	999
			975	1000
			975	1001
			976	1002
			976	1003
			976	1004
			977	1005
			977	1006
			977	1007
			977	1008
			978	1009
			978	1010
			978	1011
			979	1012
			979	1013
			979	1014
			979	1015
			980	1016
			980	1017
			980	1018
			981	1019
			981	1020
			981	1021
			981	1022
			982	1023
			982	1024
			982	1025
			982	1026
			983	1026
			983	1027
			983	1028
			983	1029
			984	1030
			984	1031
			984	1032
			984	1033
			985	1034
			985	1035
			985	1036
			985	1037
			986	1038
			986	1039
			987	1040
			987	1041
			987	1042
			987	1043
			988	1044
			988	1045
			988	1046
			988	1047
			989	1048
			989	1049
			989	1050
			989	1051
			990	1052
			990	1053
			990	1054
			991	1055
			991	1056
			991	1057
			991	1058
			992	1059
			992	1060
			992	1061
			992	1062
			993	1063
			993	1064
			993	1065
			993	1066
			994	1067
			994	1068
			994	1069
			995	1070
			995	1071
			995	1072
			995	1073
			996	1074
			996	1075
			996	1076
			996	1077
			997	1078
			997	1079
			997	1080
			997	1081
			998	1082
			998	1083
			998	1084
			998	1085
			999	1086
			999	1087
			999	1088
			999	1089
			1000	1090
			1000	1091
			1000	1092
			1000	1093
			1001	1094
			1001	1095
			1001	1096
			1001	1097
			1002	1098
			1002	1099
			1002	1100
			1002	1101
			1002	1102
			1003	1102
			1003	1103
			1003	1104
			1003	1105
			1003	1106
			1004	1107
			1004	1108
			1004	1109
			1004	1110
			1005	1111
			1005	1112
			1005	1113
			1005	1114
			1006	1115
			1006	1116
			1006	1117
			1006	1118
			1006	1119
			1007	1120
			1007	1121
			1007	1122
			1007	1123
			1007	1124
			1008	1125
			1008	1126
			1008	1127
			1008	1128
			1009	1129
			1009	1130
			1009	1131
			1009	1132
			1009	1133
			1009	1134
			1010	1135
			1010	1136
			1010	1137
			1010	1138
			1010	1139
			1011	1140
			1011	1141
			1011	1142
			1011	1143
			1011	1144
			1011	1145
			1012	1146
			1012	1147
			1012	1148
			1012	1149
			1012	1150
			1012	1151
			1013	1152
			1013	1153
			1013	1154
			1013	1155
			1013	1156
			1013	1157
			1013	1158
			1013	1159
			1014	1160
			1014	1161
			1014	1162
			1014	1163
			1014	1164
			1014	1165
			1014	1166
			1014	1167
			1014	1168
			1014	1169
			1014	1170
			1014	1171
			1014	1172
			1014	1173
			1014	1174
			1013	1175
			1013	1176
			1013	1177
			1012	1178
			1012	1179
			1011	1179
		</curveLM07>
		<curveLM08 type=matrix rownames=FALSE colnames=FALSE nrow=75 ncol=2 as.numeric=TRUE >
			1011	1179
			1010	1179
			1009	1179
			1008	1179
			1007	1179
			1006	1179
			1005	1178
			1004	1178
			1003	1178
			1002	1177
			1001	1177
			1000	1176
			999	1175
			998	1174
			997	1174
			996	1173
			995	1173
			995	1172
			994	1172
			993	1171
			992	1170
			991	1170
			990	1169
			989	1168
			988	1167
			987	1166
			986	1165
			985	1165
			984	1164
			983	1163
			982	1162
			981	1161
			980	1160
			979	1159
			978	1158
			977	1158
			976	1157
			975	1156
			974	1155
			973	1154
			972	1153
			971	1152
			970	1151
			969	1150
			968	1149
			967	1148
			966	1147
			965	1146
			964	1145
			964	1144
			963	1144
			963	1143
			962	1142
			961	1141
			960	1140
			960	1139
			959	1138
			958	1138
			957	1137
			957	1136
			956	1136
			955	1135
			954	1134
			953	1133
			952	1133
			951	1133
			950	1132
			949	1132
			948	1132
			948	1131
			947	1131
			946	1131
			945	1131
			944	1131
			943	1131
		</curveLM08>
		<curveLM09 type=matrix rownames=FALSE colnames=FALSE nrow=76 ncol=2 as.numeric=TRUE >
			943	1131
			942	1131
			941	1132
			940	1133
			939	1133
			938	1134
			937	1135
			936	1136
			935	1137
			934	1138
			934	1139
			933	1140
			932	1141
			932	1142
			931	1143
			930	1144
			930	1145
			930	1146
			929	1147
			928	1148
			928	1149
			927	1150
			927	1151
			927	1152
			926	1153
			926	1154
			925	1155
			925	1156
			925	1157
			924	1158
			924	1159
			923	1160
			923	1161
			923	1162
			922	1163
			922	1164
			922	1165
			921	1166
			921	1167
			921	1168
			920	1169
			920	1170
			920	1171
			919	1172
			919	1173
			919	1174
			918	1175
			918	1176
			918	1177
			918	1178
			917	1178
			917	1179
			917	1180
			916	1181
			916	1182
			916	1183
			915	1184
			915	1185
			914	1186
			914	1187
			913	1187
			913	1188
			913	1189
			912	1190
			911	1191
			910	1192
			909	1193
			909	1194
			908	1195
			907	1196
			906	1196
			905	1197
			904	1197
			903	1197
			902	1197
			901	1197
		</curveLM09>
		<curveLM10 type=matrix rownames=FALSE colnames=FALSE nrow=75 ncol=2 as.numeric=TRUE >
			901	1197
			900	1197
			899	1197
			898	1196
			897	1196
			896	1195
			896	1194
			895	1193
			894	1192
			894	1191
			893	1190
			893	1189
			893	1188
			892	1187
			892	1186
			892	1185
			891	1184
			891	1183
			891	1182
			890	1181
			890	1180
			890	1179
			889	1178
			889	1177
			889	1176
			889	1175
			889	1174
			888	1173
			888	1172
			888	1171
			888	1170
			888	1169
			887	1168
			887	1167
			887	1166
			887	1165
			886	1164
			886	1163
			886	1162
			886	1161
			885	1160
			885	1159
			885	1158
			884	1157
			884	1156
			884	1155
			883	1154
			883	1153
			883	1152
			883	1151
			882	1150
			882	1149
			881	1148
			881	1147
			880	1146
			880	1145
			879	1144
			879	1143
			879	1142
			878	1141
			877	1140
			877	1139
			876	1138
			876	1137
			875	1136
			874	1136
			874	1135
			873	1134
			873	1133
			872	1133
			872	1132
			871	1132
			870	1131
			870	1130
			869	1130
		</curveLM10>
		<curveLM11 type=matrix rownames=FALSE colnames=FALSE nrow=76 ncol=2 as.numeric=TRUE >
			869	1130
			868	1130
			867	1129
			866	1129
			865	1129
			864	1129
			863	1130
			862	1130
			861	1131
			860	1131
			859	1132
			858	1132
			857	1133
			856	1133
			855	1134
			854	1135
			853	1136
			852	1137
			851	1137
			850	1138
			849	1139
			848	1139
			848	1140
			847	1141
			846	1141
			845	1142
			845	1143
			844	1143
			843	1144
			842	1145
			841	1146
			840	1147
			839	1148
			838	1149
			837	1150
			836	1151
			835	1152
			834	1153
			833	1154
			832	1155
			831	1156
			830	1156
			829	1157
			828	1157
			828	1158
			827	1159
			826	1159
			826	1160
			825	1160
			824	1160
			824	1161
			823	1161
			822	1162
			821	1163
			820	1163
			819	1164
			818	1165
			817	1165
			816	1166
			815	1166
			814	1167
			813	1167
			812	1168
			811	1168
			810	1168
			809	1169
			808	1169
			807	1169
			806	1169
			805	1169
			804	1169
			803	1169
			802	1169
			801	1169
			800	1168
			799	1168
		</curveLM11>
		<curveLM12 type=matrix rownames=FALSE colnames=FALSE nrow=372 ncol=2 as.numeric=TRUE >
			799	1168
			799	1167
			798	1167
			798	1166
			798	1165
			798	1164
			798	1163
			798	1162
			798	1161
			798	1160
			798	1159
			798	1158
			798	1157
			798	1156
			798	1155
			798	1154
			798	1153
			798	1152
			798	1151
			798	1150
			798	1149
			798	1148
			799	1147
			799	1146
			799	1145
			799	1144
			799	1143
			799	1142
			799	1141
			800	1140
			800	1139
			800	1138
			800	1137
			800	1136
			800	1135
			801	1134
			801	1133
			801	1132
			801	1131
			801	1130
			802	1129
			802	1128
			802	1127
			802	1126
			802	1125
			803	1124
			803	1123
			803	1122
			803	1121
			804	1120
			804	1119
			804	1118
			804	1117
			804	1116
			805	1115
			805	1114
			805	1113
			805	1112
			806	1111
			806	1110
			806	1109
			806	1108
			807	1107
			807	1106
			807	1105
			807	1104
			807	1103
			808	1103
			808	1102
			808	1101
			808	1100
			808	1099
			809	1098
			809	1097
			809	1096
			809	1095
			809	1094
			810	1093
			810	1092
			810	1091
			810	1090
			811	1089
			811	1088
			811	1087
			811	1086
			812	1085
			812	1084
			812	1083
			812	1082
			813	1081
			813	1080
			813	1079
			813	1078
			813	1077
			814	1076
			814	1075
			814	1074
			814	1073
			815	1072
			815	1071
			815	1070
			815	1069
			816	1068
			816	1067
			816	1066
			816	1065
			817	1064
			817	1063
			817	1062
			817	1061
			817	1060
			818	1059
			818	1058
			818	1057
			819	1056
			819	1055
			819	1054
			819	1053
			820	1052
			820	1051
			820	1050
			820	1049
			821	1048
			821	1047
			821	1046
			821	1045
			821	1044
			822	1043
			822	1042
			822	1041
			823	1040
			823	1039
			823	1038
			823	1037
			823	1036
			824	1035
			824	1034
			824	1033
			824	1032
			825	1032
			825	1031
			825	1030
			825	1029
			825	1028
			826	1028
			826	1027
			826	1026
			826	1025
			827	1024
			827	1023
			827	1022
			827	1021
			827	1020
			828	1019
			828	1018
			828	1017
			829	1016
			829	1015
			829	1014
			829	1013
			830	1012
			830	1011
			830	1010
			830	1009
			831	1008
			831	1007
			831	1006
			831	1005
			832	1004
			832	1003
			832	1002
			833	1001
			833	1000
			833	999
			833	998
			833	997
			834	997
			834	996
			834	995
			834	994
			835	993
			835	992
			835	991
			835	990
			836	989
			836	988
			836	987
			836	986
			837	985
			837	984
			837	983
			837	982
			838	982
			838	981
			838	980
			838	979
			839	978
			839	977
			839	976
			839	975
			840	975
			840	974
			840	973
			840	972
			841	971
			841	970
			841	969
			842	968
			842	967
			842	966
			842	965
			843	964
			843	963
			843	962
			844	961
			844	960
			844	959
			844	958
			845	957
			845	956
			845	955
			846	954
			846	953
			846	952
			846	951
			847	950
			847	949
			847	948
			848	947
			848	946
			848	945
			848	944
			849	943
			849	942
			849	941
			850	940
			850	939
			850	938
			850	937
			851	937
			851	936
			851	935
			851	934
			852	933
			852	932
			852	931
			853	930
			853	929
			853	928
			853	927
			854	927
			854	926
			854	925
			855	924
			855	923
			855	922
			855	921
			856	920
			856	919
			857	918
			857	917
			857	916
			858	915
			858	914
			858	913
			859	912
			859	911
			859	910
			860	909
			860	908
			860	907
			861	906
			861	905
			861	904
			862	903
			862	902
			862	901
			862	900
			863	899
			863	898
			863	897
			864	896
			864	895
			864	894
			865	893
			865	892
			865	891
			866	890
			866	889
			867	888
			867	887
			867	886
			868	885
			868	884
			869	883
			869	882
			869	881
			869	880
			870	880
			870	879
			870	878
			871	877
			871	876
			871	875
			872	874
			872	873
			872	872
			873	872
			873	871
			873	870
			874	869
			874	868
			874	867
			875	867
			875	866
			875	865
			876	864
			876	863
			877	862
			877	861
			877	860
			878	859
			878	858
			879	857
			879	856
			879	855
			880	854
			881	853
			881	852
			881	851
			882	850
			882	849
			883	848
			883	847
			884	846
			884	845
			885	844
			885	843
			886	842
			886	841
			886	840
			887	839
			887	838
			888	837
			888	836
			889	835
			889	834
			890	834
			890	833
			890	832
			891	831
			891	830
			892	829
			893	828
			893	827
			894	826
			894	825
			895	824
			895	823
			896	822
			896	821
			897	821
			897	820
			898	819
			898	818
			899	817
			900	817
			900	816
			901	815
			901	814
			902	814
			902	813
		</curveLM12>
	</curves.pixel>
	<curves.scaled type=list>
		<curveLM07 type=matrix rownames=FALSE colnames=FALSE nrow=385 ncol=2 as.numeric=TRUE >
			7.6751396149677	-6.91783648222698
			7.6751396149677	-6.92634550619036
			7.68364863893107	-6.92634550619036
			7.68364863893107	-6.93485453015374
			7.69215766289445	-6.94336355411712
			7.69215766289445	-6.9518725780805
			7.70066668685783	-6.9518725780805
			7.70066668685783	-6.96038160204388
			7.70066668685783	-6.96889062600725
			7.70917571082121	-6.97739964997063
			7.71768473478459	-6.98590867393401
			7.71768473478459	-6.99441769789739
			7.72619375874797	-7.00292672186077
			7.72619375874797	-7.01143574582415
			7.73470278271135	-7.01994476978753
			7.73470278271135	-7.02845379375091
			7.74321180667473	-7.02845379375091
			7.74321180667473	-7.03696281771428
			7.75172083063811	-7.04547184167766
			7.75172083063811	-7.05398086564104
			7.75172083063811	-7.06248988960442
			7.76022985460148	-7.0709989135678
			7.76022985460148	-7.07950793753118
			7.76873887856486	-7.08801696149456
			7.76873887856486	-7.09652598545794
			7.77724790252824	-7.10503500942132
			7.78575692649162	-7.11354403338469
			7.78575692649162	-7.12205305734807
			7.794265950455	-7.13056208131145
			7.794265950455	-7.13907110527483
			7.80277497441838	-7.14758012923821
			7.80277497441838	-7.15608915320159
			7.81128399838176	-7.16459817716497
			7.81128399838176	-7.17310720112835
			7.81979302234514	-7.18161622509172
			7.81979302234514	-7.1901252490551
			7.82830204630852	-7.1901252490551
			7.82830204630852	-7.19863427301848
			7.82830204630852	-7.20714329698186
			7.83681107027189	-7.21565232094524
			7.83681107027189	-7.22416134490862
			7.84532009423527	-7.232670368872
			7.84532009423527	-7.24117939283538
			7.85382911819865	-7.24968841679876
			7.85382911819865	-7.25819744076213
			7.86233814216203	-7.26670646472551
			7.86233814216203	-7.27521548868889
			7.87084716612541	-7.28372451265227
			7.87084716612541	-7.29223353661565
			7.87084716612541	-7.30074256057903
			7.87935619008879	-7.30925158454241
			7.87935619008879	-7.31776060850579
			7.88786521405217	-7.32626963246916
			7.89637423801555	-7.33477865643254
			7.89637423801555	-7.34328768039592
			7.89637423801555	-7.3517967043593
			7.90488326197892	-7.3517967043593
			7.90488326197892	-7.36030572832268
			7.90488326197892	-7.36881475228606
			7.9133922859423	-7.36881475228606
			7.9133922859423	-7.37732377624944
			7.9133922859423	-7.38583280021282
			7.92190130990568	-7.39434182417619
			7.92190130990568	-7.40285084813957
			7.93041033386906	-7.41135987210295
			7.93041033386906	-7.41986889606633
			7.93041033386906	-7.42837792002971
			7.93891935783244	-7.43688694399309
			7.93891935783244	-7.44539596795647
			7.94742838179582	-7.44539596795647
			7.94742838179582	-7.45390499191985
			7.94742838179582	-7.46241401588323
			7.9559374057592	-7.4709230398466
			7.9559374057592	-7.47943206380998
			7.9559374057592	-7.48794108777336
			7.96444642972258	-7.48794108777336
			7.96444642972258	-7.49645011173674
			7.96444642972258	-7.50495913570012
			7.97295545368595	-7.5134681596635
			7.97295545368595	-7.52197718362688
			7.97295545368595	-7.53048620759026
			7.98146447764933	-7.53048620759026
			7.98146447764933	-7.53899523155363
			7.98997350161271	-7.54750425551701
			7.98997350161271	-7.55601327948039
			7.98997350161271	-7.56452230344377
			7.99848252557609	-7.56452230344377
			7.99848252557609	-7.57303132740715
			7.99848252557609	-7.58154035137053
			8.00699154953947	-7.59004937533391
			8.00699154953947	-7.59855839929729
			8.00699154953947	-7.60706742326067
			8.01550057350285	-7.60706742326067
			8.01550057350285	-7.61557644722404
			8.01550057350285	-7.62408547118742
			8.02400959746623	-7.6325944951508
			8.02400959746623	-7.64110351911418
			8.02400959746623	-7.64961254307756
			8.03251862142961	-7.65812156704094
			8.03251862142961	-7.66663059100432
			8.04102764539298	-7.6751396149677
			8.04102764539298	-7.68364863893107
			8.04102764539298	-7.69215766289445
			8.04953666935636	-7.70066668685783
			8.04953666935636	-7.70917571082121
			8.04953666935636	-7.71768473478459
			8.05804569331974	-7.72619375874797
			8.05804569331974	-7.73470278271135
			8.06655471728312	-7.74321180667473
			8.06655471728312	-7.75172083063811
			8.06655471728312	-7.76022985460148
			8.0750637412465	-7.76873887856486
			8.0750637412465	-7.77724790252824
			8.0750637412465	-7.78575692649162
			8.08357276520988	-7.794265950455
			8.08357276520988	-7.80277497441838
			8.08357276520988	-7.81128399838176
			8.09208178917326	-7.81979302234514
			8.09208178917326	-7.82830204630852
			8.10059081313664	-7.83681107027189
			8.10059081313664	-7.84532009423527
			8.10059081313664	-7.85382911819865
			8.10909983710002	-7.86233814216203
			8.10909983710002	-7.87084716612541
			8.10909983710002	-7.87935619008879
			8.10909983710002	-7.88786521405217
			8.1176088610634	-7.89637423801555
			8.1176088610634	-7.90488326197892
			8.1176088610634	-7.9133922859423
			8.12611788502677	-7.92190130990568
			8.12611788502677	-7.93041033386906
			8.12611788502677	-7.93891935783244
			8.13462690899015	-7.94742838179582
			8.13462690899015	-7.9559374057592
			8.13462690899015	-7.96444642972258
			8.14313593295353	-7.97295545368595
			8.14313593295353	-7.98146447764933
			8.14313593295353	-7.98997350161271
			8.15164495691691	-7.99848252557609
			8.15164495691691	-8.00699154953947
			8.15164495691691	-8.01550057350285
			8.16015398088029	-8.02400959746623
			8.16015398088029	-8.03251862142961
			8.16015398088029	-8.04102764539298
			8.16866300484367	-8.04953666935636
			8.16866300484367	-8.05804569331974
			8.16866300484367	-8.06655471728312
			8.16866300484367	-8.0750637412465
			8.17717202880705	-8.08357276520988
			8.17717202880705	-8.09208178917326
			8.17717202880705	-8.10059081313664
			8.18568105277043	-8.10909983710002
			8.18568105277043	-8.1176088610634
			8.18568105277043	-8.12611788502677
			8.18568105277043	-8.13462690899015
			8.1941900767338	-8.14313593295353
			8.1941900767338	-8.15164495691691
			8.1941900767338	-8.16015398088029
			8.1941900767338	-8.16866300484367
			8.20269910069718	-8.16866300484367
			8.20269910069718	-8.17717202880705
			8.20269910069718	-8.18568105277043
			8.20269910069718	-8.1941900767338
			8.21120812466056	-8.20269910069718
			8.21120812466056	-8.21120812466056
			8.21120812466056	-8.21971714862394
			8.21120812466056	-8.22822617258732
			8.21971714862394	-8.2367351965507
			8.21971714862394	-8.24524422051408
			8.21971714862394	-8.25375324447746
			8.22822617258732	-8.25375324447746
			8.22822617258732	-8.26226226844083
			8.22822617258732	-8.27077129240421
			8.22822617258732	-8.27928031636759
			8.2367351965507	-8.28778934033097
			8.2367351965507	-8.29629836429435
			8.2367351965507	-8.30480738825773
			8.2367351965507	-8.31331641222111
			8.24524422051408	-8.31331641222111
			8.24524422051408	-8.32182543618449
			8.24524422051408	-8.33033446014787
			8.24524422051408	-8.33884348411124
			8.25375324447746	-8.34735250807462
			8.25375324447746	-8.355861532038
			8.25375324447746	-8.36437055600138
			8.25375324447746	-8.37287957996476
			8.26226226844083	-8.37287957996476
			8.26226226844083	-8.38138860392814
			8.26226226844083	-8.38989762789152
			8.26226226844083	-8.39840665185489
			8.27077129240421	-8.40691567581827
			8.27077129240421	-8.41542469978165
			8.27077129240421	-8.42393372374503
			8.27928031636759	-8.43244274770841
			8.27928031636759	-8.44095177167179
			8.27928031636759	-8.44946079563517
			8.27928031636759	-8.45796981959855
			8.28778934033097	-8.46647884356193
			8.28778934033097	-8.47498786752531
			8.28778934033097	-8.48349689148868
			8.29629836429435	-8.49200591545206
			8.29629836429435	-8.50051493941544
			8.29629836429435	-8.50902396337882
			8.29629836429435	-8.5175329873422
			8.30480738825773	-8.52604201130558
			8.30480738825773	-8.53455103526896
			8.30480738825773	-8.54306005923234
			8.31331641222111	-8.55156908319571
			8.31331641222111	-8.56007810715909
			8.31331641222111	-8.56858713112247
			8.31331641222111	-8.57709615508585
			8.32182543618449	-8.58560517904923
			8.32182543618449	-8.59411420301261
			8.32182543618449	-8.60262322697599
			8.33033446014787	-8.61113225093937
			8.33033446014787	-8.61964127490275
			8.33033446014787	-8.62815029886612
			8.33033446014787	-8.6366593228295
			8.33884348411124	-8.64516834679288
			8.33884348411124	-8.65367737075626
			8.33884348411124	-8.66218639471964
			8.34735250807462	-8.67069541868302
			8.34735250807462	-8.6792044426464
			8.34735250807462	-8.68771346660978
			8.34735250807462	-8.69622249057315
			8.355861532038	-8.70473151453653
			8.355861532038	-8.71324053849991
			8.355861532038	-8.72174956246329
			8.355861532038	-8.73025858642667
			8.36437055600138	-8.73025858642667
			8.36437055600138	-8.73876761039005
			8.36437055600138	-8.74727663435343
			8.36437055600138	-8.75578565831681
			8.37287957996476	-8.76429468228019
			8.37287957996476	-8.77280370624356
			8.37287957996476	-8.78131273020694
			8.37287957996476	-8.78982175417032
			8.38138860392814	-8.7983307781337
			8.38138860392814	-8.80683980209708
			8.38138860392814	-8.81534882606046
			8.38138860392814	-8.82385785002384
			8.38989762789152	-8.83236687398722
			8.38989762789152	-8.84087589795059
			8.39840665185489	-8.84938492191397
			8.39840665185489	-8.85789394587735
			8.39840665185489	-8.86640296984073
			8.39840665185489	-8.87491199380411
			8.40691567581827	-8.88342101776749
			8.40691567581827	-8.89193004173087
			8.40691567581827	-8.90043906569425
			8.40691567581827	-8.90894808965762
			8.41542469978165	-8.917457113621
			8.41542469978165	-8.92596613758438
			8.41542469978165	-8.93447516154776
			8.41542469978165	-8.94298418551114
			8.42393372374503	-8.95149320947452
			8.42393372374503	-8.9600022334379
			8.42393372374503	-8.96851125740128
			8.43244274770841	-8.97702028136466
			8.43244274770841	-8.98552930532803
			8.43244274770841	-8.99403832929141
			8.43244274770841	-9.00254735325479
			8.44095177167179	-9.01105637721817
			8.44095177167179	-9.01956540118155
			8.44095177167179	-9.02807442514493
			8.44095177167179	-9.03658344910831
			8.44946079563517	-9.04509247307169
			8.44946079563517	-9.05360149703506
			8.44946079563517	-9.06211052099844
			8.44946079563517	-9.07061954496182
			8.45796981959855	-9.0791285689252
			8.45796981959855	-9.08763759288858
			8.45796981959855	-9.09614661685196
			8.46647884356193	-9.10465564081534
			8.46647884356193	-9.11316466477872
			8.46647884356193	-9.1216736887421
			8.46647884356193	-9.13018271270547
			8.47498786752531	-9.13869173666885
			8.47498786752531	-9.14720076063223
			8.47498786752531	-9.15570978459561
			8.47498786752531	-9.16421880855899
			8.48349689148868	-9.17272783252237
			8.48349689148868	-9.18123685648575
			8.48349689148868	-9.18974588044913
			8.48349689148868	-9.1982549044125
			8.49200591545206	-9.20676392837588
			8.49200591545206	-9.21527295233926
			8.49200591545206	-9.22378197630264
			8.49200591545206	-9.23229100026602
			8.50051493941544	-9.2408000242294
			8.50051493941544	-9.24930904819278
			8.50051493941544	-9.25781807215616
			8.50051493941544	-9.26632709611954
			8.50902396337882	-9.27483612008291
			8.50902396337882	-9.28334514404629
			8.50902396337882	-9.29185416800967
			8.50902396337882	-9.30036319197305
			8.5175329873422	-9.30887221593643
			8.5175329873422	-9.31738123989981
			8.5175329873422	-9.32589026386319
			8.5175329873422	-9.33439928782657
			8.52604201130558	-9.34290831178994
			8.52604201130558	-9.35141733575332
			8.52604201130558	-9.3599263597167
			8.52604201130558	-9.36843538368008
			8.52604201130558	-9.37694440764346
			8.53455103526896	-9.37694440764346
			8.53455103526896	-9.38545343160684
			8.53455103526896	-9.39396245557022
			8.53455103526896	-9.4024714795336
			8.53455103526896	-9.41098050349698
			8.54306005923234	-9.41948952746035
			8.54306005923234	-9.42799855142373
			8.54306005923234	-9.43650757538711
			8.54306005923234	-9.44501659935049
			8.55156908319571	-9.45352562331387
			8.55156908319571	-9.46203464727725
			8.55156908319571	-9.47054367124063
			8.55156908319571	-9.47905269520401
			8.56007810715909	-9.48756171916738
			8.56007810715909	-9.49607074313076
			8.56007810715909	-9.50457976709414
			8.56007810715909	-9.51308879105752
			8.56007810715909	-9.5215978150209
			8.56858713112247	-9.53010683898428
			8.56858713112247	-9.53861586294766
			8.56858713112247	-9.54712488691104
			8.56858713112247	-9.55563391087442
			8.56858713112247	-9.56414293483779
			8.57709615508585	-9.57265195880117
			8.57709615508585	-9.58116098276455
			8.57709615508585	-9.58967000672793
			8.57709615508585	-9.59817903069131
			8.58560517904923	-9.60668805465469
			8.58560517904923	-9.61519707861807
			8.58560517904923	-9.62370610258145
			8.58560517904923	-9.63221512654482
			8.58560517904923	-9.6407241505082
			8.58560517904923	-9.64923317447158
			8.59411420301261	-9.65774219843496
			8.59411420301261	-9.66625122239834
			8.59411420301261	-9.67476024636172
			8.59411420301261	-9.6832692703251
			8.59411420301261	-9.69177829428848
			8.60262322697599	-9.70028731825185
			8.60262322697599	-9.70879634221523
			8.60262322697599	-9.71730536617861
			8.60262322697599	-9.72581439014199
			8.60262322697599	-9.73432341410537
			8.60262322697599	-9.74283243806875
			8.61113225093937	-9.75134146203213
			8.61113225093937	-9.75985048599551
			8.61113225093937	-9.76835950995889
			8.61113225093937	-9.77686853392226
			8.61113225093937	-9.78537755788564
			8.61113225093937	-9.79388658184902
			8.61964127490275	-9.8023956058124
			8.61964127490275	-9.81090462977578
			8.61964127490275	-9.81941365373916
			8.61964127490275	-9.82792267770254
			8.61964127490275	-9.83643170166592
			8.61964127490275	-9.84494072562929
			8.61964127490275	-9.85344974959267
			8.61964127490275	-9.86195877355605
			8.62815029886612	-9.87046779751943
			8.62815029886612	-9.87897682148281
			8.62815029886612	-9.88748584544619
			8.62815029886612	-9.89599486940957
			8.62815029886612	-9.90450389337295
			8.62815029886612	-9.91301291733633
			8.62815029886612	-9.92152194129971
			8.62815029886612	-9.93003096526308
			8.62815029886612	-9.93853998922646
			8.62815029886612	-9.94704901318984
			8.62815029886612	-9.95555803715322
			8.62815029886612	-9.9640670611166
			8.62815029886612	-9.97257608507998
			8.62815029886612	-9.98108510904336
			8.62815029886612	-9.98959413300673
			8.61964127490275	-9.99810315697011
			8.61964127490275	-10.0066121809335
			8.61964127490275	-10.0151212048969
			8.61113225093937	-10.0236302288603
			8.61113225093937	-10.0321392528236
			8.60262322697599	-10.0321392528236
		</curveLM07>
		<curveLM08 type=matrix rownames=FALSE colnames=FALSE nrow=75 ncol=2 as.numeric=TRUE >
			8.60262322697599	-10.0321392528236
			8.59411420301261	-10.0321392528236
			8.58560517904923	-10.0321392528236
			8.57709615508585	-10.0321392528236
			8.56858713112247	-10.0321392528236
			8.56007810715909	-10.0321392528236
			8.55156908319571	-10.0236302288603
			8.54306005923234	-10.0236302288603
			8.53455103526896	-10.0236302288603
			8.52604201130558	-10.0151212048969
			8.5175329873422	-10.0151212048969
			8.50902396337882	-10.0066121809335
			8.50051493941544	-9.99810315697011
			8.49200591545206	-9.98959413300673
			8.48349689148868	-9.98959413300673
			8.47498786752531	-9.98108510904336
			8.46647884356193	-9.98108510904336
			8.46647884356193	-9.97257608507998
			8.45796981959855	-9.97257608507998
			8.44946079563517	-9.9640670611166
			8.44095177167179	-9.95555803715322
			8.43244274770841	-9.95555803715322
			8.42393372374503	-9.94704901318984
			8.41542469978165	-9.93853998922646
			8.40691567581827	-9.93003096526308
			8.39840665185489	-9.92152194129971
			8.38989762789152	-9.91301291733633
			8.38138860392814	-9.91301291733633
			8.37287957996476	-9.90450389337295
			8.36437055600138	-9.89599486940957
			8.355861532038	-9.88748584544619
			8.34735250807462	-9.87897682148281
			8.33884348411124	-9.87046779751943
			8.33033446014787	-9.86195877355605
			8.32182543618449	-9.85344974959267
			8.31331641222111	-9.85344974959267
			8.30480738825773	-9.84494072562929
			8.29629836429435	-9.83643170166592
			8.28778934033097	-9.82792267770254
			8.27928031636759	-9.81941365373916
			8.27077129240421	-9.81090462977578
			8.26226226844083	-9.8023956058124
			8.25375324447746	-9.79388658184902
			8.24524422051408	-9.78537755788564
			8.2367351965507	-9.77686853392226
			8.22822617258732	-9.76835950995889
			8.21971714862394	-9.75985048599551
			8.21120812466056	-9.75134146203213
			8.20269910069718	-9.74283243806875
			8.20269910069718	-9.73432341410537
			8.1941900767338	-9.73432341410537
			8.1941900767338	-9.72581439014199
			8.18568105277043	-9.71730536617861
			8.17717202880705	-9.70879634221523
			8.16866300484367	-9.70028731825185
			8.16866300484367	-9.69177829428848
			8.16015398088029	-9.6832692703251
			8.15164495691691	-9.6832692703251
			8.14313593295353	-9.67476024636172
			8.14313593295353	-9.66625122239834
			8.13462690899015	-9.66625122239834
			8.12611788502677	-9.65774219843496
			8.1176088610634	-9.64923317447158
			8.10909983710002	-9.6407241505082
			8.10059081313664	-9.6407241505082
			8.09208178917326	-9.6407241505082
			8.08357276520988	-9.63221512654482
			8.0750637412465	-9.63221512654482
			8.06655471728312	-9.63221512654482
			8.06655471728312	-9.62370610258145
			8.05804569331974	-9.62370610258145
			8.04953666935636	-9.62370610258145
			8.04102764539298	-9.62370610258145
			8.03251862142961	-9.62370610258145
			8.02400959746623	-9.62370610258145
		</curveLM08>
		<curveLM09 type=matrix rownames=FALSE colnames=FALSE nrow=76 ncol=2 as.numeric=TRUE >
			8.02400959746623	-9.62370610258145
			8.01550057350285	-9.62370610258145
			8.00699154953947	-9.63221512654482
			7.99848252557609	-9.6407241505082
			7.98997350161271	-9.6407241505082
			7.98146447764933	-9.64923317447158
			7.97295545368595	-9.65774219843496
			7.96444642972258	-9.66625122239834
			7.9559374057592	-9.67476024636172
			7.94742838179582	-9.6832692703251
			7.94742838179582	-9.69177829428848
			7.93891935783244	-9.70028731825185
			7.93041033386906	-9.70879634221523
			7.93041033386906	-9.71730536617861
			7.92190130990568	-9.72581439014199
			7.9133922859423	-9.73432341410537
			7.9133922859423	-9.74283243806875
			7.9133922859423	-9.75134146203213
			7.90488326197892	-9.75985048599551
			7.89637423801555	-9.76835950995889
			7.89637423801555	-9.77686853392226
			7.88786521405217	-9.78537755788564
			7.88786521405217	-9.79388658184902
			7.88786521405217	-9.8023956058124
			7.87935619008879	-9.81090462977578
			7.87935619008879	-9.81941365373916
			7.87084716612541	-9.82792267770254
			7.87084716612541	-9.83643170166592
			7.87084716612541	-9.84494072562929
			7.86233814216203	-9.85344974959267
			7.86233814216203	-9.86195877355605
			7.85382911819865	-9.87046779751943
			7.85382911819865	-9.87897682148281
			7.85382911819865	-9.88748584544619
			7.84532009423527	-9.89599486940957
			7.84532009423527	-9.90450389337295
			7.84532009423527	-9.91301291733633
			7.83681107027189	-9.92152194129971
			7.83681107027189	-9.93003096526308
			7.83681107027189	-9.93853998922646
			7.82830204630852	-9.94704901318984
			7.82830204630852	-9.95555803715322
			7.82830204630852	-9.9640670611166
			7.81979302234514	-9.97257608507998
			7.81979302234514	-9.98108510904336
			7.81979302234514	-9.98959413300673
			7.81128399838176	-9.99810315697011
			7.81128399838176	-10.0066121809335
			7.81128399838176	-10.0151212048969
			7.81128399838176	-10.0236302288603
			7.80277497441838	-10.0236302288603
			7.80277497441838	-10.0321392528236
			7.80277497441838	-10.040648276787
			7.794265950455	-10.0491573007504
			7.794265950455	-10.0576663247138
			7.794265950455	-10.0661753486771
			7.78575692649162	-10.0746843726405
			7.78575692649162	-10.0831933966039
			7.77724790252824	-10.0917024205673
			7.77724790252824	-10.1002114445307
			7.76873887856486	-10.1002114445307
			7.76873887856486	-10.108720468494
			7.76873887856486	-10.1172294924574
			7.76022985460148	-10.1257385164208
			7.75172083063811	-10.1342475403842
			7.74321180667473	-10.1427565643476
			7.73470278271135	-10.1512655883109
			7.73470278271135	-10.1597746122743
			7.72619375874797	-10.1682836362377
			7.71768473478459	-10.1767926602011
			7.70917571082121	-10.1767926602011
			7.70066668685783	-10.1853016841644
			7.69215766289445	-10.1853016841644
			7.68364863893107	-10.1853016841644
			7.6751396149677	-10.1853016841644
			7.66663059100432	-10.1853016841644
		</curveLM09>
		<curveLM10 type=matrix rownames=FALSE colnames=FALSE nrow=75 ncol=2 as.numeric=TRUE >
			7.66663059100432	-10.1853016841644
			7.65812156704094	-10.1853016841644
			7.64961254307756	-10.1853016841644
			7.64110351911418	-10.1767926602011
			7.6325944951508	-10.1767926602011
			7.62408547118742	-10.1682836362377
			7.62408547118742	-10.1597746122743
			7.61557644722404	-10.1512655883109
			7.60706742326067	-10.1427565643476
			7.60706742326067	-10.1342475403842
			7.59855839929729	-10.1257385164208
			7.59855839929729	-10.1172294924574
			7.59855839929729	-10.108720468494
			7.59004937533391	-10.1002114445307
			7.59004937533391	-10.0917024205673
			7.59004937533391	-10.0831933966039
			7.58154035137053	-10.0746843726405
			7.58154035137053	-10.0661753486771
			7.58154035137053	-10.0576663247138
			7.57303132740715	-10.0491573007504
			7.57303132740715	-10.040648276787
			7.57303132740715	-10.0321392528236
			7.56452230344377	-10.0236302288603
			7.56452230344377	-10.0151212048969
			7.56452230344377	-10.0066121809335
			7.56452230344377	-9.99810315697011
			7.56452230344377	-9.98959413300673
			7.55601327948039	-9.98108510904336
			7.55601327948039	-9.97257608507998
			7.55601327948039	-9.9640670611166
			7.55601327948039	-9.95555803715322
			7.55601327948039	-9.94704901318984
			7.54750425551701	-9.93853998922646
			7.54750425551701	-9.93003096526308
			7.54750425551701	-9.92152194129971
			7.54750425551701	-9.91301291733633
			7.53899523155363	-9.90450389337295
			7.53899523155363	-9.89599486940957
			7.53899523155363	-9.88748584544619
			7.53899523155363	-9.87897682148281
			7.53048620759026	-9.87046779751943
			7.53048620759026	-9.86195877355605
			7.53048620759026	-9.85344974959267
			7.52197718362688	-9.84494072562929
			7.52197718362688	-9.83643170166592
			7.52197718362688	-9.82792267770254
			7.5134681596635	-9.81941365373916
			7.5134681596635	-9.81090462977578
			7.5134681596635	-9.8023956058124
			7.5134681596635	-9.79388658184902
			7.50495913570012	-9.78537755788564
			7.50495913570012	-9.77686853392226
			7.49645011173674	-9.76835950995889
			7.49645011173674	-9.75985048599551
			7.48794108777336	-9.75134146203213
			7.48794108777336	-9.74283243806875
			7.47943206380998	-9.73432341410537
			7.47943206380998	-9.72581439014199
			7.47943206380998	-9.71730536617861
			7.4709230398466	-9.70879634221523
			7.46241401588323	-9.70028731825185
			7.46241401588323	-9.69177829428848
			7.45390499191985	-9.6832692703251
			7.45390499191985	-9.67476024636172
			7.44539596795647	-9.66625122239834
			7.43688694399309	-9.66625122239834
			7.43688694399309	-9.65774219843496
			7.42837792002971	-9.64923317447158
			7.42837792002971	-9.6407241505082
			7.41986889606633	-9.6407241505082
			7.41986889606633	-9.63221512654482
			7.41135987210295	-9.63221512654482
			7.40285084813957	-9.62370610258145
			7.40285084813957	-9.61519707861807
			7.39434182417619	-9.61519707861807
		</curveLM10>
		<curveLM11 type=matrix rownames=FALSE colnames=FALSE nrow=76 ncol=2 as.numeric=TRUE >
			7.39434182417619	-9.61519707861807
			7.38583280021282	-9.61519707861807
			7.37732377624944	-9.60668805465469
			7.36881475228606	-9.60668805465469
			7.36030572832268	-9.60668805465469
			7.3517967043593	-9.60668805465469
			7.34328768039592	-9.61519707861807
			7.33477865643254	-9.61519707861807
			7.32626963246916	-9.62370610258145
			7.31776060850579	-9.62370610258145
			7.30925158454241	-9.63221512654482
			7.30074256057903	-9.63221512654482
			7.29223353661565	-9.6407241505082
			7.28372451265227	-9.6407241505082
			7.27521548868889	-9.64923317447158
			7.26670646472551	-9.65774219843496
			7.25819744076213	-9.66625122239834
			7.24968841679876	-9.67476024636172
			7.24117939283538	-9.67476024636172
			7.232670368872	-9.6832692703251
			7.22416134490862	-9.69177829428848
			7.21565232094524	-9.69177829428848
			7.21565232094524	-9.70028731825185
			7.20714329698186	-9.70879634221523
			7.19863427301848	-9.70879634221523
			7.1901252490551	-9.71730536617861
			7.1901252490551	-9.72581439014199
			7.18161622509172	-9.72581439014199
			7.17310720112835	-9.73432341410537
			7.16459817716497	-9.74283243806875
			7.15608915320159	-9.75134146203213
			7.14758012923821	-9.75985048599551
			7.13907110527483	-9.76835950995889
			7.13056208131145	-9.77686853392226
			7.12205305734807	-9.78537755788564
			7.11354403338469	-9.79388658184902
			7.10503500942132	-9.8023956058124
			7.09652598545794	-9.81090462977578
			7.08801696149456	-9.81941365373916
			7.07950793753118	-9.82792267770254
			7.0709989135678	-9.83643170166592
			7.06248988960442	-9.83643170166592
			7.05398086564104	-9.84494072562929
			7.04547184167766	-9.84494072562929
			7.04547184167766	-9.85344974959267
			7.03696281771428	-9.86195877355605
			7.02845379375091	-9.86195877355605
			7.02845379375091	-9.87046779751943
			7.01994476978753	-9.87046779751943
			7.01143574582415	-9.87046779751943
			7.01143574582415	-9.87897682148281
			7.00292672186077	-9.87897682148281
			6.99441769789739	-9.88748584544619
			6.98590867393401	-9.89599486940957
			6.97739964997063	-9.89599486940957
			6.96889062600725	-9.90450389337295
			6.96038160204388	-9.91301291733633
			6.9518725780805	-9.91301291733633
			6.94336355411712	-9.92152194129971
			6.93485453015374	-9.92152194129971
			6.92634550619036	-9.93003096526308
			6.91783648222698	-9.93003096526308
			6.9093274582636	-9.93853998922646
			6.90081843430022	-9.93853998922646
			6.89230941033684	-9.93853998922646
			6.88380038637347	-9.94704901318984
			6.87529136241009	-9.94704901318984
			6.86678233844671	-9.94704901318984
			6.85827331448333	-9.94704901318984
			6.84976429051995	-9.94704901318984
			6.84125526655657	-9.94704901318984
			6.83274624259319	-9.94704901318984
			6.82423721862981	-9.94704901318984
			6.81572819466643	-9.94704901318984
			6.80721917070306	-9.93853998922646
			6.79871014673968	-9.93853998922646
		</curveLM11>
		<curveLM12 type=matrix rownames=FALSE colnames=FALSE nrow=372 ncol=2 as.numeric=TRUE >
			6.79871014673968	-9.93853998922646
			6.79871014673968	-9.93003096526308
			6.7902011227763	-9.93003096526308
			6.7902011227763	-9.92152194129971
			6.7902011227763	-9.91301291733633
			6.7902011227763	-9.90450389337295
			6.7902011227763	-9.89599486940957
			6.7902011227763	-9.88748584544619
			6.7902011227763	-9.87897682148281
			6.7902011227763	-9.87046779751943
			6.7902011227763	-9.86195877355605
			6.7902011227763	-9.85344974959267
			6.7902011227763	-9.84494072562929
			6.7902011227763	-9.83643170166592
			6.7902011227763	-9.82792267770254
			6.7902011227763	-9.81941365373916
			6.7902011227763	-9.81090462977578
			6.7902011227763	-9.8023956058124
			6.7902011227763	-9.79388658184902
			6.7902011227763	-9.78537755788564
			6.7902011227763	-9.77686853392226
			6.7902011227763	-9.76835950995889
			6.79871014673968	-9.75985048599551
			6.79871014673968	-9.75134146203213
			6.79871014673968	-9.74283243806875
			6.79871014673968	-9.73432341410537
			6.79871014673968	-9.72581439014199
			6.79871014673968	-9.71730536617861
			6.79871014673968	-9.70879634221523
			6.80721917070306	-9.70028731825185
			6.80721917070306	-9.69177829428848
			6.80721917070306	-9.6832692703251
			6.80721917070306	-9.67476024636172
			6.80721917070306	-9.66625122239834
			6.80721917070306	-9.65774219843496
			6.81572819466643	-9.64923317447158
			6.81572819466643	-9.6407241505082
			6.81572819466643	-9.63221512654482
			6.81572819466643	-9.62370610258145
			6.81572819466643	-9.61519707861807
			6.82423721862981	-9.60668805465469
			6.82423721862981	-9.59817903069131
			6.82423721862981	-9.58967000672793
			6.82423721862981	-9.58116098276455
			6.82423721862981	-9.57265195880117
			6.83274624259319	-9.56414293483779
			6.83274624259319	-9.55563391087442
			6.83274624259319	-9.54712488691104
			6.83274624259319	-9.53861586294766
			6.84125526655657	-9.53010683898428
			6.84125526655657	-9.5215978150209
			6.84125526655657	-9.51308879105752
			6.84125526655657	-9.50457976709414
			6.84125526655657	-9.49607074313076
			6.84976429051995	-9.48756171916738
			6.84976429051995	-9.47905269520401
			6.84976429051995	-9.47054367124063
			6.84976429051995	-9.46203464727725
			6.85827331448333	-9.45352562331387
			6.85827331448333	-9.44501659935049
			6.85827331448333	-9.43650757538711
			6.85827331448333	-9.42799855142373
			6.86678233844671	-9.41948952746035
			6.86678233844671	-9.41098050349698
			6.86678233844671	-9.4024714795336
			6.86678233844671	-9.39396245557022
			6.86678233844671	-9.38545343160684
			6.87529136241009	-9.38545343160684
			6.87529136241009	-9.37694440764346
			6.87529136241009	-9.36843538368008
			6.87529136241009	-9.3599263597167
			6.87529136241009	-9.35141733575332
			6.88380038637347	-9.34290831178994
			6.88380038637347	-9.33439928782657
			6.88380038637347	-9.32589026386319
			6.88380038637347	-9.31738123989981
			6.88380038637347	-9.30887221593643
			6.89230941033684	-9.30036319197305
			6.89230941033684	-9.29185416800967
			6.89230941033684	-9.28334514404629
			6.89230941033684	-9.27483612008291
			6.90081843430022	-9.26632709611954
			6.90081843430022	-9.25781807215616
			6.90081843430022	-9.24930904819278
			6.90081843430022	-9.2408000242294
			6.9093274582636	-9.23229100026602
			6.9093274582636	-9.22378197630264
			6.9093274582636	-9.21527295233926
			6.9093274582636	-9.20676392837588
			6.91783648222698	-9.1982549044125
			6.91783648222698	-9.18974588044913
			6.91783648222698	-9.18123685648575
			6.91783648222698	-9.17272783252237
			6.91783648222698	-9.16421880855899
			6.92634550619036	-9.15570978459561
			6.92634550619036	-9.14720076063223
			6.92634550619036	-9.13869173666885
			6.92634550619036	-9.13018271270547
			6.93485453015374	-9.1216736887421
			6.93485453015374	-9.11316466477872
			6.93485453015374	-9.10465564081534
			6.93485453015374	-9.09614661685196
			6.94336355411712	-9.08763759288858
			6.94336355411712	-9.0791285689252
			6.94336355411712	-9.07061954496182
			6.94336355411712	-9.06211052099844
			6.9518725780805	-9.05360149703506
			6.9518725780805	-9.04509247307169
			6.9518725780805	-9.03658344910831
			6.9518725780805	-9.02807442514493
			6.9518725780805	-9.01956540118155
			6.96038160204388	-9.01105637721817
			6.96038160204388	-9.00254735325479
			6.96038160204388	-8.99403832929141
			6.96889062600725	-8.98552930532803
			6.96889062600725	-8.97702028136466
			6.96889062600725	-8.96851125740128
			6.96889062600725	-8.9600022334379
			6.97739964997063	-8.95149320947452
			6.97739964997063	-8.94298418551114
			6.97739964997063	-8.93447516154776
			6.97739964997063	-8.92596613758438
			6.98590867393401	-8.917457113621
			6.98590867393401	-8.90894808965762
			6.98590867393401	-8.90043906569425
			6.98590867393401	-8.89193004173087
			6.98590867393401	-8.88342101776749
			6.99441769789739	-8.87491199380411
			6.99441769789739	-8.86640296984073
			6.99441769789739	-8.85789394587735
			7.00292672186077	-8.84938492191397
			7.00292672186077	-8.84087589795059
			7.00292672186077	-8.83236687398722
			7.00292672186077	-8.82385785002384
			7.00292672186077	-8.81534882606046
			7.01143574582415	-8.80683980209708
			7.01143574582415	-8.7983307781337
			7.01143574582415	-8.78982175417032
			7.01143574582415	-8.78131273020694
			7.01994476978753	-8.78131273020694
			7.01994476978753	-8.77280370624356
			7.01994476978753	-8.76429468228019
			7.01994476978753	-8.75578565831681
			7.01994476978753	-8.74727663435343
			7.02845379375091	-8.74727663435343
			7.02845379375091	-8.73876761039005
			7.02845379375091	-8.73025858642667
			7.02845379375091	-8.72174956246329
			7.03696281771428	-8.71324053849991
			7.03696281771428	-8.70473151453653
			7.03696281771428	-8.69622249057315
			7.03696281771428	-8.68771346660978
			7.03696281771428	-8.6792044426464
			7.04547184167766	-8.67069541868302
			7.04547184167766	-8.66218639471964
			7.04547184167766	-8.65367737075626
			7.05398086564104	-8.64516834679288
			7.05398086564104	-8.6366593228295
			7.05398086564104	-8.62815029886612
			7.05398086564104	-8.61964127490275
			7.06248988960442	-8.61113225093937
			7.06248988960442	-8.60262322697599
			7.06248988960442	-8.59411420301261
			7.06248988960442	-8.58560517904923
			7.0709989135678	-8.57709615508585
			7.0709989135678	-8.56858713112247
			7.0709989135678	-8.56007810715909
			7.0709989135678	-8.55156908319571
			7.07950793753118	-8.54306005923234
			7.07950793753118	-8.53455103526896
			7.07950793753118	-8.52604201130558
			7.08801696149456	-8.5175329873422
			7.08801696149456	-8.50902396337882
			7.08801696149456	-8.50051493941544
			7.08801696149456	-8.49200591545206
			7.08801696149456	-8.48349689148868
			7.09652598545794	-8.48349689148868
			7.09652598545794	-8.47498786752531
			7.09652598545794	-8.46647884356193
			7.09652598545794	-8.45796981959855
			7.10503500942132	-8.44946079563517
			7.10503500942132	-8.44095177167179
			7.10503500942132	-8.43244274770841
			7.10503500942132	-8.42393372374503
			7.11354403338469	-8.41542469978165
			7.11354403338469	-8.40691567581827
			7.11354403338469	-8.39840665185489
			7.11354403338469	-8.38989762789152
			7.12205305734807	-8.38138860392814
			7.12205305734807	-8.37287957996476
			7.12205305734807	-8.36437055600138
			7.12205305734807	-8.355861532038
			7.13056208131145	-8.355861532038
			7.13056208131145	-8.34735250807462
			7.13056208131145	-8.33884348411124
			7.13056208131145	-8.33033446014787
			7.13907110527483	-8.32182543618449
			7.13907110527483	-8.31331641222111
			7.13907110527483	-8.30480738825773
			7.13907110527483	-8.29629836429435
			7.14758012923821	-8.29629836429435
			7.14758012923821	-8.28778934033097
			7.14758012923821	-8.27928031636759
			7.14758012923821	-8.27077129240421
			7.15608915320159	-8.26226226844083
			7.15608915320159	-8.25375324447746
			7.15608915320159	-8.24524422051408
			7.16459817716497	-8.2367351965507
			7.16459817716497	-8.22822617258732
			7.16459817716497	-8.21971714862394
			7.16459817716497	-8.21120812466056
			7.17310720112835	-8.20269910069718
			7.17310720112835	-8.1941900767338
			7.17310720112835	-8.18568105277043
			7.18161622509172	-8.17717202880705
			7.18161622509172	-8.16866300484367
			7.18161622509172	-8.16015398088029
			7.18161622509172	-8.15164495691691
			7.1901252490551	-8.14313593295353
			7.1901252490551	-8.13462690899015
			7.1901252490551	-8.12611788502677
			7.19863427301848	-8.1176088610634
			7.19863427301848	-8.10909983710002
			7.19863427301848	-8.10059081313664
			7.19863427301848	-8.09208178917326
			7.20714329698186	-8.08357276520988
			7.20714329698186	-8.0750637412465
			7.20714329698186	-8.06655471728312
			7.21565232094524	-8.05804569331974
			7.21565232094524	-8.04953666935636
			7.21565232094524	-8.04102764539298
			7.21565232094524	-8.03251862142961
			7.22416134490862	-8.02400959746623
			7.22416134490862	-8.01550057350285
			7.22416134490862	-8.00699154953947
			7.232670368872	-7.99848252557609
			7.232670368872	-7.98997350161271
			7.232670368872	-7.98146447764933
			7.232670368872	-7.97295545368595
			7.24117939283538	-7.97295545368595
			7.24117939283538	-7.96444642972258
			7.24117939283538	-7.9559374057592
			7.24117939283538	-7.94742838179582
			7.24968841679876	-7.93891935783244
			7.24968841679876	-7.93041033386906
			7.24968841679876	-7.92190130990568
			7.25819744076213	-7.9133922859423
			7.25819744076213	-7.90488326197892
			7.25819744076213	-7.89637423801555
			7.25819744076213	-7.88786521405217
			7.26670646472551	-7.88786521405217
			7.26670646472551	-7.87935619008879
			7.26670646472551	-7.87084716612541
			7.27521548868889	-7.86233814216203
			7.27521548868889	-7.85382911819865
			7.27521548868889	-7.84532009423527
			7.27521548868889	-7.83681107027189
			7.28372451265227	-7.82830204630852
			7.28372451265227	-7.81979302234514
			7.29223353661565	-7.81128399838176
			7.29223353661565	-7.80277497441838
			7.29223353661565	-7.794265950455
			7.30074256057903	-7.78575692649162
			7.30074256057903	-7.77724790252824
			7.30074256057903	-7.76873887856486
			7.30925158454241	-7.76022985460148
			7.30925158454241	-7.75172083063811
			7.30925158454241	-7.74321180667473
			7.31776060850579	-7.73470278271135
			7.31776060850579	-7.72619375874797
			7.31776060850579	-7.71768473478459
			7.32626963246916	-7.70917571082121
			7.32626963246916	-7.70066668685783
			7.32626963246916	-7.69215766289445
			7.33477865643254	-7.68364863893107
			7.33477865643254	-7.6751396149677
			7.33477865643254	-7.66663059100432
			7.33477865643254	-7.65812156704094
			7.34328768039592	-7.64961254307756
			7.34328768039592	-7.64110351911418
			7.34328768039592	-7.6325944951508
			7.3517967043593	-7.62408547118742
			7.3517967043593	-7.61557644722404
			7.3517967043593	-7.60706742326067
			7.36030572832268	-7.59855839929729
			7.36030572832268	-7.59004937533391
			7.36030572832268	-7.58154035137053
			7.36881475228606	-7.57303132740715
			7.36881475228606	-7.56452230344377
			7.37732377624944	-7.55601327948039
			7.37732377624944	-7.54750425551701
			7.37732377624944	-7.53899523155363
			7.38583280021282	-7.53048620759026
			7.38583280021282	-7.52197718362688
			7.39434182417619	-7.5134681596635
			7.39434182417619	-7.50495913570012
			7.39434182417619	-7.49645011173674
			7.39434182417619	-7.48794108777336
			7.40285084813957	-7.48794108777336
			7.40285084813957	-7.47943206380998
			7.40285084813957	-7.4709230398466
			7.41135987210295	-7.46241401588323
			7.41135987210295	-7.45390499191985
			7.41135987210295	-7.44539596795647
			7.41986889606633	-7.43688694399309
			7.41986889606633	-7.42837792002971
			7.41986889606633	-7.41986889606633
			7.42837792002971	-7.41986889606633
			7.42837792002971	-7.41135987210295
			7.42837792002971	-7.40285084813957
			7.43688694399309	-7.39434182417619
			7.43688694399309	-7.38583280021282
			7.43688694399309	-7.37732377624944
			7.44539596795647	-7.37732377624944
			7.44539596795647	-7.36881475228606
			7.44539596795647	-7.36030572832268
			7.45390499191985	-7.3517967043593
			7.45390499191985	-7.34328768039592
			7.46241401588323	-7.33477865643254
			7.46241401588323	-7.32626963246916
			7.46241401588323	-7.31776060850579
			7.4709230398466	-7.30925158454241
			7.4709230398466	-7.30074256057903
			7.47943206380998	-7.29223353661565
			7.47943206380998	-7.28372451265227
			7.47943206380998	-7.27521548868889
			7.48794108777336	-7.26670646472551
			7.49645011173674	-7.25819744076213
			7.49645011173674	-7.24968841679876
			7.49645011173674	-7.24117939283538
			7.50495913570012	-7.232670368872
			7.50495913570012	-7.22416134490862
			7.5134681596635	-7.21565232094524
			7.5134681596635	-7.20714329698186
			7.52197718362688	-7.19863427301848
			7.52197718362688	-7.1901252490551
			7.53048620759026	-7.18161622509172
			7.53048620759026	-7.17310720112835
			7.53899523155363	-7.16459817716497
			7.53899523155363	-7.15608915320159
			7.53899523155363	-7.14758012923821
			7.54750425551701	-7.13907110527483
			7.54750425551701	-7.13056208131145
			7.55601327948039	-7.12205305734807
			7.55601327948039	-7.11354403338469
			7.56452230344377	-7.10503500942132
			7.56452230344377	-7.09652598545794
			7.57303132740715	-7.09652598545794
			7.57303132740715	-7.08801696149456
			7.57303132740715	-7.07950793753118
			7.58154035137053	-7.0709989135678
			7.58154035137053	-7.06248988960442
			7.59004937533391	-7.05398086564104
			7.59855839929729	-7.04547184167766
			7.59855839929729	-7.03696281771428
			7.60706742326067	-7.02845379375091
			7.60706742326067	-7.01994476978753
			7.61557644722404	-7.01143574582415
			7.61557644722404	-7.00292672186077
			7.62408547118742	-6.99441769789739
			7.62408547118742	-6.98590867393401
			7.6325944951508	-6.98590867393401
			7.6325944951508	-6.97739964997063
			7.64110351911418	-6.96889062600725
			7.64110351911418	-6.96038160204388
			7.64961254307756	-6.9518725780805
			7.65812156704094	-6.9518725780805
			7.65812156704094	-6.94336355411712
			7.66663059100432	-6.93485453015374
			7.66663059100432	-6.92634550619036
			7.6751396149677	-6.92634550619036
			7.6751396149677	-6.91783648222698
		</curveLM12>
	</curves.scaled>
	<ruler.points type=matrix rownames=TRUE colnames=FALSE nrow=5 ncol=2 as.numeric=TRUE >
		Ruler point 1	433	1408
		Ruler point 2	551	1409
		Ruler point 3	667	1409
		Ruler point 4	785	1409
		Ruler point 5	904	1409
	</ruler.points>
</shapes>

