<shapes type=list>
	<ruler.pixel type=vector names=FALSE length=1 as.numeric=TRUE >117</ruler.pixel>
	<ruler.interval type=vector names=FALSE length=1 as.numeric=TRUE >1</ruler.interval>
	<scaling.units type=vector names=FALSE length=1 as.numeric=FALSE >cm</scaling.units>
	<scaling type=vector names=FALSE length=1 as.numeric=TRUE >0.00854700854700855</scaling>
	<landmarks.pixel type=matrix rownames=TRUE colnames=FALSE nrow=6 ncol=2 as.numeric=TRUE >
		LM01	904	851
		LM02	1010	1176
		LM03	939	1137
		LM04	899	1196
		LM05	861	1133
		LM06	796	1173
	</landmarks.pixel>
	<landmarks.scaled type=matrix rownames=TRUE colnames=FALSE nrow=6 ncol=2 as.numeric=TRUE >
		LM01	7.72649572649573	-7.27350427350427
		LM02	8.63247863247863	-10.0512820512821
		LM03	8.02564102564103	-9.71794871794872
		LM04	7.68376068376068	-10.2222222222222
		LM05	7.35897435897436	-9.68376068376068
		LM06	6.8034188034188	-10.025641025641
	</landmarks.scaled>
	<curves.control type=list>
		<curveLM07 type=matrix rownames=FALSE colnames=FALSE nrow=5 ncol=2 as.numeric=TRUE >
			904	851
			929	879
			962	979
			1033	1168
			1010	1176
		</curveLM07>
		<curveLM08 type=matrix rownames=FALSE colnames=FALSE nrow=5 ncol=2 as.numeric=TRUE >
			1010	1176
			1003	1183
			976	1155
			953	1133
			939	1137
		</curveLM08>
		<curveLM09 type=matrix rownames=FALSE colnames=FALSE nrow=5 ncol=2 as.numeric=TRUE >
			939	1137
			925	1142
			920	1172
			910	1201
			899	1196
		</curveLM09>
		<curveLM10 type=matrix rownames=FALSE colnames=FALSE nrow=5 ncol=2 as.numeric=TRUE >
			899	1196
			883	1196
			881	1175
			872	1138
			861	1133
		</curveLM10>
		<curveLM11 type=matrix rownames=FALSE colnames=FALSE nrow=5 ncol=2 as.numeric=TRUE >
			861	1133
			846	1131
			830	1151
			808	1177
			796	1173
		</curveLM11>
		<curveLM12 type=matrix rownames=FALSE colnames=FALSE nrow=7 ncol=2 as.numeric=TRUE >
			796	1173
			789	1149
			827	1044
			848	956
			873	893
			888	859
			904	851
		</curveLM12>
	</curves.control>
	<curves.pixel type=list>
		<curveLM07 type=matrix rownames=FALSE colnames=FALSE nrow=334 ncol=2 as.numeric=TRUE >
			904	851
			905	852
			906	853
			907	854
			908	855
			908	856
			909	857
			910	858
			910	859
			911	860
			912	861
			913	862
			913	863
			913	864
			914	864
			914	865
			915	866
			915	867
			916	867
			916	868
			917	869
			917	870
			918	871
			918	872
			919	873
			920	874
			920	875
			921	876
			921	877
			922	878
			922	879
			923	880
			923	881
			924	882
			924	883
			925	884
			925	885
			926	886
			926	887
			927	888
			927	889
			928	890
			928	891
			929	892
			929	893
			930	894
			930	895
			931	896
			931	897
			932	898
			932	899
			932	900
			933	901
			933	902
			934	903
			934	904
			935	905
			935	906
			936	907
			936	908
			936	909
			937	910
			937	911
			938	912
			938	913
			938	914
			939	915
			939	916
			940	917
			940	918
			940	919
			941	920
			941	921
			942	922
			942	923
			942	924
			943	925
			943	926
			944	927
			944	928
			944	929
			945	930
			945	931
			946	932
			946	933
			946	934
			947	935
			947	936
			947	937
			948	938
			948	939
			948	940
			949	941
			949	942
			950	943
			950	944
			950	945
			951	946
			951	947
			951	948
			952	949
			952	950
			952	951
			953	952
			953	953
			953	954
			954	955
			954	956
			955	957
			955	958
			955	959
			956	960
			956	961
			956	962
			957	963
			957	964
			957	965
			958	966
			958	967
			958	968
			959	969
			959	970
			959	971
			960	972
			960	973
			960	974
			961	975
			961	976
			961	977
			962	978
			962	979
			962	980
			963	981
			963	982
			964	983
			964	984
			964	985
			965	986
			965	987
			965	988
			966	989
			966	990
			967	991
			967	992
			967	993
			968	994
			968	995
			968	996
			969	997
			969	998
			970	999
			970	1000
			970	1001
			971	1002
			971	1003
			971	1004
			972	1005
			972	1006
			972	1007
			973	1008
			973	1009
			974	1010
			974	1011
			974	1012
			975	1013
			975	1014
			975	1015
			976	1016
			976	1017
			976	1018
			977	1019
			977	1020
			978	1021
			978	1022
			978	1023
			979	1024
			979	1025
			979	1026
			980	1027
			980	1028
			980	1029
			981	1030
			981	1031
			981	1032
			982	1033
			982	1034
			983	1035
			983	1036
			983	1037
			984	1038
			984	1039
			984	1040
			985	1041
			985	1042
			985	1043
			986	1044
			986	1045
			986	1046
			987	1047
			987	1048
			987	1049
			987	1050
			988	1051
			988	1052
			988	1053
			989	1054
			989	1055
			990	1056
			990	1057
			990	1058
			991	1059
			991	1060
			991	1061
			992	1062
			992	1063
			992	1064
			993	1065
			993	1066
			993	1067
			993	1068
			994	1069
			994	1070
			995	1071
			995	1072
			995	1073
			996	1074
			996	1075
			996	1076
			996	1077
			997	1078
			997	1079
			997	1080
			998	1081
			998	1082
			998	1083
			999	1084
			999	1085
			999	1086
			1000	1087
			1000	1088
			1000	1089
			1000	1090
			1001	1090
			1001	1091
			1001	1092
			1001	1093
			1002	1094
			1002	1095
			1002	1096
			1003	1097
			1003	1098
			1003	1099
			1003	1100
			1004	1101
			1004	1102
			1004	1103
			1004	1104
			1005	1105
			1005	1106
			1006	1107
			1006	1108
			1006	1109
			1006	1110
			1007	1111
			1007	1112
			1007	1113
			1007	1114
			1007	1115
			1008	1115
			1008	1116
			1008	1117
			1008	1118
			1009	1119
			1009	1120
			1009	1121
			1009	1122
			1010	1123
			1010	1124
			1010	1125
			1010	1126
			1011	1127
			1011	1128
			1011	1129
			1011	1130
			1011	1131
			1012	1132
			1012	1133
			1012	1134
			1012	1135
			1013	1136
			1013	1137
			1013	1138
			1013	1139
			1013	1140
			1013	1141
			1014	1142
			1014	1143
			1014	1144
			1014	1145
			1014	1146
			1014	1147
			1014	1148
			1015	1148
			1015	1149
			1015	1150
			1015	1151
			1015	1152
			1015	1153
			1015	1154
			1015	1155
			1015	1156
			1015	1157
			1016	1158
			1016	1159
			1016	1160
			1016	1161
			1016	1162
			1016	1163
			1016	1164
			1015	1165
			1015	1166
			1015	1167
			1015	1168
			1015	1169
			1015	1170
			1014	1171
			1014	1172
			1014	1173
			1013	1173
			1013	1174
			1012	1174
			1012	1175
			1011	1176
			1010	1176
		</curveLM07>
		<curveLM08 type=matrix rownames=FALSE colnames=FALSE nrow=78 ncol=2 as.numeric=TRUE >
			1010	1176
			1009	1177
			1008	1177
			1007	1177
			1006	1177
			1005	1177
			1004	1177
			1003	1177
			1002	1176
			1001	1176
			1000	1176
			1000	1175
			999	1175
			998	1174
			997	1174
			996	1173
			995	1172
			994	1171
			993	1171
			993	1170
			992	1170
			991	1169
			990	1169
			990	1168
			989	1167
			988	1167
			987	1166
			987	1165
			986	1165
			985	1164
			984	1163
			983	1162
			982	1161
			981	1160
			980	1159
			979	1158
			978	1157
			977	1156
			976	1155
			975	1154
			974	1153
			973	1152
			972	1152
			972	1151
			971	1150
			970	1150
			970	1149
			969	1149
			968	1148
			967	1147
			966	1146
			965	1146
			964	1145
			963	1144
			962	1143
			961	1142
			960	1142
			959	1141
			958	1141
			957	1140
			956	1140
			955	1139
			954	1139
			953	1138
			952	1138
			951	1138
			950	1137
			949	1137
			948	1137
			947	1137
			946	1137
			945	1136
			944	1136
			943	1136
			942	1136
			941	1137
			940	1137
			939	1137
		</curveLM08>
		<curveLM09 type=matrix rownames=FALSE colnames=FALSE nrow=72 ncol=2 as.numeric=TRUE >
			939	1137
			938	1137
			938	1138
			937	1138
			936	1138
			936	1139
			935	1139
			934	1140
			933	1141
			932	1142
			931	1143
			930	1144
			929	1145
			929	1146
			928	1147
			927	1148
			927	1149
			926	1150
			926	1151
			926	1152
			925	1153
			925	1154
			924	1155
			924	1156
			924	1157
			923	1158
			923	1159
			923	1160
			922	1161
			922	1162
			922	1163
			922	1164
			921	1165
			921	1166
			921	1167
			921	1168
			921	1169
			920	1170
			920	1171
			920	1172
			920	1173
			919	1174
			919	1175
			919	1176
			918	1176
			918	1177
			918	1178
			917	1179
			917	1180
			917	1181
			916	1182
			916	1183
			915	1184
			915	1185
			914	1186
			914	1187
			913	1188
			912	1189
			912	1190
			911	1191
			910	1192
			909	1193
			908	1194
			907	1195
			906	1196
			905	1196
			904	1197
			903	1197
			902	1197
			901	1197
			900	1196
			899	1196
		</curveLM09>
		<curveLM10 type=matrix rownames=FALSE colnames=FALSE nrow=74 ncol=2 as.numeric=TRUE >
			899	1196
			898	1196
			897	1196
			896	1196
			895	1196
			894	1195
			893	1195
			892	1195
			891	1194
			890	1194
			889	1193
			888	1193
			888	1192
			887	1191
			886	1191
			886	1190
			885	1189
			885	1188
			884	1187
			884	1186
			883	1185
			883	1184
			882	1183
			882	1182
			882	1181
			882	1180
			882	1179
			881	1178
			881	1177
			881	1176
			881	1175
			881	1174
			880	1173
			880	1172
			880	1171
			880	1170
			879	1169
			879	1168
			879	1167
			879	1166
			878	1165
			878	1164
			878	1163
			878	1162
			877	1161
			877	1160
			876	1159
			876	1158
			876	1157
			876	1156
			875	1155
			875	1154
			875	1153
			874	1152
			874	1151
			873	1150
			873	1149
			872	1148
			872	1147
			872	1146
			871	1145
			870	1144
			870	1143
			869	1142
			869	1141
			868	1140
			867	1139
			867	1138
			866	1137
			865	1136
			864	1135
			863	1134
			862	1133
			861	1133
		</curveLM10>
		<curveLM11 type=matrix rownames=FALSE colnames=FALSE nrow=73 ncol=2 as.numeric=TRUE >
			861	1133
			860	1133
			859	1133
			858	1133
			857	1133
			856	1133
			855	1133
			854	1133
			853	1133
			853	1134
			852	1134
			851	1134
			850	1135
			849	1135
			848	1135
			847	1136
			846	1136
			845	1137
			844	1137
			843	1138
			842	1139
			841	1139
			840	1140
			839	1141
			839	1142
			838	1143
			837	1144
			836	1145
			835	1146
			834	1147
			833	1148
			832	1149
			831	1150
			830	1151
			829	1152
			828	1153
			828	1154
			827	1155
			826	1156
			825	1156
			825	1157
			824	1158
			823	1159
			822	1159
			822	1160
			821	1161
			820	1162
			819	1162
			819	1163
			818	1164
			817	1164
			817	1165
			816	1165
			815	1166
			814	1167
			813	1168
			812	1168
			811	1169
			810	1170
			809	1170
			808	1171
			807	1171
			806	1172
			805	1172
			804	1173
			803	1173
			802	1173
			801	1173
			800	1173
			799	1174
			798	1173
			797	1173
			796	1173
		</curveLM11>
		<curveLM12 type=matrix rownames=FALSE colnames=FALSE nrow=338 ncol=2 as.numeric=TRUE >
			796	1173
			796	1172
			796	1171
			795	1170
			795	1169
			795	1168
			795	1167
			795	1166
			795	1165
			795	1164
			795	1163
			795	1162
			795	1161
			795	1160
			795	1159
			795	1158
			795	1157
			795	1156
			795	1155
			795	1154
			796	1154
			796	1153
			796	1152
			796	1151
			796	1150
			796	1149
			796	1148
			796	1147
			797	1146
			797	1145
			797	1144
			797	1143
			797	1142
			797	1141
			798	1140
			798	1139
			798	1138
			798	1137
			799	1136
			799	1135
			799	1134
			799	1133
			800	1132
			800	1131
			800	1130
			800	1129
			800	1128
			801	1127
			801	1126
			801	1125
			801	1124
			802	1124
			802	1123
			802	1122
			802	1121
			802	1120
			803	1119
			803	1118
			803	1117
			803	1116
			804	1115
			804	1114
			804	1113
			805	1112
			805	1111
			805	1110
			806	1109
			806	1108
			806	1107
			806	1106
			807	1105
			807	1104
			807	1103
			808	1102
			808	1101
			808	1100
			808	1099
			809	1098
			809	1097
			809	1096
			810	1095
			810	1094
			810	1093
			811	1092
			811	1091
			811	1090
			812	1089
			812	1088
			812	1087
			813	1086
			813	1085
			813	1084
			814	1083
			814	1082
			814	1081
			815	1080
			815	1079
			815	1078
			816	1077
			816	1076
			816	1075
			816	1074
			817	1074
			817	1073
			817	1072
			817	1071
			818	1071
			818	1070
			818	1069
			818	1068
			819	1067
			819	1066
			820	1065
			820	1064
			820	1063
			821	1062
			821	1061
			821	1060
			822	1059
			822	1058
			822	1057
			823	1056
			823	1055
			823	1054
			824	1053
			824	1052
			825	1051
			825	1050
			825	1049
			826	1048
			826	1047
			826	1046
			827	1045
			827	1044
			827	1043
			827	1042
			828	1041
			828	1040
			828	1039
			828	1038
			829	1037
			829	1036
			829	1035
			829	1034
			830	1033
			830	1032
			830	1031
			831	1030
			831	1029
			831	1028
			831	1027
			831	1026
			832	1025
			832	1024
			832	1023
			832	1022
			833	1021
			833	1020
			833	1019
			833	1018
			834	1017
			834	1016
			834	1015
			835	1014
			835	1013
			835	1012
			835	1011
			836	1010
			836	1009
			836	1008
			836	1007
			836	1006
			837	1006
			837	1005
			837	1004
			837	1003
			838	1002
			838	1001
			838	1000
			839	999
			839	998
			839	997
			839	996
			840	995
			840	994
			840	993
			840	992
			840	991
			841	991
			841	990
			841	989
			841	988
			842	987
			842	986
			842	985
			843	984
			843	983
			843	982
			844	981
			844	980
			844	979
			844	978
			845	977
			845	976
			845	975
			846	974
			846	973
			846	972
			846	971
			847	970
			847	969
			847	968
			848	967
			848	966
			848	965
			849	964
			849	963
			849	962
			849	961
			850	960
			850	959
			850	958
			851	957
			851	956
			851	955
			852	954
			852	953
			852	952
			852	951
			853	950
			853	949
			853	948
			854	947
			854	946
			854	945
			855	944
			855	943
			855	942
			856	941
			856	940
			857	939
			857	938
			857	937
			857	936
			858	935
			858	934
			858	933
			859	932
			859	931
			859	930
			860	929
			860	928
			860	927
			861	926
			861	925
			861	924
			862	923
			862	922
			863	921
			863	920
			863	919
			864	918
			864	917
			864	916
			865	915
			865	914
			865	913
			866	913
			866	912
			866	911
			866	910
			867	910
			867	909
			867	908
			867	907
			868	907
			868	906
			868	905
			869	904
			869	903
			870	902
			870	901
			870	900
			871	899
			871	898
			871	897
			872	896
			872	895
			873	894
			873	893
			873	892
			874	892
			874	891
			874	890
			875	889
			875	888
			876	887
			876	886
			877	885
			877	884
			878	883
			878	882
			879	881
			879	880
			880	879
			880	878
			881	877
			881	876
			882	875
			882	874
			883	873
			884	873
			884	872
			885	871
			885	870
			886	869
			887	868
			887	867
			888	866
			888	865
			889	864
			890	864
			890	863
			891	862
			892	861
			893	860
			894	859
			895	858
			896	857
			896	856
			897	856
			898	855
			899	854
			900	853
			901	853
			902	852
			903	852
			904	851
		</curveLM12>
	</curves.pixel>
	<curves.scaled type=list>
		<curveLM07 type=matrix rownames=FALSE colnames=FALSE nrow=334 ncol=2 as.numeric=TRUE >
			7.72649572649573	-7.27350427350427
			7.73504273504274	-7.28205128205128
			7.74358974358974	-7.29059829059829
			7.75213675213675	-7.2991452991453
			7.76068376068376	-7.30769230769231
			7.76068376068376	-7.31623931623932
			7.76923076923077	-7.32478632478633
			7.77777777777778	-7.33333333333333
			7.77777777777778	-7.34188034188034
			7.78632478632479	-7.35042735042735
			7.7948717948718	-7.35897435897436
			7.8034188034188	-7.36752136752137
			7.8034188034188	-7.37606837606838
			7.8034188034188	-7.38461538461539
			7.81196581196581	-7.38461538461539
			7.81196581196581	-7.39316239316239
			7.82051282051282	-7.4017094017094
			7.82051282051282	-7.41025641025641
			7.82905982905983	-7.41025641025641
			7.82905982905983	-7.41880341880342
			7.83760683760684	-7.42735042735043
			7.83760683760684	-7.43589743589744
			7.84615384615385	-7.44444444444445
			7.84615384615385	-7.45299145299145
			7.85470085470086	-7.46153846153846
			7.86324786324786	-7.47008547008547
			7.86324786324786	-7.47863247863248
			7.87179487179487	-7.48717948717949
			7.87179487179487	-7.4957264957265
			7.88034188034188	-7.50427350427351
			7.88034188034188	-7.51282051282051
			7.88888888888889	-7.52136752136752
			7.88888888888889	-7.52991452991453
			7.8974358974359	-7.53846153846154
			7.8974358974359	-7.54700854700855
			7.90598290598291	-7.55555555555556
			7.90598290598291	-7.56410256410256
			7.91452991452992	-7.57264957264957
			7.91452991452992	-7.58119658119658
			7.92307692307692	-7.58974358974359
			7.92307692307692	-7.5982905982906
			7.93162393162393	-7.60683760683761
			7.93162393162393	-7.61538461538462
			7.94017094017094	-7.62393162393162
			7.94017094017094	-7.63247863247863
			7.94871794871795	-7.64102564102564
			7.94871794871795	-7.64957264957265
			7.95726495726496	-7.65811965811966
			7.95726495726496	-7.66666666666667
			7.96581196581197	-7.67521367521368
			7.96581196581197	-7.68376068376068
			7.96581196581197	-7.69230769230769
			7.97435897435898	-7.7008547008547
			7.97435897435898	-7.70940170940171
			7.98290598290598	-7.71794871794872
			7.98290598290598	-7.72649572649573
			7.99145299145299	-7.73504273504274
			7.99145299145299	-7.74358974358974
			8	-7.75213675213675
			8	-7.76068376068376
			8	-7.76923076923077
			8.00854700854701	-7.77777777777778
			8.00854700854701	-7.78632478632479
			8.01709401709402	-7.7948717948718
			8.01709401709402	-7.8034188034188
			8.01709401709402	-7.81196581196581
			8.02564102564103	-7.82051282051282
			8.02564102564103	-7.82905982905983
			8.03418803418804	-7.83760683760684
			8.03418803418804	-7.84615384615385
			8.03418803418804	-7.85470085470086
			8.04273504273504	-7.86324786324786
			8.04273504273504	-7.87179487179487
			8.05128205128205	-7.88034188034188
			8.05128205128205	-7.88888888888889
			8.05128205128205	-7.8974358974359
			8.05982905982906	-7.90598290598291
			8.05982905982906	-7.91452991452992
			8.06837606837607	-7.92307692307692
			8.06837606837607	-7.93162393162393
			8.06837606837607	-7.94017094017094
			8.07692307692308	-7.94871794871795
			8.07692307692308	-7.95726495726496
			8.08547008547009	-7.96581196581197
			8.08547008547009	-7.97435897435898
			8.08547008547009	-7.98290598290598
			8.0940170940171	-7.99145299145299
			8.0940170940171	-8
			8.0940170940171	-8.00854700854701
			8.1025641025641	-8.01709401709402
			8.1025641025641	-8.02564102564103
			8.1025641025641	-8.03418803418804
			8.11111111111111	-8.04273504273504
			8.11111111111111	-8.05128205128205
			8.11965811965812	-8.05982905982906
			8.11965811965812	-8.06837606837607
			8.11965811965812	-8.07692307692308
			8.12820512820513	-8.08547008547009
			8.12820512820513	-8.0940170940171
			8.12820512820513	-8.1025641025641
			8.13675213675214	-8.11111111111111
			8.13675213675214	-8.11965811965812
			8.13675213675214	-8.12820512820513
			8.14529914529915	-8.13675213675214
			8.14529914529915	-8.14529914529915
			8.14529914529915	-8.15384615384616
			8.15384615384616	-8.16239316239316
			8.15384615384616	-8.17094017094017
			8.16239316239316	-8.17948717948718
			8.16239316239316	-8.18803418803419
			8.16239316239316	-8.1965811965812
			8.17094017094017	-8.20512820512821
			8.17094017094017	-8.21367521367521
			8.17094017094017	-8.22222222222222
			8.17948717948718	-8.23076923076923
			8.17948717948718	-8.23931623931624
			8.17948717948718	-8.24786324786325
			8.18803418803419	-8.25641025641026
			8.18803418803419	-8.26495726495727
			8.18803418803419	-8.27350427350427
			8.1965811965812	-8.28205128205128
			8.1965811965812	-8.29059829059829
			8.1965811965812	-8.2991452991453
			8.20512820512821	-8.30769230769231
			8.20512820512821	-8.31623931623932
			8.20512820512821	-8.32478632478633
			8.21367521367521	-8.33333333333333
			8.21367521367521	-8.34188034188034
			8.21367521367521	-8.35042735042735
			8.22222222222222	-8.35897435897436
			8.22222222222222	-8.36752136752137
			8.22222222222222	-8.37606837606838
			8.23076923076923	-8.38461538461539
			8.23076923076923	-8.39316239316239
			8.23931623931624	-8.4017094017094
			8.23931623931624	-8.41025641025641
			8.23931623931624	-8.41880341880342
			8.24786324786325	-8.42735042735043
			8.24786324786325	-8.43589743589744
			8.24786324786325	-8.44444444444444
			8.25641025641026	-8.45299145299145
			8.25641025641026	-8.46153846153846
			8.26495726495727	-8.47008547008547
			8.26495726495727	-8.47863247863248
			8.26495726495727	-8.48717948717949
			8.27350427350427	-8.4957264957265
			8.27350427350427	-8.5042735042735
			8.27350427350427	-8.51282051282051
			8.28205128205128	-8.52136752136752
			8.28205128205128	-8.52991452991453
			8.29059829059829	-8.53846153846154
			8.29059829059829	-8.54700854700855
			8.29059829059829	-8.55555555555556
			8.2991452991453	-8.56410256410257
			8.2991452991453	-8.57264957264957
			8.2991452991453	-8.58119658119658
			8.30769230769231	-8.58974358974359
			8.30769230769231	-8.5982905982906
			8.30769230769231	-8.60683760683761
			8.31623931623932	-8.61538461538462
			8.31623931623932	-8.62393162393163
			8.32478632478633	-8.63247863247863
			8.32478632478633	-8.64102564102564
			8.32478632478633	-8.64957264957265
			8.33333333333333	-8.65811965811966
			8.33333333333333	-8.66666666666667
			8.33333333333333	-8.67521367521368
			8.34188034188034	-8.68376068376068
			8.34188034188034	-8.69230769230769
			8.34188034188034	-8.7008547008547
			8.35042735042735	-8.70940170940171
			8.35042735042735	-8.71794871794872
			8.35897435897436	-8.72649572649573
			8.35897435897436	-8.73504273504274
			8.35897435897436	-8.74358974358974
			8.36752136752137	-8.75213675213675
			8.36752136752137	-8.76068376068376
			8.36752136752137	-8.76923076923077
			8.37606837606838	-8.77777777777778
			8.37606837606838	-8.78632478632479
			8.37606837606838	-8.7948717948718
			8.38461538461539	-8.8034188034188
			8.38461538461539	-8.81196581196581
			8.38461538461539	-8.82051282051282
			8.39316239316239	-8.82905982905983
			8.39316239316239	-8.83760683760684
			8.4017094017094	-8.84615384615385
			8.4017094017094	-8.85470085470086
			8.4017094017094	-8.86324786324786
			8.41025641025641	-8.87179487179487
			8.41025641025641	-8.88034188034188
			8.41025641025641	-8.88888888888889
			8.41880341880342	-8.8974358974359
			8.41880341880342	-8.90598290598291
			8.41880341880342	-8.91452991452991
			8.42735042735043	-8.92307692307692
			8.42735042735043	-8.93162393162393
			8.42735042735043	-8.94017094017094
			8.43589743589744	-8.94871794871795
			8.43589743589744	-8.95726495726496
			8.43589743589744	-8.96581196581197
			8.43589743589744	-8.97435897435897
			8.44444444444444	-8.98290598290598
			8.44444444444444	-8.99145299145299
			8.44444444444444	-9
			8.45299145299145	-9.00854700854701
			8.45299145299145	-9.01709401709402
			8.46153846153846	-9.02564102564103
			8.46153846153846	-9.03418803418804
			8.46153846153846	-9.04273504273504
			8.47008547008547	-9.05128205128205
			8.47008547008547	-9.05982905982906
			8.47008547008547	-9.06837606837607
			8.47863247863248	-9.07692307692308
			8.47863247863248	-9.08547008547009
			8.47863247863248	-9.0940170940171
			8.48717948717949	-9.1025641025641
			8.48717948717949	-9.11111111111111
			8.48717948717949	-9.11965811965812
			8.48717948717949	-9.12820512820513
			8.4957264957265	-9.13675213675214
			8.4957264957265	-9.14529914529915
			8.5042735042735	-9.15384615384616
			8.5042735042735	-9.16239316239316
			8.5042735042735	-9.17094017094017
			8.51282051282051	-9.17948717948718
			8.51282051282051	-9.18803418803419
			8.51282051282051	-9.1965811965812
			8.51282051282051	-9.20512820512821
			8.52136752136752	-9.21367521367521
			8.52136752136752	-9.22222222222222
			8.52136752136752	-9.23076923076923
			8.52991452991453	-9.23931623931624
			8.52991452991453	-9.24786324786325
			8.52991452991453	-9.25641025641026
			8.53846153846154	-9.26495726495727
			8.53846153846154	-9.27350427350427
			8.53846153846154	-9.28205128205128
			8.54700854700855	-9.29059829059829
			8.54700854700855	-9.2991452991453
			8.54700854700855	-9.30769230769231
			8.54700854700855	-9.31623931623932
			8.55555555555556	-9.31623931623932
			8.55555555555556	-9.32478632478633
			8.55555555555556	-9.33333333333333
			8.55555555555556	-9.34188034188034
			8.56410256410257	-9.35042735042735
			8.56410256410257	-9.35897435897436
			8.56410256410257	-9.36752136752137
			8.57264957264957	-9.37606837606838
			8.57264957264957	-9.38461538461539
			8.57264957264957	-9.39316239316239
			8.57264957264957	-9.4017094017094
			8.58119658119658	-9.41025641025641
			8.58119658119658	-9.41880341880342
			8.58119658119658	-9.42735042735043
			8.58119658119658	-9.43589743589744
			8.58974358974359	-9.44444444444444
			8.58974358974359	-9.45299145299145
			8.5982905982906	-9.46153846153846
			8.5982905982906	-9.47008547008547
			8.5982905982906	-9.47863247863248
			8.5982905982906	-9.48717948717949
			8.60683760683761	-9.4957264957265
			8.60683760683761	-9.50427350427351
			8.60683760683761	-9.51282051282051
			8.60683760683761	-9.52136752136752
			8.60683760683761	-9.52991452991453
			8.61538461538462	-9.52991452991453
			8.61538461538462	-9.53846153846154
			8.61538461538462	-9.54700854700855
			8.61538461538462	-9.55555555555556
			8.62393162393163	-9.56410256410257
			8.62393162393163	-9.57264957264957
			8.62393162393163	-9.58119658119658
			8.62393162393163	-9.58974358974359
			8.63247863247863	-9.5982905982906
			8.63247863247863	-9.60683760683761
			8.63247863247863	-9.61538461538462
			8.63247863247863	-9.62393162393163
			8.64102564102564	-9.63247863247863
			8.64102564102564	-9.64102564102564
			8.64102564102564	-9.64957264957265
			8.64102564102564	-9.65811965811966
			8.64102564102564	-9.66666666666667
			8.64957264957265	-9.67521367521368
			8.64957264957265	-9.68376068376068
			8.64957264957265	-9.69230769230769
			8.64957264957265	-9.7008547008547
			8.65811965811966	-9.70940170940171
			8.65811965811966	-9.71794871794872
			8.65811965811966	-9.72649572649573
			8.65811965811966	-9.73504273504274
			8.65811965811966	-9.74358974358974
			8.65811965811966	-9.75213675213675
			8.66666666666667	-9.76068376068376
			8.66666666666667	-9.76923076923077
			8.66666666666667	-9.77777777777778
			8.66666666666667	-9.78632478632479
			8.66666666666667	-9.7948717948718
			8.66666666666667	-9.8034188034188
			8.66666666666667	-9.81196581196581
			8.67521367521368	-9.81196581196581
			8.67521367521368	-9.82051282051282
			8.67521367521368	-9.82905982905983
			8.67521367521368	-9.83760683760684
			8.67521367521368	-9.84615384615385
			8.67521367521368	-9.85470085470086
			8.67521367521368	-9.86324786324786
			8.67521367521368	-9.87179487179487
			8.67521367521368	-9.88034188034188
			8.67521367521368	-9.88888888888889
			8.68376068376068	-9.8974358974359
			8.68376068376068	-9.90598290598291
			8.68376068376068	-9.91452991452991
			8.68376068376068	-9.92307692307692
			8.68376068376068	-9.93162393162393
			8.68376068376068	-9.94017094017094
			8.68376068376068	-9.94871794871795
			8.67521367521368	-9.95726495726496
			8.67521367521368	-9.96581196581197
			8.67521367521368	-9.97435897435898
			8.67521367521368	-9.98290598290598
			8.67521367521368	-9.99145299145299
			8.67521367521368	-10
			8.66666666666667	-10.008547008547
			8.66666666666667	-10.017094017094
			8.66666666666667	-10.025641025641
			8.65811965811966	-10.025641025641
			8.65811965811966	-10.034188034188
			8.64957264957265	-10.034188034188
			8.64957264957265	-10.042735042735
			8.64102564102564	-10.0512820512821
			8.63247863247863	-10.0512820512821
		</curveLM07>
		<curveLM08 type=matrix rownames=FALSE colnames=FALSE nrow=78 ncol=2 as.numeric=TRUE >
			8.63247863247863	-10.0512820512821
			8.62393162393163	-10.0598290598291
			8.61538461538462	-10.0598290598291
			8.60683760683761	-10.0598290598291
			8.5982905982906	-10.0598290598291
			8.58974358974359	-10.0598290598291
			8.58119658119658	-10.0598290598291
			8.57264957264957	-10.0598290598291
			8.56410256410257	-10.0512820512821
			8.55555555555556	-10.0512820512821
			8.54700854700855	-10.0512820512821
			8.54700854700855	-10.042735042735
			8.53846153846154	-10.042735042735
			8.52991452991453	-10.034188034188
			8.52136752136752	-10.034188034188
			8.51282051282051	-10.025641025641
			8.5042735042735	-10.017094017094
			8.4957264957265	-10.008547008547
			8.48717948717949	-10.008547008547
			8.48717948717949	-10
			8.47863247863248	-10
			8.47008547008547	-9.99145299145299
			8.46153846153846	-9.99145299145299
			8.46153846153846	-9.98290598290598
			8.45299145299145	-9.97435897435898
			8.44444444444444	-9.97435897435898
			8.43589743589744	-9.96581196581197
			8.43589743589744	-9.95726495726496
			8.42735042735043	-9.95726495726496
			8.41880341880342	-9.94871794871795
			8.41025641025641	-9.94017094017094
			8.4017094017094	-9.93162393162393
			8.39316239316239	-9.92307692307692
			8.38461538461539	-9.91452991452991
			8.37606837606838	-9.90598290598291
			8.36752136752137	-9.8974358974359
			8.35897435897436	-9.88888888888889
			8.35042735042735	-9.88034188034188
			8.34188034188034	-9.87179487179487
			8.33333333333333	-9.86324786324786
			8.32478632478633	-9.85470085470086
			8.31623931623932	-9.84615384615385
			8.30769230769231	-9.84615384615385
			8.30769230769231	-9.83760683760684
			8.2991452991453	-9.82905982905983
			8.29059829059829	-9.82905982905983
			8.29059829059829	-9.82051282051282
			8.28205128205128	-9.82051282051282
			8.27350427350427	-9.81196581196581
			8.26495726495727	-9.8034188034188
			8.25641025641026	-9.7948717948718
			8.24786324786325	-9.7948717948718
			8.23931623931624	-9.78632478632479
			8.23076923076923	-9.77777777777778
			8.22222222222222	-9.76923076923077
			8.21367521367521	-9.76068376068376
			8.20512820512821	-9.76068376068376
			8.1965811965812	-9.75213675213675
			8.18803418803419	-9.75213675213675
			8.17948717948718	-9.74358974358974
			8.17094017094017	-9.74358974358974
			8.16239316239316	-9.73504273504274
			8.15384615384616	-9.73504273504274
			8.14529914529915	-9.72649572649573
			8.13675213675214	-9.72649572649573
			8.12820512820513	-9.72649572649573
			8.11965811965812	-9.71794871794872
			8.11111111111111	-9.71794871794872
			8.1025641025641	-9.71794871794872
			8.0940170940171	-9.71794871794872
			8.08547008547009	-9.71794871794872
			8.07692307692308	-9.70940170940171
			8.06837606837607	-9.70940170940171
			8.05982905982906	-9.70940170940171
			8.05128205128205	-9.70940170940171
			8.04273504273504	-9.71794871794872
			8.03418803418804	-9.71794871794872
			8.02564102564103	-9.71794871794872
		</curveLM08>
		<curveLM09 type=matrix rownames=FALSE colnames=FALSE nrow=72 ncol=2 as.numeric=TRUE >
			8.02564102564103	-9.71794871794872
			8.01709401709402	-9.71794871794872
			8.01709401709402	-9.72649572649573
			8.00854700854701	-9.72649572649573
			8	-9.72649572649573
			8	-9.73504273504274
			7.99145299145299	-9.73504273504274
			7.98290598290598	-9.74358974358974
			7.97435897435898	-9.75213675213675
			7.96581196581197	-9.76068376068376
			7.95726495726496	-9.76923076923077
			7.94871794871795	-9.77777777777778
			7.94017094017094	-9.78632478632479
			7.94017094017094	-9.7948717948718
			7.93162393162393	-9.8034188034188
			7.92307692307692	-9.81196581196581
			7.92307692307692	-9.82051282051282
			7.91452991452992	-9.82905982905983
			7.91452991452992	-9.83760683760684
			7.91452991452992	-9.84615384615385
			7.90598290598291	-9.85470085470086
			7.90598290598291	-9.86324786324786
			7.8974358974359	-9.87179487179487
			7.8974358974359	-9.88034188034188
			7.8974358974359	-9.88888888888889
			7.88888888888889	-9.8974358974359
			7.88888888888889	-9.90598290598291
			7.88888888888889	-9.91452991452991
			7.88034188034188	-9.92307692307692
			7.88034188034188	-9.93162393162393
			7.88034188034188	-9.94017094017094
			7.88034188034188	-9.94871794871795
			7.87179487179487	-9.95726495726496
			7.87179487179487	-9.96581196581197
			7.87179487179487	-9.97435897435898
			7.87179487179487	-9.98290598290598
			7.87179487179487	-9.99145299145299
			7.86324786324786	-10
			7.86324786324786	-10.008547008547
			7.86324786324786	-10.017094017094
			7.86324786324786	-10.025641025641
			7.85470085470086	-10.034188034188
			7.85470085470086	-10.042735042735
			7.85470085470086	-10.0512820512821
			7.84615384615385	-10.0512820512821
			7.84615384615385	-10.0598290598291
			7.84615384615385	-10.0683760683761
			7.83760683760684	-10.0769230769231
			7.83760683760684	-10.0854700854701
			7.83760683760684	-10.0940170940171
			7.82905982905983	-10.1025641025641
			7.82905982905983	-10.1111111111111
			7.82051282051282	-10.1196581196581
			7.82051282051282	-10.1282051282051
			7.81196581196581	-10.1367521367521
			7.81196581196581	-10.1452991452991
			7.8034188034188	-10.1538461538462
			7.7948717948718	-10.1623931623932
			7.7948717948718	-10.1709401709402
			7.78632478632479	-10.1794871794872
			7.77777777777778	-10.1880341880342
			7.76923076923077	-10.1965811965812
			7.76068376068376	-10.2051282051282
			7.75213675213675	-10.2136752136752
			7.74358974358974	-10.2222222222222
			7.73504273504274	-10.2222222222222
			7.72649572649573	-10.2307692307692
			7.71794871794872	-10.2307692307692
			7.70940170940171	-10.2307692307692
			7.7008547008547	-10.2307692307692
			7.69230769230769	-10.2222222222222
			7.68376068376068	-10.2222222222222
		</curveLM09>
		<curveLM10 type=matrix rownames=FALSE colnames=FALSE nrow=74 ncol=2 as.numeric=TRUE >
			7.68376068376068	-10.2222222222222
			7.67521367521368	-10.2222222222222
			7.66666666666667	-10.2222222222222
			7.65811965811966	-10.2222222222222
			7.64957264957265	-10.2222222222222
			7.64102564102564	-10.2136752136752
			7.63247863247863	-10.2136752136752
			7.62393162393162	-10.2136752136752
			7.61538461538462	-10.2051282051282
			7.60683760683761	-10.2051282051282
			7.5982905982906	-10.1965811965812
			7.58974358974359	-10.1965811965812
			7.58974358974359	-10.1880341880342
			7.58119658119658	-10.1794871794872
			7.57264957264957	-10.1794871794872
			7.57264957264957	-10.1709401709402
			7.56410256410256	-10.1623931623932
			7.56410256410256	-10.1538461538462
			7.55555555555556	-10.1452991452991
			7.55555555555556	-10.1367521367521
			7.54700854700855	-10.1282051282051
			7.54700854700855	-10.1196581196581
			7.53846153846154	-10.1111111111111
			7.53846153846154	-10.1025641025641
			7.53846153846154	-10.0940170940171
			7.53846153846154	-10.0854700854701
			7.53846153846154	-10.0769230769231
			7.52991452991453	-10.0683760683761
			7.52991452991453	-10.0598290598291
			7.52991452991453	-10.0512820512821
			7.52991452991453	-10.042735042735
			7.52991452991453	-10.034188034188
			7.52136752136752	-10.025641025641
			7.52136752136752	-10.017094017094
			7.52136752136752	-10.008547008547
			7.52136752136752	-10
			7.51282051282051	-9.99145299145299
			7.51282051282051	-9.98290598290598
			7.51282051282051	-9.97435897435898
			7.51282051282051	-9.96581196581197
			7.50427350427351	-9.95726495726496
			7.50427350427351	-9.94871794871795
			7.50427350427351	-9.94017094017094
			7.50427350427351	-9.93162393162393
			7.4957264957265	-9.92307692307692
			7.4957264957265	-9.91452991452991
			7.48717948717949	-9.90598290598291
			7.48717948717949	-9.8974358974359
			7.48717948717949	-9.88888888888889
			7.48717948717949	-9.88034188034188
			7.47863247863248	-9.87179487179487
			7.47863247863248	-9.86324786324786
			7.47863247863248	-9.85470085470086
			7.47008547008547	-9.84615384615385
			7.47008547008547	-9.83760683760684
			7.46153846153846	-9.82905982905983
			7.46153846153846	-9.82051282051282
			7.45299145299145	-9.81196581196581
			7.45299145299145	-9.8034188034188
			7.45299145299145	-9.7948717948718
			7.44444444444445	-9.78632478632479
			7.43589743589744	-9.77777777777778
			7.43589743589744	-9.76923076923077
			7.42735042735043	-9.76068376068376
			7.42735042735043	-9.75213675213675
			7.41880341880342	-9.74358974358974
			7.41025641025641	-9.73504273504274
			7.41025641025641	-9.72649572649573
			7.4017094017094	-9.71794871794872
			7.39316239316239	-9.70940170940171
			7.38461538461539	-9.7008547008547
			7.37606837606838	-9.69230769230769
			7.36752136752137	-9.68376068376068
			7.35897435897436	-9.68376068376068
		</curveLM10>
		<curveLM11 type=matrix rownames=FALSE colnames=FALSE nrow=73 ncol=2 as.numeric=TRUE >
			7.35897435897436	-9.68376068376068
			7.35042735042735	-9.68376068376068
			7.34188034188034	-9.68376068376068
			7.33333333333333	-9.68376068376068
			7.32478632478633	-9.68376068376068
			7.31623931623932	-9.68376068376068
			7.30769230769231	-9.68376068376068
			7.2991452991453	-9.68376068376068
			7.29059829059829	-9.68376068376068
			7.29059829059829	-9.69230769230769
			7.28205128205128	-9.69230769230769
			7.27350427350427	-9.69230769230769
			7.26495726495727	-9.7008547008547
			7.25641025641026	-9.7008547008547
			7.24786324786325	-9.7008547008547
			7.23931623931624	-9.70940170940171
			7.23076923076923	-9.70940170940171
			7.22222222222222	-9.71794871794872
			7.21367521367521	-9.71794871794872
			7.20512820512821	-9.72649572649573
			7.1965811965812	-9.73504273504274
			7.18803418803419	-9.73504273504274
			7.17948717948718	-9.74358974358974
			7.17094017094017	-9.75213675213675
			7.17094017094017	-9.76068376068376
			7.16239316239316	-9.76923076923077
			7.15384615384615	-9.77777777777778
			7.14529914529915	-9.78632478632479
			7.13675213675214	-9.7948717948718
			7.12820512820513	-9.8034188034188
			7.11965811965812	-9.81196581196581
			7.11111111111111	-9.82051282051282
			7.1025641025641	-9.82905982905983
			7.09401709401709	-9.83760683760684
			7.08547008547009	-9.84615384615385
			7.07692307692308	-9.85470085470086
			7.07692307692308	-9.86324786324786
			7.06837606837607	-9.87179487179487
			7.05982905982906	-9.88034188034188
			7.05128205128205	-9.88034188034188
			7.05128205128205	-9.88888888888889
			7.04273504273504	-9.8974358974359
			7.03418803418803	-9.90598290598291
			7.02564102564103	-9.90598290598291
			7.02564102564103	-9.91452991452991
			7.01709401709402	-9.92307692307692
			7.00854700854701	-9.93162393162393
			7	-9.93162393162393
			7	-9.94017094017094
			6.99145299145299	-9.94871794871795
			6.98290598290598	-9.94871794871795
			6.98290598290598	-9.95726495726496
			6.97435897435898	-9.95726495726496
			6.96581196581197	-9.96581196581197
			6.95726495726496	-9.97435897435898
			6.94871794871795	-9.98290598290598
			6.94017094017094	-9.98290598290598
			6.93162393162393	-9.99145299145299
			6.92307692307692	-10
			6.91452991452991	-10
			6.90598290598291	-10.008547008547
			6.8974358974359	-10.008547008547
			6.88888888888889	-10.017094017094
			6.88034188034188	-10.017094017094
			6.87179487179487	-10.025641025641
			6.86324786324786	-10.025641025641
			6.85470085470086	-10.025641025641
			6.84615384615385	-10.025641025641
			6.83760683760684	-10.025641025641
			6.82905982905983	-10.034188034188
			6.82051282051282	-10.025641025641
			6.81196581196581	-10.025641025641
			6.8034188034188	-10.025641025641
		</curveLM11>
		<curveLM12 type=matrix rownames=FALSE colnames=FALSE nrow=338 ncol=2 as.numeric=TRUE >
			6.8034188034188	-10.025641025641
			6.8034188034188	-10.017094017094
			6.8034188034188	-10.008547008547
			6.7948717948718	-10
			6.7948717948718	-9.99145299145299
			6.7948717948718	-9.98290598290598
			6.7948717948718	-9.97435897435898
			6.7948717948718	-9.96581196581197
			6.7948717948718	-9.95726495726496
			6.7948717948718	-9.94871794871795
			6.7948717948718	-9.94017094017094
			6.7948717948718	-9.93162393162393
			6.7948717948718	-9.92307692307692
			6.7948717948718	-9.91452991452991
			6.7948717948718	-9.90598290598291
			6.7948717948718	-9.8974358974359
			6.7948717948718	-9.88888888888889
			6.7948717948718	-9.88034188034188
			6.7948717948718	-9.87179487179487
			6.7948717948718	-9.86324786324786
			6.8034188034188	-9.86324786324786
			6.8034188034188	-9.85470085470086
			6.8034188034188	-9.84615384615385
			6.8034188034188	-9.83760683760684
			6.8034188034188	-9.82905982905983
			6.8034188034188	-9.82051282051282
			6.8034188034188	-9.81196581196581
			6.8034188034188	-9.8034188034188
			6.81196581196581	-9.7948717948718
			6.81196581196581	-9.78632478632479
			6.81196581196581	-9.77777777777778
			6.81196581196581	-9.76923076923077
			6.81196581196581	-9.76068376068376
			6.81196581196581	-9.75213675213675
			6.82051282051282	-9.74358974358974
			6.82051282051282	-9.73504273504274
			6.82051282051282	-9.72649572649573
			6.82051282051282	-9.71794871794872
			6.82905982905983	-9.70940170940171
			6.82905982905983	-9.7008547008547
			6.82905982905983	-9.69230769230769
			6.82905982905983	-9.68376068376068
			6.83760683760684	-9.67521367521368
			6.83760683760684	-9.66666666666667
			6.83760683760684	-9.65811965811966
			6.83760683760684	-9.64957264957265
			6.83760683760684	-9.64102564102564
			6.84615384615385	-9.63247863247863
			6.84615384615385	-9.62393162393163
			6.84615384615385	-9.61538461538462
			6.84615384615385	-9.60683760683761
			6.85470085470086	-9.60683760683761
			6.85470085470086	-9.5982905982906
			6.85470085470086	-9.58974358974359
			6.85470085470086	-9.58119658119658
			6.85470085470086	-9.57264957264957
			6.86324786324786	-9.56410256410257
			6.86324786324786	-9.55555555555556
			6.86324786324786	-9.54700854700855
			6.86324786324786	-9.53846153846154
			6.87179487179487	-9.52991452991453
			6.87179487179487	-9.52136752136752
			6.87179487179487	-9.51282051282051
			6.88034188034188	-9.50427350427351
			6.88034188034188	-9.4957264957265
			6.88034188034188	-9.48717948717949
			6.88888888888889	-9.47863247863248
			6.88888888888889	-9.47008547008547
			6.88888888888889	-9.46153846153846
			6.88888888888889	-9.45299145299145
			6.8974358974359	-9.44444444444444
			6.8974358974359	-9.43589743589744
			6.8974358974359	-9.42735042735043
			6.90598290598291	-9.41880341880342
			6.90598290598291	-9.41025641025641
			6.90598290598291	-9.4017094017094
			6.90598290598291	-9.39316239316239
			6.91452991452991	-9.38461538461539
			6.91452991452991	-9.37606837606838
			6.91452991452991	-9.36752136752137
			6.92307692307692	-9.35897435897436
			6.92307692307692	-9.35042735042735
			6.92307692307692	-9.34188034188034
			6.93162393162393	-9.33333333333333
			6.93162393162393	-9.32478632478633
			6.93162393162393	-9.31623931623932
			6.94017094017094	-9.30769230769231
			6.94017094017094	-9.2991452991453
			6.94017094017094	-9.29059829059829
			6.94871794871795	-9.28205128205128
			6.94871794871795	-9.27350427350427
			6.94871794871795	-9.26495726495727
			6.95726495726496	-9.25641025641026
			6.95726495726496	-9.24786324786325
			6.95726495726496	-9.23931623931624
			6.96581196581197	-9.23076923076923
			6.96581196581197	-9.22222222222222
			6.96581196581197	-9.21367521367521
			6.97435897435898	-9.20512820512821
			6.97435897435898	-9.1965811965812
			6.97435897435898	-9.18803418803419
			6.97435897435898	-9.17948717948718
			6.98290598290598	-9.17948717948718
			6.98290598290598	-9.17094017094017
			6.98290598290598	-9.16239316239316
			6.98290598290598	-9.15384615384616
			6.99145299145299	-9.15384615384616
			6.99145299145299	-9.14529914529915
			6.99145299145299	-9.13675213675214
			6.99145299145299	-9.12820512820513
			7	-9.11965811965812
			7	-9.11111111111111
			7.00854700854701	-9.1025641025641
			7.00854700854701	-9.0940170940171
			7.00854700854701	-9.08547008547009
			7.01709401709402	-9.07692307692308
			7.01709401709402	-9.06837606837607
			7.01709401709402	-9.05982905982906
			7.02564102564103	-9.05128205128205
			7.02564102564103	-9.04273504273504
			7.02564102564103	-9.03418803418804
			7.03418803418803	-9.02564102564103
			7.03418803418803	-9.01709401709402
			7.03418803418803	-9.00854700854701
			7.04273504273504	-9
			7.04273504273504	-8.99145299145299
			7.05128205128205	-8.98290598290598
			7.05128205128205	-8.97435897435897
			7.05128205128205	-8.96581196581197
			7.05982905982906	-8.95726495726496
			7.05982905982906	-8.94871794871795
			7.05982905982906	-8.94017094017094
			7.06837606837607	-8.93162393162393
			7.06837606837607	-8.92307692307692
			7.06837606837607	-8.91452991452991
			7.06837606837607	-8.90598290598291
			7.07692307692308	-8.8974358974359
			7.07692307692308	-8.88888888888889
			7.07692307692308	-8.88034188034188
			7.07692307692308	-8.87179487179487
			7.08547008547009	-8.86324786324786
			7.08547008547009	-8.85470085470086
			7.08547008547009	-8.84615384615385
			7.08547008547009	-8.83760683760684
			7.09401709401709	-8.82905982905983
			7.09401709401709	-8.82051282051282
			7.09401709401709	-8.81196581196581
			7.1025641025641	-8.8034188034188
			7.1025641025641	-8.7948717948718
			7.1025641025641	-8.78632478632479
			7.1025641025641	-8.77777777777778
			7.1025641025641	-8.76923076923077
			7.11111111111111	-8.76068376068376
			7.11111111111111	-8.75213675213675
			7.11111111111111	-8.74358974358974
			7.11111111111111	-8.73504273504274
			7.11965811965812	-8.72649572649573
			7.11965811965812	-8.71794871794872
			7.11965811965812	-8.70940170940171
			7.11965811965812	-8.7008547008547
			7.12820512820513	-8.69230769230769
			7.12820512820513	-8.68376068376068
			7.12820512820513	-8.67521367521368
			7.13675213675214	-8.66666666666667
			7.13675213675214	-8.65811965811966
			7.13675213675214	-8.64957264957265
			7.13675213675214	-8.64102564102564
			7.14529914529915	-8.63247863247863
			7.14529914529915	-8.62393162393163
			7.14529914529915	-8.61538461538462
			7.14529914529915	-8.60683760683761
			7.14529914529915	-8.5982905982906
			7.15384615384615	-8.5982905982906
			7.15384615384615	-8.58974358974359
			7.15384615384615	-8.58119658119658
			7.15384615384615	-8.57264957264957
			7.16239316239316	-8.56410256410257
			7.16239316239316	-8.55555555555556
			7.16239316239316	-8.54700854700855
			7.17094017094017	-8.53846153846154
			7.17094017094017	-8.52991452991453
			7.17094017094017	-8.52136752136752
			7.17094017094017	-8.51282051282051
			7.17948717948718	-8.5042735042735
			7.17948717948718	-8.4957264957265
			7.17948717948718	-8.48717948717949
			7.17948717948718	-8.47863247863248
			7.17948717948718	-8.47008547008547
			7.18803418803419	-8.47008547008547
			7.18803418803419	-8.46153846153846
			7.18803418803419	-8.45299145299145
			7.18803418803419	-8.44444444444444
			7.1965811965812	-8.43589743589744
			7.1965811965812	-8.42735042735043
			7.1965811965812	-8.41880341880342
			7.20512820512821	-8.41025641025641
			7.20512820512821	-8.4017094017094
			7.20512820512821	-8.39316239316239
			7.21367521367521	-8.38461538461539
			7.21367521367521	-8.37606837606838
			7.21367521367521	-8.36752136752137
			7.21367521367521	-8.35897435897436
			7.22222222222222	-8.35042735042735
			7.22222222222222	-8.34188034188034
			7.22222222222222	-8.33333333333333
			7.23076923076923	-8.32478632478633
			7.23076923076923	-8.31623931623932
			7.23076923076923	-8.30769230769231
			7.23076923076923	-8.2991452991453
			7.23931623931624	-8.29059829059829
			7.23931623931624	-8.28205128205128
			7.23931623931624	-8.27350427350427
			7.24786324786325	-8.26495726495727
			7.24786324786325	-8.25641025641026
			7.24786324786325	-8.24786324786325
			7.25641025641026	-8.23931623931624
			7.25641025641026	-8.23076923076923
			7.25641025641026	-8.22222222222222
			7.25641025641026	-8.21367521367521
			7.26495726495727	-8.20512820512821
			7.26495726495727	-8.1965811965812
			7.26495726495727	-8.18803418803419
			7.27350427350427	-8.17948717948718
			7.27350427350427	-8.17094017094017
			7.27350427350427	-8.16239316239316
			7.28205128205128	-8.15384615384616
			7.28205128205128	-8.14529914529915
			7.28205128205128	-8.13675213675214
			7.28205128205128	-8.12820512820513
			7.29059829059829	-8.11965811965812
			7.29059829059829	-8.11111111111111
			7.29059829059829	-8.1025641025641
			7.2991452991453	-8.0940170940171
			7.2991452991453	-8.08547008547009
			7.2991452991453	-8.07692307692308
			7.30769230769231	-8.06837606837607
			7.30769230769231	-8.05982905982906
			7.30769230769231	-8.05128205128205
			7.31623931623932	-8.04273504273504
			7.31623931623932	-8.03418803418804
			7.32478632478633	-8.02564102564103
			7.32478632478633	-8.01709401709402
			7.32478632478633	-8.00854700854701
			7.32478632478633	-8
			7.33333333333333	-7.99145299145299
			7.33333333333333	-7.98290598290598
			7.33333333333333	-7.97435897435898
			7.34188034188034	-7.96581196581197
			7.34188034188034	-7.95726495726496
			7.34188034188034	-7.94871794871795
			7.35042735042735	-7.94017094017094
			7.35042735042735	-7.93162393162393
			7.35042735042735	-7.92307692307692
			7.35897435897436	-7.91452991452992
			7.35897435897436	-7.90598290598291
			7.35897435897436	-7.8974358974359
			7.36752136752137	-7.88888888888889
			7.36752136752137	-7.88034188034188
			7.37606837606838	-7.87179487179487
			7.37606837606838	-7.86324786324786
			7.37606837606838	-7.85470085470086
			7.38461538461539	-7.84615384615385
			7.38461538461539	-7.83760683760684
			7.38461538461539	-7.82905982905983
			7.39316239316239	-7.82051282051282
			7.39316239316239	-7.81196581196581
			7.39316239316239	-7.8034188034188
			7.4017094017094	-7.8034188034188
			7.4017094017094	-7.7948717948718
			7.4017094017094	-7.78632478632479
			7.4017094017094	-7.77777777777778
			7.41025641025641	-7.77777777777778
			7.41025641025641	-7.76923076923077
			7.41025641025641	-7.76068376068376
			7.41025641025641	-7.75213675213675
			7.41880341880342	-7.75213675213675
			7.41880341880342	-7.74358974358974
			7.41880341880342	-7.73504273504274
			7.42735042735043	-7.72649572649573
			7.42735042735043	-7.71794871794872
			7.43589743589744	-7.70940170940171
			7.43589743589744	-7.7008547008547
			7.43589743589744	-7.69230769230769
			7.44444444444445	-7.68376068376068
			7.44444444444445	-7.67521367521368
			7.44444444444445	-7.66666666666667
			7.45299145299145	-7.65811965811966
			7.45299145299145	-7.64957264957265
			7.46153846153846	-7.64102564102564
			7.46153846153846	-7.63247863247863
			7.46153846153846	-7.62393162393162
			7.47008547008547	-7.62393162393162
			7.47008547008547	-7.61538461538462
			7.47008547008547	-7.60683760683761
			7.47863247863248	-7.5982905982906
			7.47863247863248	-7.58974358974359
			7.48717948717949	-7.58119658119658
			7.48717948717949	-7.57264957264957
			7.4957264957265	-7.56410256410256
			7.4957264957265	-7.55555555555556
			7.50427350427351	-7.54700854700855
			7.50427350427351	-7.53846153846154
			7.51282051282051	-7.52991452991453
			7.51282051282051	-7.52136752136752
			7.52136752136752	-7.51282051282051
			7.52136752136752	-7.50427350427351
			7.52991452991453	-7.4957264957265
			7.52991452991453	-7.48717948717949
			7.53846153846154	-7.47863247863248
			7.53846153846154	-7.47008547008547
			7.54700854700855	-7.46153846153846
			7.55555555555556	-7.46153846153846
			7.55555555555556	-7.45299145299145
			7.56410256410256	-7.44444444444445
			7.56410256410256	-7.43589743589744
			7.57264957264957	-7.42735042735043
			7.58119658119658	-7.41880341880342
			7.58119658119658	-7.41025641025641
			7.58974358974359	-7.4017094017094
			7.58974358974359	-7.39316239316239
			7.5982905982906	-7.38461538461539
			7.60683760683761	-7.38461538461539
			7.60683760683761	-7.37606837606838
			7.61538461538462	-7.36752136752137
			7.62393162393162	-7.35897435897436
			7.63247863247863	-7.35042735042735
			7.64102564102564	-7.34188034188034
			7.64957264957265	-7.33333333333333
			7.65811965811966	-7.32478632478633
			7.65811965811966	-7.31623931623932
			7.66666666666667	-7.31623931623932
			7.67521367521368	-7.30769230769231
			7.68376068376068	-7.2991452991453
			7.69230769230769	-7.29059829059829
			7.7008547008547	-7.29059829059829
			7.70940170940171	-7.28205128205128
			7.71794871794872	-7.28205128205128
			7.72649572649573	-7.27350427350427
		</curveLM12>
	</curves.scaled>
	<ruler.points type=matrix rownames=TRUE colnames=FALSE nrow=5 ncol=2 as.numeric=TRUE >
		Ruler point 1	434	1409
		Ruler point 2	551	1409
		Ruler point 3	668	1409
		Ruler point 4	786	1409
		Ruler point 5	902	1409
	</ruler.points>
</shapes>

