<shapes type=list>
	<ruler.pixel type=vector names=FALSE length=1 as.numeric=TRUE >117</ruler.pixel>
	<ruler.interval type=vector names=FALSE length=1 as.numeric=TRUE >1</ruler.interval>
	<scaling.units type=vector names=FALSE length=1 as.numeric=FALSE >cm</scaling.units>
	<scaling type=vector names=FALSE length=1 as.numeric=TRUE >0.00854700854700855</scaling>
	<landmarks.pixel type=matrix rownames=TRUE colnames=FALSE nrow=6 ncol=2 as.numeric=TRUE >
		LM01	900	899
		LM02	995	1155
		LM03	936	1131
		LM04	902	1191
		LM05	872	1125
		LM06	811	1152
	</landmarks.pixel>
	<landmarks.scaled type=matrix rownames=TRUE colnames=FALSE nrow=6 ncol=2 as.numeric=TRUE >
		LM01	7.69230769230769	-7.68376068376068
		LM02	8.5042735042735	-9.87179487179487
		LM03	8	-9.66666666666667
		LM04	7.70940170940171	-10.1794871794872
		LM05	7.45299145299145	-9.61538461538462
		LM06	6.93162393162393	-9.84615384615385
	</landmarks.scaled>
	<curves.control type=list>
		<curveLM07 type=matrix rownames=FALSE colnames=FALSE nrow=5 ncol=2 as.numeric=TRUE >
			900	899
			923	924
			956	1002
			1000	1102
			995	1155
		</curveLM07>
		<curveLM08 type=matrix rownames=FALSE colnames=FALSE nrow=3 ncol=2 as.numeric=TRUE >
			995	1155
			985	1161
			936	1131
		</curveLM08>
		<curveLM09 type=matrix rownames=FALSE colnames=FALSE nrow=5 ncol=2 as.numeric=TRUE >
			936	1131
			924	1132
			924	1167
			921	1192
			902	1191
		</curveLM09>
		<curveLM10 type=matrix rownames=FALSE colnames=FALSE nrow=5 ncol=2 as.numeric=TRUE >
			902	1191
			886	1192
			881	1152
			881	1133
			872	1125
		</curveLM10>
		<curveLM11 type=matrix rownames=FALSE colnames=FALSE nrow=7 ncol=2 as.numeric=TRUE >
			872	1125
			854	1121
			844	1137
			835	1143
			822	1155
			816	1157
			811	1152
		</curveLM11>
		<curveLM12 type=matrix rownames=FALSE colnames=FALSE nrow=5 ncol=2 as.numeric=TRUE >
			811	1152
			802	1119
			829	1044
			869	968
			900	899
		</curveLM12>
	</curves.control>
	<curves.pixel type=list>
		<curveLM07 type=matrix rownames=FALSE colnames=FALSE nrow=268 ncol=2 as.numeric=TRUE >
			900	899
			901	900
			902	901
			903	902
			904	903
			904	904
			905	905
			906	906
			907	907
			907	908
			908	908
			908	909
			909	910
			909	911
			910	911
			910	912
			911	913
			911	914
			912	914
			912	915
			913	916
			913	917
			914	918
			915	918
			915	919
			916	920
			916	921
			917	922
			917	923
			918	924
			918	925
			919	926
			919	927
			920	928
			921	928
			921	929
			922	930
			922	931
			923	932
			923	933
			924	934
			924	935
			925	936
			926	937
			926	938
			926	939
			927	940
			928	941
			928	942
			929	943
			929	944
			930	945
			930	946
			931	947
			931	948
			932	949
			932	950
			933	951
			933	952
			934	953
			934	954
			935	955
			935	956
			936	957
			936	958
			937	959
			937	960
			938	961
			938	962
			938	963
			939	963
			939	964
			940	965
			940	966
			940	967
			941	968
			942	969
			942	970
			943	971
			943	972
			943	973
			944	974
			944	975
			945	976
			945	977
			946	978
			946	979
			946	980
			947	980
			947	981
			947	982
			948	983
			948	984
			949	985
			949	986
			950	987
			950	988
			950	989
			951	990
			951	991
			952	992
			952	993
			953	994
			953	995
			953	996
			954	997
			954	998
			955	999
			955	1000
			956	1001
			956	1002
			957	1003
			957	1004
			957	1005
			958	1006
			958	1007
			959	1008
			959	1009
			959	1010
			960	1011
			960	1012
			961	1013
			961	1014
			961	1015
			962	1016
			962	1017
			963	1018
			963	1019
			964	1020
			964	1021
			965	1022
			965	1023
			965	1024
			966	1025
			966	1026
			966	1027
			967	1027
			967	1028
			967	1029
			968	1030
			968	1031
			969	1032
			969	1033
			969	1034
			970	1035
			970	1036
			970	1037
			971	1038
			971	1039
			972	1040
			972	1041
			972	1042
			973	1043
			973	1044
			974	1045
			974	1046
			974	1047
			974	1048
			975	1048
			975	1049
			975	1050
			976	1051
			976	1052
			976	1053
			977	1054
			977	1055
			977	1056
			978	1057
			978	1058
			978	1059
			979	1059
			979	1060
			979	1061
			979	1062
			980	1063
			980	1064
			980	1065
			981	1066
			981	1067
			981	1068
			982	1069
			982	1070
			982	1071
			983	1072
			983	1073
			983	1074
			984	1075
			984	1076
			984	1077
			985	1078
			985	1079
			985	1080
			985	1081
			986	1082
			986	1083
			986	1084
			986	1085
			987	1086
			987	1087
			987	1088
			987	1089
			988	1090
			988	1091
			988	1092
			988	1093
			989	1094
			989	1095
			989	1096
			989	1097
			990	1098
			990	1099
			990	1100
			990	1101
			991	1102
			991	1103
			991	1104
			991	1105
			991	1106
			992	1107
			992	1108
			992	1109
			992	1110
			992	1111
			992	1112
			993	1113
			993	1114
			993	1115
			993	1116
			993	1117
			994	1118
			994	1119
			994	1120
			994	1121
			994	1122
			994	1123
			994	1124
			994	1125
			994	1126
			995	1126
			995	1127
			995	1128
			995	1129
			995	1130
			995	1131
			995	1132
			995	1133
			995	1134
			995	1135
			995	1136
			995	1137
			995	1138
			995	1139
			995	1140
			995	1141
			995	1142
			996	1143
			996	1144
			996	1145
			995	1146
			995	1147
			995	1148
			995	1149
			995	1150
			995	1151
			995	1152
			995	1153
			995	1154
			995	1155
		</curveLM07>
		<curveLM08 type=matrix rownames=FALSE colnames=FALSE nrow=62 ncol=2 as.numeric=TRUE >
			995	1155
			994	1155
			994	1156
			993	1156
			992	1156
			991	1156
			990	1156
			989	1156
			988	1156
			987	1156
			986	1156
			985	1155
			984	1155
			983	1155
			982	1154
			981	1154
			980	1154
			979	1153
			978	1153
			977	1153
			976	1152
			975	1152
			974	1152
			973	1151
			972	1151
			971	1150
			970	1150
			969	1149
			968	1149
			967	1148
			966	1148
			965	1147
			964	1147
			963	1146
			962	1146
			961	1145
			960	1145
			959	1144
			958	1144
			957	1143
			956	1143
			955	1142
			954	1142
			954	1141
			953	1141
			952	1140
			951	1140
			950	1139
			949	1139
			948	1138
			947	1137
			946	1137
			945	1136
			944	1136
			943	1135
			942	1135
			941	1134
			940	1133
			939	1133
			938	1132
			937	1131
			936	1131
		</curveLM08>
		<curveLM09 type=matrix rownames=FALSE colnames=FALSE nrow=74 ncol=2 as.numeric=TRUE >
			936	1131
			935	1131
			934	1131
			933	1132
			932	1132
			931	1133
			930	1134
			930	1135
			929	1136
			929	1137
			928	1138
			927	1139
			927	1140
			927	1141
			927	1142
			926	1143
			926	1144
			926	1145
			926	1146
			925	1147
			925	1148
			925	1149
			925	1150
			925	1151
			925	1152
			925	1153
			924	1154
			924	1155
			924	1156
			924	1157
			924	1158
			924	1159
			924	1160
			924	1161
			924	1162
			924	1163
			924	1164
			924	1165
			924	1166
			924	1167
			924	1168
			924	1169
			924	1170
			923	1171
			923	1172
			923	1173
			923	1174
			922	1175
			922	1176
			922	1177
			921	1178
			921	1179
			921	1180
			920	1180
			920	1181
			920	1182
			919	1183
			918	1184
			917	1185
			916	1186
			915	1187
			914	1188
			913	1189
			912	1189
			911	1190
			910	1190
			909	1190
			908	1191
			907	1191
			906	1191
			905	1191
			904	1191
			903	1191
			902	1191
		</curveLM09>
		<curveLM10 type=matrix rownames=FALSE colnames=FALSE nrow=75 ncol=2 as.numeric=TRUE >
			902	1191
			901	1191
			900	1191
			899	1191
			898	1191
			897	1190
			896	1190
			895	1189
			894	1189
			894	1188
			893	1187
			892	1187
			891	1186
			891	1185
			890	1184
			889	1183
			889	1182
			888	1181
			888	1180
			887	1179
			887	1178
			887	1177
			886	1176
			886	1175
			885	1174
			885	1173
			885	1172
			885	1171
			884	1170
			884	1169
			884	1168
			884	1167
			883	1166
			883	1165
			883	1164
			883	1163
			882	1162
			882	1161
			882	1160
			882	1159
			882	1158
			882	1157
			881	1156
			881	1155
			881	1154
			881	1153
			881	1152
			881	1151
			881	1150
			881	1149
			881	1148
			881	1147
			881	1146
			881	1145
			881	1144
			880	1143
			880	1142
			880	1141
			880	1140
			880	1139
			879	1138
			879	1137
			879	1136
			878	1135
			878	1134
			878	1133
			877	1132
			877	1131
			876	1130
			876	1129
			875	1128
			874	1128
			874	1127
			873	1126
			872	1125
		</curveLM10>
		<curveLM11 type=matrix rownames=FALSE colnames=FALSE nrow=71 ncol=2 as.numeric=TRUE >
			872	1125
			871	1125
			870	1125
			869	1124
			868	1124
			867	1124
			866	1124
			865	1124
			864	1124
			863	1124
			862	1124
			861	1125
			860	1125
			859	1125
			858	1125
			857	1125
			857	1126
			856	1126
			855	1126
			854	1127
			853	1127
			853	1128
			852	1128
			851	1129
			850	1129
			850	1130
			849	1131
			848	1131
			848	1132
			847	1133
			846	1134
			846	1135
			845	1135
			844	1136
			844	1137
			843	1137
			843	1138
			842	1138
			842	1139
			841	1139
			840	1140
			839	1141
			838	1142
			837	1142
			836	1143
			835	1143
			835	1144
			834	1145
			833	1145
			832	1146
			831	1147
			830	1148
			829	1149
			828	1150
			827	1151
			826	1152
			825	1153
			824	1154
			823	1154
			822	1155
			821	1155
			820	1156
			819	1156
			818	1156
			817	1155
			816	1155
			815	1155
			814	1154
			813	1153
			812	1153
			811	1152
		</curveLM11>
		<curveLM12 type=matrix rownames=FALSE colnames=FALSE nrow=260 ncol=2 as.numeric=TRUE >
			811	1152
			811	1151
			811	1150
			810	1149
			810	1148
			810	1147
			810	1146
			810	1145
			809	1144
			809	1143
			809	1142
			809	1141
			809	1140
			809	1139
			809	1138
			809	1137
			809	1136
			809	1135
			809	1134
			809	1133
			809	1132
			809	1131
			809	1130
			809	1129
			809	1128
			809	1127
			809	1126
			809	1125
			809	1124
			809	1123
			809	1122
			809	1121
			809	1120
			810	1119
			810	1118
			810	1117
			810	1116
			810	1115
			810	1114
			810	1113
			810	1112
			811	1111
			811	1110
			811	1109
			811	1108
			811	1107
			811	1106
			812	1105
			812	1104
			812	1103
			812	1102
			812	1101
			813	1100
			813	1099
			813	1098
			813	1097
			813	1096
			814	1095
			814	1094
			814	1093
			814	1092
			815	1091
			815	1090
			815	1089
			815	1088
			816	1087
			816	1086
			816	1085
			816	1084
			817	1083
			817	1082
			817	1081
			818	1080
			818	1079
			818	1078
			818	1077
			819	1076
			819	1075
			819	1074
			820	1073
			820	1072
			820	1071
			820	1070
			820	1069
			821	1069
			821	1068
			821	1067
			821	1066
			822	1065
			822	1064
			823	1063
			823	1062
			823	1061
			824	1060
			824	1059
			824	1058
			825	1057
			825	1056
			825	1055
			826	1054
			826	1053
			826	1052
			827	1051
			827	1050
			827	1049
			828	1048
			828	1047
			828	1046
			829	1045
			829	1044
			830	1043
			830	1042
			831	1041
			831	1040
			831	1039
			832	1039
			832	1038
			833	1037
			833	1036
			834	1035
			834	1034
			835	1033
			835	1032
			836	1031
			836	1030
			837	1029
			837	1028
			838	1027
			838	1026
			839	1026
			839	1025
			840	1024
			840	1023
			841	1022
			841	1021
			841	1020
			842	1019
			842	1018
			843	1017
			843	1016
			844	1015
			845	1014
			845	1013
			846	1012
			846	1011
			847	1010
			847	1009
			848	1008
			848	1007
			849	1006
			849	1005
			850	1004
			850	1003
			851	1002
			851	1001
			852	1000
			852	999
			853	998
			853	997
			854	996
			854	995
			855	994
			855	993
			856	992
			856	991
			857	990
			857	989
			858	988
			858	987
			859	986
			859	985
			860	984
			860	983
			861	982
			861	981
			862	980
			862	979
			863	978
			863	977
			864	976
			864	975
			865	974
			865	973
			865	972
			866	971
			866	970
			867	969
			868	968
			868	967
			868	966
			869	966
			869	965
			869	964
			870	963
			870	962
			871	961
			872	960
			872	959
			872	958
			873	957
			874	956
			874	955
			874	954
			875	953
			875	952
			876	951
			876	950
			877	949
			877	948
			878	947
			878	946
			879	945
			879	944
			880	943
			880	942
			880	941
			881	940
			881	939
			882	938
			882	937
			883	936
			883	935
			884	934
			884	933
			885	933
			885	932
			885	931
			886	930
			886	929
			887	928
			887	927
			888	926
			888	925
			889	924
			889	923
			890	922
			890	921
			890	920
			891	919
			891	918
			892	917
			892	916
			893	915
			893	914
			893	913
			894	912
			895	911
			895	910
			895	909
			896	909
			896	908
			896	907
			897	906
			897	905
			898	904
			898	903
			899	902
			899	901
			900	900
			900	899
		</curveLM12>
	</curves.pixel>
	<curves.scaled type=list>
		<curveLM07 type=matrix rownames=FALSE colnames=FALSE nrow=268 ncol=2 as.numeric=TRUE >
			7.69230769230769	-7.68376068376068
			7.7008547008547	-7.69230769230769
			7.70940170940171	-7.7008547008547
			7.71794871794872	-7.70940170940171
			7.72649572649573	-7.71794871794872
			7.72649572649573	-7.72649572649573
			7.73504273504274	-7.73504273504274
			7.74358974358974	-7.74358974358974
			7.75213675213675	-7.75213675213675
			7.75213675213675	-7.76068376068376
			7.76068376068376	-7.76068376068376
			7.76068376068376	-7.76923076923077
			7.76923076923077	-7.77777777777778
			7.76923076923077	-7.78632478632479
			7.77777777777778	-7.78632478632479
			7.77777777777778	-7.7948717948718
			7.78632478632479	-7.8034188034188
			7.78632478632479	-7.81196581196581
			7.7948717948718	-7.81196581196581
			7.7948717948718	-7.82051282051282
			7.8034188034188	-7.82905982905983
			7.8034188034188	-7.83760683760684
			7.81196581196581	-7.84615384615385
			7.82051282051282	-7.84615384615385
			7.82051282051282	-7.85470085470086
			7.82905982905983	-7.86324786324786
			7.82905982905983	-7.87179487179487
			7.83760683760684	-7.88034188034188
			7.83760683760684	-7.88888888888889
			7.84615384615385	-7.8974358974359
			7.84615384615385	-7.90598290598291
			7.85470085470086	-7.91452991452992
			7.85470085470086	-7.92307692307692
			7.86324786324786	-7.93162393162393
			7.87179487179487	-7.93162393162393
			7.87179487179487	-7.94017094017094
			7.88034188034188	-7.94871794871795
			7.88034188034188	-7.95726495726496
			7.88888888888889	-7.96581196581197
			7.88888888888889	-7.97435897435898
			7.8974358974359	-7.98290598290598
			7.8974358974359	-7.99145299145299
			7.90598290598291	-8
			7.91452991452992	-8.00854700854701
			7.91452991452992	-8.01709401709402
			7.91452991452992	-8.02564102564103
			7.92307692307692	-8.03418803418804
			7.93162393162393	-8.04273504273504
			7.93162393162393	-8.05128205128205
			7.94017094017094	-8.05982905982906
			7.94017094017094	-8.06837606837607
			7.94871794871795	-8.07692307692308
			7.94871794871795	-8.08547008547009
			7.95726495726496	-8.0940170940171
			7.95726495726496	-8.1025641025641
			7.96581196581197	-8.11111111111111
			7.96581196581197	-8.11965811965812
			7.97435897435898	-8.12820512820513
			7.97435897435898	-8.13675213675214
			7.98290598290598	-8.14529914529915
			7.98290598290598	-8.15384615384616
			7.99145299145299	-8.16239316239316
			7.99145299145299	-8.17094017094017
			8	-8.17948717948718
			8	-8.18803418803419
			8.00854700854701	-8.1965811965812
			8.00854700854701	-8.20512820512821
			8.01709401709402	-8.21367521367521
			8.01709401709402	-8.22222222222222
			8.01709401709402	-8.23076923076923
			8.02564102564103	-8.23076923076923
			8.02564102564103	-8.23931623931624
			8.03418803418804	-8.24786324786325
			8.03418803418804	-8.25641025641026
			8.03418803418804	-8.26495726495727
			8.04273504273504	-8.27350427350427
			8.05128205128205	-8.28205128205128
			8.05128205128205	-8.29059829059829
			8.05982905982906	-8.2991452991453
			8.05982905982906	-8.30769230769231
			8.05982905982906	-8.31623931623932
			8.06837606837607	-8.32478632478633
			8.06837606837607	-8.33333333333333
			8.07692307692308	-8.34188034188034
			8.07692307692308	-8.35042735042735
			8.08547008547009	-8.35897435897436
			8.08547008547009	-8.36752136752137
			8.08547008547009	-8.37606837606838
			8.0940170940171	-8.37606837606838
			8.0940170940171	-8.38461538461539
			8.0940170940171	-8.39316239316239
			8.1025641025641	-8.4017094017094
			8.1025641025641	-8.41025641025641
			8.11111111111111	-8.41880341880342
			8.11111111111111	-8.42735042735043
			8.11965811965812	-8.43589743589744
			8.11965811965812	-8.44444444444444
			8.11965811965812	-8.45299145299145
			8.12820512820513	-8.46153846153846
			8.12820512820513	-8.47008547008547
			8.13675213675214	-8.47863247863248
			8.13675213675214	-8.48717948717949
			8.14529914529915	-8.4957264957265
			8.14529914529915	-8.5042735042735
			8.14529914529915	-8.51282051282051
			8.15384615384616	-8.52136752136752
			8.15384615384616	-8.52991452991453
			8.16239316239316	-8.53846153846154
			8.16239316239316	-8.54700854700855
			8.17094017094017	-8.55555555555556
			8.17094017094017	-8.56410256410257
			8.17948717948718	-8.57264957264957
			8.17948717948718	-8.58119658119658
			8.17948717948718	-8.58974358974359
			8.18803418803419	-8.5982905982906
			8.18803418803419	-8.60683760683761
			8.1965811965812	-8.61538461538462
			8.1965811965812	-8.62393162393163
			8.1965811965812	-8.63247863247863
			8.20512820512821	-8.64102564102564
			8.20512820512821	-8.64957264957265
			8.21367521367521	-8.65811965811966
			8.21367521367521	-8.66666666666667
			8.21367521367521	-8.67521367521368
			8.22222222222222	-8.68376068376068
			8.22222222222222	-8.69230769230769
			8.23076923076923	-8.7008547008547
			8.23076923076923	-8.70940170940171
			8.23931623931624	-8.71794871794872
			8.23931623931624	-8.72649572649573
			8.24786324786325	-8.73504273504274
			8.24786324786325	-8.74358974358974
			8.24786324786325	-8.75213675213675
			8.25641025641026	-8.76068376068376
			8.25641025641026	-8.76923076923077
			8.25641025641026	-8.77777777777778
			8.26495726495727	-8.77777777777778
			8.26495726495727	-8.78632478632479
			8.26495726495727	-8.7948717948718
			8.27350427350427	-8.8034188034188
			8.27350427350427	-8.81196581196581
			8.28205128205128	-8.82051282051282
			8.28205128205128	-8.82905982905983
			8.28205128205128	-8.83760683760684
			8.29059829059829	-8.84615384615385
			8.29059829059829	-8.85470085470086
			8.29059829059829	-8.86324786324786
			8.2991452991453	-8.87179487179487
			8.2991452991453	-8.88034188034188
			8.30769230769231	-8.88888888888889
			8.30769230769231	-8.8974358974359
			8.30769230769231	-8.90598290598291
			8.31623931623932	-8.91452991452991
			8.31623931623932	-8.92307692307692
			8.32478632478633	-8.93162393162393
			8.32478632478633	-8.94017094017094
			8.32478632478633	-8.94871794871795
			8.32478632478633	-8.95726495726496
			8.33333333333333	-8.95726495726496
			8.33333333333333	-8.96581196581197
			8.33333333333333	-8.97435897435897
			8.34188034188034	-8.98290598290598
			8.34188034188034	-8.99145299145299
			8.34188034188034	-9
			8.35042735042735	-9.00854700854701
			8.35042735042735	-9.01709401709402
			8.35042735042735	-9.02564102564103
			8.35897435897436	-9.03418803418804
			8.35897435897436	-9.04273504273504
			8.35897435897436	-9.05128205128205
			8.36752136752137	-9.05128205128205
			8.36752136752137	-9.05982905982906
			8.36752136752137	-9.06837606837607
			8.36752136752137	-9.07692307692308
			8.37606837606838	-9.08547008547009
			8.37606837606838	-9.0940170940171
			8.37606837606838	-9.1025641025641
			8.38461538461539	-9.11111111111111
			8.38461538461539	-9.11965811965812
			8.38461538461539	-9.12820512820513
			8.39316239316239	-9.13675213675214
			8.39316239316239	-9.14529914529915
			8.39316239316239	-9.15384615384616
			8.4017094017094	-9.16239316239316
			8.4017094017094	-9.17094017094017
			8.4017094017094	-9.17948717948718
			8.41025641025641	-9.18803418803419
			8.41025641025641	-9.1965811965812
			8.41025641025641	-9.20512820512821
			8.41880341880342	-9.21367521367521
			8.41880341880342	-9.22222222222222
			8.41880341880342	-9.23076923076923
			8.41880341880342	-9.23931623931624
			8.42735042735043	-9.24786324786325
			8.42735042735043	-9.25641025641026
			8.42735042735043	-9.26495726495727
			8.42735042735043	-9.27350427350427
			8.43589743589744	-9.28205128205128
			8.43589743589744	-9.29059829059829
			8.43589743589744	-9.2991452991453
			8.43589743589744	-9.30769230769231
			8.44444444444444	-9.31623931623932
			8.44444444444444	-9.32478632478633
			8.44444444444444	-9.33333333333333
			8.44444444444444	-9.34188034188034
			8.45299145299145	-9.35042735042735
			8.45299145299145	-9.35897435897436
			8.45299145299145	-9.36752136752137
			8.45299145299145	-9.37606837606838
			8.46153846153846	-9.38461538461539
			8.46153846153846	-9.39316239316239
			8.46153846153846	-9.4017094017094
			8.46153846153846	-9.41025641025641
			8.47008547008547	-9.41880341880342
			8.47008547008547	-9.42735042735043
			8.47008547008547	-9.43589743589744
			8.47008547008547	-9.44444444444444
			8.47008547008547	-9.45299145299145
			8.47863247863248	-9.46153846153846
			8.47863247863248	-9.47008547008547
			8.47863247863248	-9.47863247863248
			8.47863247863248	-9.48717948717949
			8.47863247863248	-9.4957264957265
			8.47863247863248	-9.50427350427351
			8.48717948717949	-9.51282051282051
			8.48717948717949	-9.52136752136752
			8.48717948717949	-9.52991452991453
			8.48717948717949	-9.53846153846154
			8.48717948717949	-9.54700854700855
			8.4957264957265	-9.55555555555556
			8.4957264957265	-9.56410256410257
			8.4957264957265	-9.57264957264957
			8.4957264957265	-9.58119658119658
			8.4957264957265	-9.58974358974359
			8.4957264957265	-9.5982905982906
			8.4957264957265	-9.60683760683761
			8.4957264957265	-9.61538461538462
			8.4957264957265	-9.62393162393163
			8.5042735042735	-9.62393162393163
			8.5042735042735	-9.63247863247863
			8.5042735042735	-9.64102564102564
			8.5042735042735	-9.64957264957265
			8.5042735042735	-9.65811965811966
			8.5042735042735	-9.66666666666667
			8.5042735042735	-9.67521367521368
			8.5042735042735	-9.68376068376068
			8.5042735042735	-9.69230769230769
			8.5042735042735	-9.7008547008547
			8.5042735042735	-9.70940170940171
			8.5042735042735	-9.71794871794872
			8.5042735042735	-9.72649572649573
			8.5042735042735	-9.73504273504274
			8.5042735042735	-9.74358974358974
			8.5042735042735	-9.75213675213675
			8.5042735042735	-9.76068376068376
			8.51282051282051	-9.76923076923077
			8.51282051282051	-9.77777777777778
			8.51282051282051	-9.78632478632479
			8.5042735042735	-9.7948717948718
			8.5042735042735	-9.8034188034188
			8.5042735042735	-9.81196581196581
			8.5042735042735	-9.82051282051282
			8.5042735042735	-9.82905982905983
			8.5042735042735	-9.83760683760684
			8.5042735042735	-9.84615384615385
			8.5042735042735	-9.85470085470086
			8.5042735042735	-9.86324786324786
			8.5042735042735	-9.87179487179487
		</curveLM07>
		<curveLM08 type=matrix rownames=FALSE colnames=FALSE nrow=62 ncol=2 as.numeric=TRUE >
			8.5042735042735	-9.87179487179487
			8.4957264957265	-9.87179487179487
			8.4957264957265	-9.88034188034188
			8.48717948717949	-9.88034188034188
			8.47863247863248	-9.88034188034188
			8.47008547008547	-9.88034188034188
			8.46153846153846	-9.88034188034188
			8.45299145299145	-9.88034188034188
			8.44444444444444	-9.88034188034188
			8.43589743589744	-9.88034188034188
			8.42735042735043	-9.88034188034188
			8.41880341880342	-9.87179487179487
			8.41025641025641	-9.87179487179487
			8.4017094017094	-9.87179487179487
			8.39316239316239	-9.86324786324786
			8.38461538461539	-9.86324786324786
			8.37606837606838	-9.86324786324786
			8.36752136752137	-9.85470085470086
			8.35897435897436	-9.85470085470086
			8.35042735042735	-9.85470085470086
			8.34188034188034	-9.84615384615385
			8.33333333333333	-9.84615384615385
			8.32478632478633	-9.84615384615385
			8.31623931623932	-9.83760683760684
			8.30769230769231	-9.83760683760684
			8.2991452991453	-9.82905982905983
			8.29059829059829	-9.82905982905983
			8.28205128205128	-9.82051282051282
			8.27350427350427	-9.82051282051282
			8.26495726495727	-9.81196581196581
			8.25641025641026	-9.81196581196581
			8.24786324786325	-9.8034188034188
			8.23931623931624	-9.8034188034188
			8.23076923076923	-9.7948717948718
			8.22222222222222	-9.7948717948718
			8.21367521367521	-9.78632478632479
			8.20512820512821	-9.78632478632479
			8.1965811965812	-9.77777777777778
			8.18803418803419	-9.77777777777778
			8.17948717948718	-9.76923076923077
			8.17094017094017	-9.76923076923077
			8.16239316239316	-9.76068376068376
			8.15384615384616	-9.76068376068376
			8.15384615384616	-9.75213675213675
			8.14529914529915	-9.75213675213675
			8.13675213675214	-9.74358974358974
			8.12820512820513	-9.74358974358974
			8.11965811965812	-9.73504273504274
			8.11111111111111	-9.73504273504274
			8.1025641025641	-9.72649572649573
			8.0940170940171	-9.71794871794872
			8.08547008547009	-9.71794871794872
			8.07692307692308	-9.70940170940171
			8.06837606837607	-9.70940170940171
			8.05982905982906	-9.7008547008547
			8.05128205128205	-9.7008547008547
			8.04273504273504	-9.69230769230769
			8.03418803418804	-9.68376068376068
			8.02564102564103	-9.68376068376068
			8.01709401709402	-9.67521367521368
			8.00854700854701	-9.66666666666667
			8	-9.66666666666667
		</curveLM08>
		<curveLM09 type=matrix rownames=FALSE colnames=FALSE nrow=74 ncol=2 as.numeric=TRUE >
			8	-9.66666666666667
			7.99145299145299	-9.66666666666667
			7.98290598290598	-9.66666666666667
			7.97435897435898	-9.67521367521368
			7.96581196581197	-9.67521367521368
			7.95726495726496	-9.68376068376068
			7.94871794871795	-9.69230769230769
			7.94871794871795	-9.7008547008547
			7.94017094017094	-9.70940170940171
			7.94017094017094	-9.71794871794872
			7.93162393162393	-9.72649572649573
			7.92307692307692	-9.73504273504274
			7.92307692307692	-9.74358974358974
			7.92307692307692	-9.75213675213675
			7.92307692307692	-9.76068376068376
			7.91452991452992	-9.76923076923077
			7.91452991452992	-9.77777777777778
			7.91452991452992	-9.78632478632479
			7.91452991452992	-9.7948717948718
			7.90598290598291	-9.8034188034188
			7.90598290598291	-9.81196581196581
			7.90598290598291	-9.82051282051282
			7.90598290598291	-9.82905982905983
			7.90598290598291	-9.83760683760684
			7.90598290598291	-9.84615384615385
			7.90598290598291	-9.85470085470086
			7.8974358974359	-9.86324786324786
			7.8974358974359	-9.87179487179487
			7.8974358974359	-9.88034188034188
			7.8974358974359	-9.88888888888889
			7.8974358974359	-9.8974358974359
			7.8974358974359	-9.90598290598291
			7.8974358974359	-9.91452991452991
			7.8974358974359	-9.92307692307692
			7.8974358974359	-9.93162393162393
			7.8974358974359	-9.94017094017094
			7.8974358974359	-9.94871794871795
			7.8974358974359	-9.95726495726496
			7.8974358974359	-9.96581196581197
			7.8974358974359	-9.97435897435898
			7.8974358974359	-9.98290598290598
			7.8974358974359	-9.99145299145299
			7.8974358974359	-10
			7.88888888888889	-10.008547008547
			7.88888888888889	-10.017094017094
			7.88888888888889	-10.025641025641
			7.88888888888889	-10.034188034188
			7.88034188034188	-10.042735042735
			7.88034188034188	-10.0512820512821
			7.88034188034188	-10.0598290598291
			7.87179487179487	-10.0683760683761
			7.87179487179487	-10.0769230769231
			7.87179487179487	-10.0854700854701
			7.86324786324786	-10.0854700854701
			7.86324786324786	-10.0940170940171
			7.86324786324786	-10.1025641025641
			7.85470085470086	-10.1111111111111
			7.84615384615385	-10.1196581196581
			7.83760683760684	-10.1282051282051
			7.82905982905983	-10.1367521367521
			7.82051282051282	-10.1452991452991
			7.81196581196581	-10.1538461538462
			7.8034188034188	-10.1623931623932
			7.7948717948718	-10.1623931623932
			7.78632478632479	-10.1709401709402
			7.77777777777778	-10.1709401709402
			7.76923076923077	-10.1709401709402
			7.76068376068376	-10.1794871794872
			7.75213675213675	-10.1794871794872
			7.74358974358974	-10.1794871794872
			7.73504273504274	-10.1794871794872
			7.72649572649573	-10.1794871794872
			7.71794871794872	-10.1794871794872
			7.70940170940171	-10.1794871794872
		</curveLM09>
		<curveLM10 type=matrix rownames=FALSE colnames=FALSE nrow=75 ncol=2 as.numeric=TRUE >
			7.70940170940171	-10.1794871794872
			7.7008547008547	-10.1794871794872
			7.69230769230769	-10.1794871794872
			7.68376068376068	-10.1794871794872
			7.67521367521368	-10.1794871794872
			7.66666666666667	-10.1709401709402
			7.65811965811966	-10.1709401709402
			7.64957264957265	-10.1623931623932
			7.64102564102564	-10.1623931623932
			7.64102564102564	-10.1538461538462
			7.63247863247863	-10.1452991452991
			7.62393162393162	-10.1452991452991
			7.61538461538462	-10.1367521367521
			7.61538461538462	-10.1282051282051
			7.60683760683761	-10.1196581196581
			7.5982905982906	-10.1111111111111
			7.5982905982906	-10.1025641025641
			7.58974358974359	-10.0940170940171
			7.58974358974359	-10.0854700854701
			7.58119658119658	-10.0769230769231
			7.58119658119658	-10.0683760683761
			7.58119658119658	-10.0598290598291
			7.57264957264957	-10.0512820512821
			7.57264957264957	-10.042735042735
			7.56410256410256	-10.034188034188
			7.56410256410256	-10.025641025641
			7.56410256410256	-10.017094017094
			7.56410256410256	-10.008547008547
			7.55555555555556	-10
			7.55555555555556	-9.99145299145299
			7.55555555555556	-9.98290598290598
			7.55555555555556	-9.97435897435898
			7.54700854700855	-9.96581196581197
			7.54700854700855	-9.95726495726496
			7.54700854700855	-9.94871794871795
			7.54700854700855	-9.94017094017094
			7.53846153846154	-9.93162393162393
			7.53846153846154	-9.92307692307692
			7.53846153846154	-9.91452991452991
			7.53846153846154	-9.90598290598291
			7.53846153846154	-9.8974358974359
			7.53846153846154	-9.88888888888889
			7.52991452991453	-9.88034188034188
			7.52991452991453	-9.87179487179487
			7.52991452991453	-9.86324786324786
			7.52991452991453	-9.85470085470086
			7.52991452991453	-9.84615384615385
			7.52991452991453	-9.83760683760684
			7.52991452991453	-9.82905982905983
			7.52991452991453	-9.82051282051282
			7.52991452991453	-9.81196581196581
			7.52991452991453	-9.8034188034188
			7.52991452991453	-9.7948717948718
			7.52991452991453	-9.78632478632479
			7.52991452991453	-9.77777777777778
			7.52136752136752	-9.76923076923077
			7.52136752136752	-9.76068376068376
			7.52136752136752	-9.75213675213675
			7.52136752136752	-9.74358974358974
			7.52136752136752	-9.73504273504274
			7.51282051282051	-9.72649572649573
			7.51282051282051	-9.71794871794872
			7.51282051282051	-9.70940170940171
			7.50427350427351	-9.7008547008547
			7.50427350427351	-9.69230769230769
			7.50427350427351	-9.68376068376068
			7.4957264957265	-9.67521367521368
			7.4957264957265	-9.66666666666667
			7.48717948717949	-9.65811965811966
			7.48717948717949	-9.64957264957265
			7.47863247863248	-9.64102564102564
			7.47008547008547	-9.64102564102564
			7.47008547008547	-9.63247863247863
			7.46153846153846	-9.62393162393163
			7.45299145299145	-9.61538461538462
		</curveLM10>
		<curveLM11 type=matrix rownames=FALSE colnames=FALSE nrow=71 ncol=2 as.numeric=TRUE >
			7.45299145299145	-9.61538461538462
			7.44444444444445	-9.61538461538462
			7.43589743589744	-9.61538461538462
			7.42735042735043	-9.60683760683761
			7.41880341880342	-9.60683760683761
			7.41025641025641	-9.60683760683761
			7.4017094017094	-9.60683760683761
			7.39316239316239	-9.60683760683761
			7.38461538461539	-9.60683760683761
			7.37606837606838	-9.60683760683761
			7.36752136752137	-9.60683760683761
			7.35897435897436	-9.61538461538462
			7.35042735042735	-9.61538461538462
			7.34188034188034	-9.61538461538462
			7.33333333333333	-9.61538461538462
			7.32478632478633	-9.61538461538462
			7.32478632478633	-9.62393162393163
			7.31623931623932	-9.62393162393163
			7.30769230769231	-9.62393162393163
			7.2991452991453	-9.63247863247863
			7.29059829059829	-9.63247863247863
			7.29059829059829	-9.64102564102564
			7.28205128205128	-9.64102564102564
			7.27350427350427	-9.64957264957265
			7.26495726495727	-9.64957264957265
			7.26495726495727	-9.65811965811966
			7.25641025641026	-9.66666666666667
			7.24786324786325	-9.66666666666667
			7.24786324786325	-9.67521367521368
			7.23931623931624	-9.68376068376068
			7.23076923076923	-9.69230769230769
			7.23076923076923	-9.7008547008547
			7.22222222222222	-9.7008547008547
			7.21367521367521	-9.70940170940171
			7.21367521367521	-9.71794871794872
			7.20512820512821	-9.71794871794872
			7.20512820512821	-9.72649572649573
			7.1965811965812	-9.72649572649573
			7.1965811965812	-9.73504273504274
			7.18803418803419	-9.73504273504274
			7.17948717948718	-9.74358974358974
			7.17094017094017	-9.75213675213675
			7.16239316239316	-9.76068376068376
			7.15384615384615	-9.76068376068376
			7.14529914529915	-9.76923076923077
			7.13675213675214	-9.76923076923077
			7.13675213675214	-9.77777777777778
			7.12820512820513	-9.78632478632479
			7.11965811965812	-9.78632478632479
			7.11111111111111	-9.7948717948718
			7.1025641025641	-9.8034188034188
			7.09401709401709	-9.81196581196581
			7.08547008547009	-9.82051282051282
			7.07692307692308	-9.82905982905983
			7.06837606837607	-9.83760683760684
			7.05982905982906	-9.84615384615385
			7.05128205128205	-9.85470085470086
			7.04273504273504	-9.86324786324786
			7.03418803418803	-9.86324786324786
			7.02564102564103	-9.87179487179487
			7.01709401709402	-9.87179487179487
			7.00854700854701	-9.88034188034188
			7	-9.88034188034188
			6.99145299145299	-9.88034188034188
			6.98290598290598	-9.87179487179487
			6.97435897435898	-9.87179487179487
			6.96581196581197	-9.87179487179487
			6.95726495726496	-9.86324786324786
			6.94871794871795	-9.85470085470086
			6.94017094017094	-9.85470085470086
			6.93162393162393	-9.84615384615385
		</curveLM11>
		<curveLM12 type=matrix rownames=FALSE colnames=FALSE nrow=260 ncol=2 as.numeric=TRUE >
			6.93162393162393	-9.84615384615385
			6.93162393162393	-9.83760683760684
			6.93162393162393	-9.82905982905983
			6.92307692307692	-9.82051282051282
			6.92307692307692	-9.81196581196581
			6.92307692307692	-9.8034188034188
			6.92307692307692	-9.7948717948718
			6.92307692307692	-9.78632478632479
			6.91452991452991	-9.77777777777778
			6.91452991452991	-9.76923076923077
			6.91452991452991	-9.76068376068376
			6.91452991452991	-9.75213675213675
			6.91452991452991	-9.74358974358974
			6.91452991452991	-9.73504273504274
			6.91452991452991	-9.72649572649573
			6.91452991452991	-9.71794871794872
			6.91452991452991	-9.70940170940171
			6.91452991452991	-9.7008547008547
			6.91452991452991	-9.69230769230769
			6.91452991452991	-9.68376068376068
			6.91452991452991	-9.67521367521368
			6.91452991452991	-9.66666666666667
			6.91452991452991	-9.65811965811966
			6.91452991452991	-9.64957264957265
			6.91452991452991	-9.64102564102564
			6.91452991452991	-9.63247863247863
			6.91452991452991	-9.62393162393163
			6.91452991452991	-9.61538461538462
			6.91452991452991	-9.60683760683761
			6.91452991452991	-9.5982905982906
			6.91452991452991	-9.58974358974359
			6.91452991452991	-9.58119658119658
			6.91452991452991	-9.57264957264957
			6.92307692307692	-9.56410256410257
			6.92307692307692	-9.55555555555556
			6.92307692307692	-9.54700854700855
			6.92307692307692	-9.53846153846154
			6.92307692307692	-9.52991452991453
			6.92307692307692	-9.52136752136752
			6.92307692307692	-9.51282051282051
			6.92307692307692	-9.50427350427351
			6.93162393162393	-9.4957264957265
			6.93162393162393	-9.48717948717949
			6.93162393162393	-9.47863247863248
			6.93162393162393	-9.47008547008547
			6.93162393162393	-9.46153846153846
			6.93162393162393	-9.45299145299145
			6.94017094017094	-9.44444444444444
			6.94017094017094	-9.43589743589744
			6.94017094017094	-9.42735042735043
			6.94017094017094	-9.41880341880342
			6.94017094017094	-9.41025641025641
			6.94871794871795	-9.4017094017094
			6.94871794871795	-9.39316239316239
			6.94871794871795	-9.38461538461539
			6.94871794871795	-9.37606837606838
			6.94871794871795	-9.36752136752137
			6.95726495726496	-9.35897435897436
			6.95726495726496	-9.35042735042735
			6.95726495726496	-9.34188034188034
			6.95726495726496	-9.33333333333333
			6.96581196581197	-9.32478632478633
			6.96581196581197	-9.31623931623932
			6.96581196581197	-9.30769230769231
			6.96581196581197	-9.2991452991453
			6.97435897435898	-9.29059829059829
			6.97435897435898	-9.28205128205128
			6.97435897435898	-9.27350427350427
			6.97435897435898	-9.26495726495727
			6.98290598290598	-9.25641025641026
			6.98290598290598	-9.24786324786325
			6.98290598290598	-9.23931623931624
			6.99145299145299	-9.23076923076923
			6.99145299145299	-9.22222222222222
			6.99145299145299	-9.21367521367521
			6.99145299145299	-9.20512820512821
			7	-9.1965811965812
			7	-9.18803418803419
			7	-9.17948717948718
			7.00854700854701	-9.17094017094017
			7.00854700854701	-9.16239316239316
			7.00854700854701	-9.15384615384616
			7.00854700854701	-9.14529914529915
			7.00854700854701	-9.13675213675214
			7.01709401709402	-9.13675213675214
			7.01709401709402	-9.12820512820513
			7.01709401709402	-9.11965811965812
			7.01709401709402	-9.11111111111111
			7.02564102564103	-9.1025641025641
			7.02564102564103	-9.0940170940171
			7.03418803418803	-9.08547008547009
			7.03418803418803	-9.07692307692308
			7.03418803418803	-9.06837606837607
			7.04273504273504	-9.05982905982906
			7.04273504273504	-9.05128205128205
			7.04273504273504	-9.04273504273504
			7.05128205128205	-9.03418803418804
			7.05128205128205	-9.02564102564103
			7.05128205128205	-9.01709401709402
			7.05982905982906	-9.00854700854701
			7.05982905982906	-9
			7.05982905982906	-8.99145299145299
			7.06837606837607	-8.98290598290598
			7.06837606837607	-8.97435897435897
			7.06837606837607	-8.96581196581197
			7.07692307692308	-8.95726495726496
			7.07692307692308	-8.94871794871795
			7.07692307692308	-8.94017094017094
			7.08547008547009	-8.93162393162393
			7.08547008547009	-8.92307692307692
			7.09401709401709	-8.91452991452991
			7.09401709401709	-8.90598290598291
			7.1025641025641	-8.8974358974359
			7.1025641025641	-8.88888888888889
			7.1025641025641	-8.88034188034188
			7.11111111111111	-8.88034188034188
			7.11111111111111	-8.87179487179487
			7.11965811965812	-8.86324786324786
			7.11965811965812	-8.85470085470086
			7.12820512820513	-8.84615384615385
			7.12820512820513	-8.83760683760684
			7.13675213675214	-8.82905982905983
			7.13675213675214	-8.82051282051282
			7.14529914529915	-8.81196581196581
			7.14529914529915	-8.8034188034188
			7.15384615384615	-8.7948717948718
			7.15384615384615	-8.78632478632479
			7.16239316239316	-8.77777777777778
			7.16239316239316	-8.76923076923077
			7.17094017094017	-8.76923076923077
			7.17094017094017	-8.76068376068376
			7.17948717948718	-8.75213675213675
			7.17948717948718	-8.74358974358974
			7.18803418803419	-8.73504273504274
			7.18803418803419	-8.72649572649573
			7.18803418803419	-8.71794871794872
			7.1965811965812	-8.70940170940171
			7.1965811965812	-8.7008547008547
			7.20512820512821	-8.69230769230769
			7.20512820512821	-8.68376068376068
			7.21367521367521	-8.67521367521368
			7.22222222222222	-8.66666666666667
			7.22222222222222	-8.65811965811966
			7.23076923076923	-8.64957264957265
			7.23076923076923	-8.64102564102564
			7.23931623931624	-8.63247863247863
			7.23931623931624	-8.62393162393163
			7.24786324786325	-8.61538461538462
			7.24786324786325	-8.60683760683761
			7.25641025641026	-8.5982905982906
			7.25641025641026	-8.58974358974359
			7.26495726495727	-8.58119658119658
			7.26495726495727	-8.57264957264957
			7.27350427350427	-8.56410256410257
			7.27350427350427	-8.55555555555556
			7.28205128205128	-8.54700854700855
			7.28205128205128	-8.53846153846154
			7.29059829059829	-8.52991452991453
			7.29059829059829	-8.52136752136752
			7.2991452991453	-8.51282051282051
			7.2991452991453	-8.5042735042735
			7.30769230769231	-8.4957264957265
			7.30769230769231	-8.48717948717949
			7.31623931623932	-8.47863247863248
			7.31623931623932	-8.47008547008547
			7.32478632478633	-8.46153846153846
			7.32478632478633	-8.45299145299145
			7.33333333333333	-8.44444444444444
			7.33333333333333	-8.43589743589744
			7.34188034188034	-8.42735042735043
			7.34188034188034	-8.41880341880342
			7.35042735042735	-8.41025641025641
			7.35042735042735	-8.4017094017094
			7.35897435897436	-8.39316239316239
			7.35897435897436	-8.38461538461539
			7.36752136752137	-8.37606837606838
			7.36752136752137	-8.36752136752137
			7.37606837606838	-8.35897435897436
			7.37606837606838	-8.35042735042735
			7.38461538461539	-8.34188034188034
			7.38461538461539	-8.33333333333333
			7.39316239316239	-8.32478632478633
			7.39316239316239	-8.31623931623932
			7.39316239316239	-8.30769230769231
			7.4017094017094	-8.2991452991453
			7.4017094017094	-8.29059829059829
			7.41025641025641	-8.28205128205128
			7.41880341880342	-8.27350427350427
			7.41880341880342	-8.26495726495727
			7.41880341880342	-8.25641025641026
			7.42735042735043	-8.25641025641026
			7.42735042735043	-8.24786324786325
			7.42735042735043	-8.23931623931624
			7.43589743589744	-8.23076923076923
			7.43589743589744	-8.22222222222222
			7.44444444444445	-8.21367521367521
			7.45299145299145	-8.20512820512821
			7.45299145299145	-8.1965811965812
			7.45299145299145	-8.18803418803419
			7.46153846153846	-8.17948717948718
			7.47008547008547	-8.17094017094017
			7.47008547008547	-8.16239316239316
			7.47008547008547	-8.15384615384616
			7.47863247863248	-8.14529914529915
			7.47863247863248	-8.13675213675214
			7.48717948717949	-8.12820512820513
			7.48717948717949	-8.11965811965812
			7.4957264957265	-8.11111111111111
			7.4957264957265	-8.1025641025641
			7.50427350427351	-8.0940170940171
			7.50427350427351	-8.08547008547009
			7.51282051282051	-8.07692307692308
			7.51282051282051	-8.06837606837607
			7.52136752136752	-8.05982905982906
			7.52136752136752	-8.05128205128205
			7.52136752136752	-8.04273504273504
			7.52991452991453	-8.03418803418804
			7.52991452991453	-8.02564102564103
			7.53846153846154	-8.01709401709402
			7.53846153846154	-8.00854700854701
			7.54700854700855	-8
			7.54700854700855	-7.99145299145299
			7.55555555555556	-7.98290598290598
			7.55555555555556	-7.97435897435898
			7.56410256410256	-7.97435897435898
			7.56410256410256	-7.96581196581197
			7.56410256410256	-7.95726495726496
			7.57264957264957	-7.94871794871795
			7.57264957264957	-7.94017094017094
			7.58119658119658	-7.93162393162393
			7.58119658119658	-7.92307692307692
			7.58974358974359	-7.91452991452992
			7.58974358974359	-7.90598290598291
			7.5982905982906	-7.8974358974359
			7.5982905982906	-7.88888888888889
			7.60683760683761	-7.88034188034188
			7.60683760683761	-7.87179487179487
			7.60683760683761	-7.86324786324786
			7.61538461538462	-7.85470085470086
			7.61538461538462	-7.84615384615385
			7.62393162393162	-7.83760683760684
			7.62393162393162	-7.82905982905983
			7.63247863247863	-7.82051282051282
			7.63247863247863	-7.81196581196581
			7.63247863247863	-7.8034188034188
			7.64102564102564	-7.7948717948718
			7.64957264957265	-7.78632478632479
			7.64957264957265	-7.77777777777778
			7.64957264957265	-7.76923076923077
			7.65811965811966	-7.76923076923077
			7.65811965811966	-7.76068376068376
			7.65811965811966	-7.75213675213675
			7.66666666666667	-7.74358974358974
			7.66666666666667	-7.73504273504274
			7.67521367521368	-7.72649572649573
			7.67521367521368	-7.71794871794872
			7.68376068376068	-7.70940170940171
			7.68376068376068	-7.7008547008547
			7.69230769230769	-7.69230769230769
			7.69230769230769	-7.68376068376068
		</curveLM12>
	</curves.scaled>
	<ruler.points type=matrix rownames=TRUE colnames=FALSE nrow=5 ncol=2 as.numeric=TRUE >
		Ruler point 1	434	1409
		Ruler point 2	551	1410
		Ruler point 3	668	1409
		Ruler point 4	785	1409
		Ruler point 5	902	1409
	</ruler.points>
</shapes>

