<shapes type=list>
	<ruler.pixel type=vector names=FALSE length=1 as.numeric=TRUE >117</ruler.pixel>
	<ruler.interval type=vector names=FALSE length=1 as.numeric=TRUE >1</ruler.interval>
	<scaling.units type=vector names=FALSE length=1 as.numeric=FALSE >cm</scaling.units>
	<scaling type=vector names=FALSE length=1 as.numeric=TRUE >0.00854700854700855</scaling>
	<landmarks.pixel type=matrix rownames=TRUE colnames=FALSE nrow=6 ncol=2 as.numeric=TRUE >
		LM01	900	794
		LM02	991	1146
		LM03	930	1118
		LM04	899	1192
		LM05	877	1129
		LM06	810	1153
	</landmarks.pixel>
	<landmarks.scaled type=matrix rownames=TRUE colnames=FALSE nrow=6 ncol=2 as.numeric=TRUE >
		LM01	7.69230769230769	-6.78632478632479
		LM02	8.47008547008547	-9.7948717948718
		LM03	7.94871794871795	-9.55555555555556
		LM04	7.68376068376068	-10.1880341880342
		LM05	7.4957264957265	-9.64957264957265
		LM06	6.92307692307692	-9.85470085470086
	</landmarks.scaled>
	<curves.control type=list>
		<curveLM07 type=matrix rownames=FALSE colnames=FALSE nrow=7 ncol=2 as.numeric=TRUE >
			900	794
			922	847
			938	896
			971	1049
			984	1089
			996	1139
			991	1146
		</curveLM07>
		<curveLM08 type=matrix rownames=FALSE colnames=FALSE nrow=5 ncol=2 as.numeric=TRUE >
			991	1146
			978	1150
			956	1128
			942	1116
			930	1118
		</curveLM08>
		<curveLM09 type=matrix rownames=FALSE colnames=FALSE nrow=5 ncol=2 as.numeric=TRUE >
			930	1118
			920	1124
			918	1154
			912	1194
			899	1192
		</curveLM09>
		<curveLM10 type=matrix rownames=FALSE colnames=FALSE nrow=3 ncol=2 as.numeric=TRUE >
			899	1192
			886	1190
			877	1129
		</curveLM10>
		<curveLM11 type=matrix rownames=FALSE colnames=FALSE nrow=5 ncol=2 as.numeric=TRUE >
			877	1129
			866	1120
			840	1138
			818	1159
			810	1153
		</curveLM11>
		<curveLM12 type=matrix rownames=FALSE colnames=FALSE nrow=7 ncol=2 as.numeric=TRUE >
			810	1153
			799	1140
			817	1066
			836	954
			863	879
			895	798
			900	794
		</curveLM12>
	</curves.control>
	<curves.pixel type=list>
		<curveLM07 type=matrix rownames=FALSE colnames=FALSE nrow=360 ncol=2 as.numeric=TRUE >
			900	794
			900	795
			901	796
			901	797
			902	798
			902	799
			903	800
			903	801
			903	802
			904	803
			904	804
			905	805
			905	806
			905	807
			906	808
			906	809
			907	810
			907	811
			907	812
			908	813
			908	814
			908	815
			909	816
			909	817
			910	818
			910	819
			911	820
			911	821
			911	822
			912	823
			912	824
			913	825
			913	826
			913	827
			914	828
			914	829
			914	830
			915	831
			915	832
			915	833
			916	834
			916	835
			917	836
			917	837
			917	838
			918	838
			918	839
			918	840
			919	841
			919	842
			919	843
			920	844
			920	845
			921	846
			921	847
			921	848
			922	849
			922	850
			922	851
			923	852
			923	853
			923	854
			924	855
			924	856
			925	857
			925	858
			925	859
			926	860
			926	861
			927	862
			927	863
			927	864
			927	865
			928	866
			928	867
			929	868
			929	869
			929	870
			930	871
			930	872
			930	873
			931	874
			931	875
			931	876
			932	877
			932	878
			932	879
			932	880
			933	880
			933	881
			933	882
			934	883
			934	884
			934	885
			935	886
			935	887
			935	888
			936	889
			936	890
			936	891
			937	892
			937	893
			937	894
			938	895
			938	896
			938	897
			938	898
			939	899
			939	900
			939	901
			939	902
			940	903
			940	904
			940	905
			940	906
			940	907
			941	908
			941	909
			941	910
			941	911
			942	912
			942	913
			942	914
			942	915
			942	916
			943	917
			943	918
			943	919
			943	920
			944	921
			944	922
			944	923
			944	924
			944	925
			945	926
			945	927
			945	928
			945	929
			945	930
			946	931
			946	932
			946	933
			946	934
			947	935
			947	936
			947	937
			947	938
			947	939
			948	940
			948	941
			948	942
			948	943
			949	944
			949	945
			949	946
			949	947
			949	948
			950	949
			950	950
			950	951
			950	952
			950	953
			951	954
			951	955
			951	956
			951	957
			952	958
			952	959
			952	960
			952	961
			952	962
			953	962
			953	963
			953	964
			953	965
			953	966
			954	967
			954	968
			954	969
			954	970
			954	971
			955	972
			955	973
			955	974
			956	975
			956	976
			956	977
			956	978
			956	979
			957	980
			957	981
			957	982
			957	983
			957	984
			958	985
			958	986
			958	987
			958	988
			958	989
			959	989
			959	990
			959	991
			959	992
			959	993
			960	994
			960	995
			960	996
			960	997
			961	998
			961	999
			961	1000
			961	1001
			962	1002
			962	1003
			962	1004
			962	1005
			963	1006
			963	1007
			963	1008
			963	1009
			963	1010
			964	1011
			964	1012
			964	1013
			964	1014
			965	1014
			965	1015
			965	1016
			965	1017
			965	1018
			966	1019
			966	1020
			966	1021
			966	1022
			966	1023
			967	1023
			967	1024
			967	1025
			967	1026
			967	1027
			968	1028
			968	1029
			968	1030
			969	1031
			969	1032
			969	1033
			969	1034
			969	1035
			970	1036
			970	1037
			970	1038
			970	1039
			971	1040
			971	1041
			971	1042
			971	1043
			972	1044
			972	1045
			972	1046
			973	1047
			973	1048
			973	1049
			973	1050
			973	1051
			974	1052
			974	1053
			974	1054
			974	1055
			975	1056
			975	1057
			975	1058
			975	1059
			976	1060
			976	1061
			976	1062
			977	1063
			977	1064
			977	1065
			977	1066
			978	1067
			978	1068
			978	1069
			978	1070
			979	1071
			979	1072
			979	1073
			980	1074
			980	1075
			980	1076
			980	1077
			981	1078
			981	1079
			981	1080
			982	1081
			982	1082
			982	1083
			982	1084
			983	1085
			983	1086
			983	1087
			984	1087
			984	1088
			984	1089
			984	1090
			984	1091
			985	1092
			985	1093
			985	1094
			985	1095
			986	1096
			986	1097
			986	1098
			986	1099
			987	1100
			987	1101
			987	1102
			987	1103
			988	1104
			988	1105
			988	1106
			988	1107
			988	1108
			989	1109
			989	1110
			989	1111
			989	1112
			989	1113
			989	1114
			990	1115
			990	1116
			990	1117
			990	1118
			990	1119
			991	1120
			991	1121
			991	1122
			991	1123
			991	1124
			991	1125
			991	1126
			992	1127
			992	1128
			992	1129
			992	1130
			992	1131
			992	1132
			992	1133
			992	1134
			992	1135
			992	1136
			992	1137
			992	1138
			992	1139
			992	1140
			992	1141
			992	1142
			992	1143
			992	1144
			992	1145
			991	1146
		</curveLM07>
		<curveLM08 type=matrix rownames=FALSE colnames=FALSE nrow=64 ncol=2 as.numeric=TRUE >
			991	1146
			990	1146
			989	1146
			988	1147
			987	1147
			986	1147
			985	1147
			984	1146
			983	1146
			982	1146
			981	1146
			980	1145
			979	1145
			978	1145
			977	1144
			976	1144
			975	1143
			974	1142
			973	1142
			972	1141
			971	1141
			970	1140
			969	1139
			968	1139
			967	1138
			966	1137
			965	1136
			964	1136
			963	1135
			962	1134
			961	1133
			960	1132
			959	1131
			958	1130
			957	1129
			956	1128
			955	1127
			954	1127
			954	1126
			953	1126
			952	1125
			951	1124
			950	1123
			949	1123
			948	1122
			947	1122
			947	1121
			946	1121
			945	1121
			944	1120
			943	1120
			942	1119
			941	1119
			940	1119
			939	1118
			938	1118
			937	1118
			936	1118
			935	1118
			934	1118
			933	1118
			932	1118
			931	1118
			930	1118
		</curveLM08>
		<curveLM09 type=matrix rownames=FALSE colnames=FALSE nrow=88 ncol=2 as.numeric=TRUE >
			930	1118
			929	1119
			928	1119
			927	1120
			927	1121
			926	1122
			925	1123
			925	1124
			924	1125
			924	1126
			923	1127
			923	1128
			922	1129
			922	1130
			922	1131
			921	1132
			921	1133
			921	1134
			921	1135
			920	1136
			920	1137
			920	1138
			920	1139
			920	1140
			919	1141
			919	1142
			919	1143
			919	1144
			919	1145
			919	1146
			919	1147
			919	1148
			918	1148
			918	1149
			918	1150
			918	1151
			918	1152
			918	1153
			918	1154
			918	1155
			918	1156
			918	1157
			917	1158
			917	1159
			917	1160
			917	1161
			917	1162
			917	1163
			916	1163
			916	1164
			916	1165
			916	1166
			916	1167
			915	1168
			915	1169
			915	1170
			915	1171
			914	1172
			914	1173
			914	1174
			914	1175
			913	1175
			913	1176
			913	1177
			913	1178
			912	1178
			912	1179
			912	1180
			912	1181
			911	1181
			911	1182
			910	1183
			910	1184
			909	1185
			909	1186
			908	1187
			907	1188
			907	1189
			906	1189
			905	1190
			905	1191
			904	1191
			903	1191
			903	1192
			902	1192
			901	1192
			900	1192
			899	1192
		</curveLM09>
		<curveLM10 type=matrix rownames=FALSE colnames=FALSE nrow=68 ncol=2 as.numeric=TRUE >
			899	1192
			898	1192
			897	1191
			896	1191
			895	1190
			894	1189
			893	1188
			892	1187
			892	1186
			891	1185
			891	1184
			890	1183
			890	1182
			889	1181
			889	1180
			888	1179
			888	1178
			888	1177
			887	1176
			887	1175
			887	1174
			886	1173
			886	1172
			886	1171
			885	1170
			885	1169
			885	1168
			885	1167
			884	1167
			884	1166
			884	1165
			884	1164
			883	1163
			883	1162
			883	1161
			883	1160
			883	1159
			882	1158
			882	1157
			882	1156
			882	1155
			881	1154
			881	1153
			881	1152
			881	1151
			881	1150
			880	1149
			880	1148
			880	1147
			880	1146
			880	1145
			879	1144
			879	1143
			879	1142
			879	1141
			879	1140
			879	1139
			878	1139
			878	1138
			878	1137
			878	1136
			878	1135
			878	1134
			878	1133
			877	1132
			877	1131
			877	1130
			877	1129
		</curveLM10>
		<curveLM11 type=matrix rownames=FALSE colnames=FALSE nrow=76 ncol=2 as.numeric=TRUE >
			877	1129
			876	1129
			876	1128
			875	1128
			875	1127
			874	1127
			873	1127
			872	1127
			872	1126
			871	1126
			870	1126
			869	1126
			868	1126
			867	1126
			866	1126
			865	1126
			864	1126
			863	1127
			862	1127
			861	1127
			860	1127
			859	1128
			858	1128
			857	1128
			856	1129
			855	1129
			855	1130
			854	1130
			853	1130
			852	1131
			851	1131
			850	1132
			849	1132
			849	1133
			848	1133
			847	1133
			847	1134
			846	1134
			845	1134
			845	1135
			844	1135
			843	1136
			842	1137
			841	1138
			840	1138
			839	1139
			838	1140
			837	1141
			836	1142
			835	1143
			834	1143
			833	1144
			832	1145
			831	1146
			830	1147
			829	1148
			828	1148
			827	1149
			826	1149
			825	1150
			825	1151
			824	1151
			823	1151
			822	1152
			821	1153
			820	1153
			819	1153
			818	1154
			817	1154
			816	1154
			815	1154
			814	1154
			813	1154
			812	1154
			811	1154
			810	1153
		</curveLM11>
		<curveLM12 type=matrix rownames=FALSE colnames=FALSE nrow=368 ncol=2 as.numeric=TRUE >
			810	1153
			809	1152
			809	1151
			808	1150
			808	1149
			807	1148
			807	1147
			807	1146
			807	1145
			807	1144
			806	1143
			806	1142
			806	1141
			806	1140
			806	1139
			806	1138
			806	1137
			806	1136
			806	1135
			806	1134
			806	1133
			806	1132
			806	1131
			806	1130
			806	1129
			806	1128
			806	1127
			806	1126
			806	1125
			806	1124
			806	1123
			807	1122
			807	1121
			807	1120
			807	1119
			807	1118
			807	1117
			807	1116
			807	1115
			807	1114
			808	1113
			808	1112
			808	1111
			808	1110
			808	1109
			808	1108
			809	1107
			809	1106
			809	1105
			809	1104
			809	1103
			809	1102
			810	1101
			810	1100
			810	1099
			810	1098
			810	1097
			810	1096
			811	1095
			811	1094
			811	1093
			811	1092
			811	1091
			812	1090
			812	1089
			812	1088
			812	1087
			812	1086
			813	1085
			813	1084
			813	1083
			813	1082
			814	1081
			814	1080
			814	1079
			814	1078
			814	1077
			815	1076
			815	1075
			815	1074
			815	1073
			816	1072
			816	1071
			816	1070
			816	1069
			817	1068
			817	1067
			817	1066
			817	1065
			817	1064
			817	1063
			818	1062
			818	1061
			818	1060
			818	1059
			818	1058
			819	1057
			819	1056
			819	1055
			819	1054
			819	1053
			819	1052
			820	1051
			820	1050
			820	1049
			820	1048
			820	1047
			820	1046
			821	1045
			821	1044
			821	1043
			821	1042
			822	1041
			822	1040
			822	1039
			822	1038
			822	1037
			822	1036
			823	1035
			823	1034
			823	1033
			823	1032
			823	1031
			823	1030
			824	1029
			824	1028
			824	1027
			824	1026
			825	1025
			825	1024
			825	1023
			825	1022
			825	1021
			826	1020
			826	1019
			826	1018
			826	1017
			826	1016
			826	1015
			827	1014
			827	1013
			827	1012
			827	1011
			827	1010
			828	1009
			828	1008
			828	1007
			828	1006
			829	1005
			829	1004
			829	1003
			829	1002
			829	1001
			830	1000
			830	999
			830	998
			830	997
			830	996
			831	995
			831	994
			831	993
			831	992
			831	991
			832	990
			832	989
			832	988
			832	987
			833	986
			833	985
			833	984
			833	983
			834	982
			834	981
			834	980
			834	979
			834	978
			835	977
			835	976
			835	975
			835	974
			836	973
			836	972
			836	971
			836	970
			837	969
			837	968
			837	967
			837	966
			838	965
			838	964
			838	963
			838	962
			839	961
			839	960
			839	959
			839	958
			840	957
			840	956
			840	955
			840	954
			840	953
			841	953
			841	952
			841	951
			841	950
			842	949
			842	948
			842	947
			842	946
			843	945
			843	944
			843	943
			844	942
			844	941
			844	940
			844	939
			844	938
			845	938
			845	937
			845	936
			845	935
			846	934
			846	933
			846	932
			846	931
			847	930
			847	929
			847	928
			848	927
			848	926
			848	925
			848	924
			849	924
			849	923
			849	922
			849	921
			850	920
			850	919
			850	918
			850	917
			851	917
			851	916
			851	915
			851	914
			852	913
			852	912
			852	911
			853	910
			853	909
			853	908
			854	907
			854	906
			854	905
			855	904
			855	903
			855	902
			856	901
			856	900
			856	899
			857	898
			857	897
			857	896
			858	895
			858	894
			858	893
			859	892
			859	891
			859	890
			859	889
			860	888
			860	887
			860	886
			861	885
			861	884
			861	883
			862	882
			862	881
			863	880
			863	879
			863	878
			864	877
			864	876
			865	875
			865	874
			865	873
			866	872
			866	871
			866	870
			867	870
			867	869
			867	868
			868	867
			868	866
			869	865
			869	864
			869	863
			870	862
			870	861
			870	860
			871	859
			871	858
			872	857
			872	856
			873	855
			873	854
			874	853
			874	852
			874	851
			875	850
			875	849
			875	848
			876	847
			876	846
			877	845
			877	844
			877	843
			878	843
			878	842
			878	841
			878	840
			879	840
			879	839
			880	838
			880	837
			880	836
			881	835
			881	834
			882	833
			882	832
			882	831
			883	830
			883	829
			884	828
			884	827
			885	826
			885	825
			885	824
			886	823
			886	822
			887	821
			887	820
			888	819
			888	818
			888	817
			889	816
			889	815
			890	814
			890	813
			890	812
			891	811
			891	810
			892	810
			892	809
			892	808
			893	807
			893	806
			894	805
			894	804
			895	803
			895	802
			896	801
			896	800
			897	799
			898	798
			898	797
			898	796
			899	795
			900	794
		</curveLM12>
	</curves.pixel>
	<curves.scaled type=list>
		<curveLM07 type=matrix rownames=FALSE colnames=FALSE nrow=360 ncol=2 as.numeric=TRUE >
			7.69230769230769	-6.78632478632479
			7.69230769230769	-6.7948717948718
			7.7008547008547	-6.8034188034188
			7.7008547008547	-6.81196581196581
			7.70940170940171	-6.82051282051282
			7.70940170940171	-6.82905982905983
			7.71794871794872	-6.83760683760684
			7.71794871794872	-6.84615384615385
			7.71794871794872	-6.85470085470086
			7.72649572649573	-6.86324786324786
			7.72649572649573	-6.87179487179487
			7.73504273504274	-6.88034188034188
			7.73504273504274	-6.88888888888889
			7.73504273504274	-6.8974358974359
			7.74358974358974	-6.90598290598291
			7.74358974358974	-6.91452991452991
			7.75213675213675	-6.92307692307692
			7.75213675213675	-6.93162393162393
			7.75213675213675	-6.94017094017094
			7.76068376068376	-6.94871794871795
			7.76068376068376	-6.95726495726496
			7.76068376068376	-6.96581196581197
			7.76923076923077	-6.97435897435898
			7.76923076923077	-6.98290598290598
			7.77777777777778	-6.99145299145299
			7.77777777777778	-7
			7.78632478632479	-7.00854700854701
			7.78632478632479	-7.01709401709402
			7.78632478632479	-7.02564102564103
			7.7948717948718	-7.03418803418803
			7.7948717948718	-7.04273504273504
			7.8034188034188	-7.05128205128205
			7.8034188034188	-7.05982905982906
			7.8034188034188	-7.06837606837607
			7.81196581196581	-7.07692307692308
			7.81196581196581	-7.08547008547009
			7.81196581196581	-7.09401709401709
			7.82051282051282	-7.1025641025641
			7.82051282051282	-7.11111111111111
			7.82051282051282	-7.11965811965812
			7.82905982905983	-7.12820512820513
			7.82905982905983	-7.13675213675214
			7.83760683760684	-7.14529914529915
			7.83760683760684	-7.15384615384615
			7.83760683760684	-7.16239316239316
			7.84615384615385	-7.16239316239316
			7.84615384615385	-7.17094017094017
			7.84615384615385	-7.17948717948718
			7.85470085470086	-7.18803418803419
			7.85470085470086	-7.1965811965812
			7.85470085470086	-7.20512820512821
			7.86324786324786	-7.21367521367521
			7.86324786324786	-7.22222222222222
			7.87179487179487	-7.23076923076923
			7.87179487179487	-7.23931623931624
			7.87179487179487	-7.24786324786325
			7.88034188034188	-7.25641025641026
			7.88034188034188	-7.26495726495727
			7.88034188034188	-7.27350427350427
			7.88888888888889	-7.28205128205128
			7.88888888888889	-7.29059829059829
			7.88888888888889	-7.2991452991453
			7.8974358974359	-7.30769230769231
			7.8974358974359	-7.31623931623932
			7.90598290598291	-7.32478632478633
			7.90598290598291	-7.33333333333333
			7.90598290598291	-7.34188034188034
			7.91452991452992	-7.35042735042735
			7.91452991452992	-7.35897435897436
			7.92307692307692	-7.36752136752137
			7.92307692307692	-7.37606837606838
			7.92307692307692	-7.38461538461539
			7.92307692307692	-7.39316239316239
			7.93162393162393	-7.4017094017094
			7.93162393162393	-7.41025641025641
			7.94017094017094	-7.41880341880342
			7.94017094017094	-7.42735042735043
			7.94017094017094	-7.43589743589744
			7.94871794871795	-7.44444444444445
			7.94871794871795	-7.45299145299145
			7.94871794871795	-7.46153846153846
			7.95726495726496	-7.47008547008547
			7.95726495726496	-7.47863247863248
			7.95726495726496	-7.48717948717949
			7.96581196581197	-7.4957264957265
			7.96581196581197	-7.50427350427351
			7.96581196581197	-7.51282051282051
			7.96581196581197	-7.52136752136752
			7.97435897435898	-7.52136752136752
			7.97435897435898	-7.52991452991453
			7.97435897435898	-7.53846153846154
			7.98290598290598	-7.54700854700855
			7.98290598290598	-7.55555555555556
			7.98290598290598	-7.56410256410256
			7.99145299145299	-7.57264957264957
			7.99145299145299	-7.58119658119658
			7.99145299145299	-7.58974358974359
			8	-7.5982905982906
			8	-7.60683760683761
			8	-7.61538461538462
			8.00854700854701	-7.62393162393162
			8.00854700854701	-7.63247863247863
			8.00854700854701	-7.64102564102564
			8.01709401709402	-7.64957264957265
			8.01709401709402	-7.65811965811966
			8.01709401709402	-7.66666666666667
			8.01709401709402	-7.67521367521368
			8.02564102564103	-7.68376068376068
			8.02564102564103	-7.69230769230769
			8.02564102564103	-7.7008547008547
			8.02564102564103	-7.70940170940171
			8.03418803418804	-7.71794871794872
			8.03418803418804	-7.72649572649573
			8.03418803418804	-7.73504273504274
			8.03418803418804	-7.74358974358974
			8.03418803418804	-7.75213675213675
			8.04273504273504	-7.76068376068376
			8.04273504273504	-7.76923076923077
			8.04273504273504	-7.77777777777778
			8.04273504273504	-7.78632478632479
			8.05128205128205	-7.7948717948718
			8.05128205128205	-7.8034188034188
			8.05128205128205	-7.81196581196581
			8.05128205128205	-7.82051282051282
			8.05128205128205	-7.82905982905983
			8.05982905982906	-7.83760683760684
			8.05982905982906	-7.84615384615385
			8.05982905982906	-7.85470085470086
			8.05982905982906	-7.86324786324786
			8.06837606837607	-7.87179487179487
			8.06837606837607	-7.88034188034188
			8.06837606837607	-7.88888888888889
			8.06837606837607	-7.8974358974359
			8.06837606837607	-7.90598290598291
			8.07692307692308	-7.91452991452992
			8.07692307692308	-7.92307692307692
			8.07692307692308	-7.93162393162393
			8.07692307692308	-7.94017094017094
			8.07692307692308	-7.94871794871795
			8.08547008547009	-7.95726495726496
			8.08547008547009	-7.96581196581197
			8.08547008547009	-7.97435897435898
			8.08547008547009	-7.98290598290598
			8.0940170940171	-7.99145299145299
			8.0940170940171	-8
			8.0940170940171	-8.00854700854701
			8.0940170940171	-8.01709401709402
			8.0940170940171	-8.02564102564103
			8.1025641025641	-8.03418803418804
			8.1025641025641	-8.04273504273504
			8.1025641025641	-8.05128205128205
			8.1025641025641	-8.05982905982906
			8.11111111111111	-8.06837606837607
			8.11111111111111	-8.07692307692308
			8.11111111111111	-8.08547008547009
			8.11111111111111	-8.0940170940171
			8.11111111111111	-8.1025641025641
			8.11965811965812	-8.11111111111111
			8.11965811965812	-8.11965811965812
			8.11965811965812	-8.12820512820513
			8.11965811965812	-8.13675213675214
			8.11965811965812	-8.14529914529915
			8.12820512820513	-8.15384615384616
			8.12820512820513	-8.16239316239316
			8.12820512820513	-8.17094017094017
			8.12820512820513	-8.17948717948718
			8.13675213675214	-8.18803418803419
			8.13675213675214	-8.1965811965812
			8.13675213675214	-8.20512820512821
			8.13675213675214	-8.21367521367521
			8.13675213675214	-8.22222222222222
			8.14529914529915	-8.22222222222222
			8.14529914529915	-8.23076923076923
			8.14529914529915	-8.23931623931624
			8.14529914529915	-8.24786324786325
			8.14529914529915	-8.25641025641026
			8.15384615384616	-8.26495726495727
			8.15384615384616	-8.27350427350427
			8.15384615384616	-8.28205128205128
			8.15384615384616	-8.29059829059829
			8.15384615384616	-8.2991452991453
			8.16239316239316	-8.30769230769231
			8.16239316239316	-8.31623931623932
			8.16239316239316	-8.32478632478633
			8.17094017094017	-8.33333333333333
			8.17094017094017	-8.34188034188034
			8.17094017094017	-8.35042735042735
			8.17094017094017	-8.35897435897436
			8.17094017094017	-8.36752136752137
			8.17948717948718	-8.37606837606838
			8.17948717948718	-8.38461538461539
			8.17948717948718	-8.39316239316239
			8.17948717948718	-8.4017094017094
			8.17948717948718	-8.41025641025641
			8.18803418803419	-8.41880341880342
			8.18803418803419	-8.42735042735043
			8.18803418803419	-8.43589743589744
			8.18803418803419	-8.44444444444444
			8.18803418803419	-8.45299145299145
			8.1965811965812	-8.45299145299145
			8.1965811965812	-8.46153846153846
			8.1965811965812	-8.47008547008547
			8.1965811965812	-8.47863247863248
			8.1965811965812	-8.48717948717949
			8.20512820512821	-8.4957264957265
			8.20512820512821	-8.5042735042735
			8.20512820512821	-8.51282051282051
			8.20512820512821	-8.52136752136752
			8.21367521367521	-8.52991452991453
			8.21367521367521	-8.53846153846154
			8.21367521367521	-8.54700854700855
			8.21367521367521	-8.55555555555556
			8.22222222222222	-8.56410256410257
			8.22222222222222	-8.57264957264957
			8.22222222222222	-8.58119658119658
			8.22222222222222	-8.58974358974359
			8.23076923076923	-8.5982905982906
			8.23076923076923	-8.60683760683761
			8.23076923076923	-8.61538461538462
			8.23076923076923	-8.62393162393163
			8.23076923076923	-8.63247863247863
			8.23931623931624	-8.64102564102564
			8.23931623931624	-8.64957264957265
			8.23931623931624	-8.65811965811966
			8.23931623931624	-8.66666666666667
			8.24786324786325	-8.66666666666667
			8.24786324786325	-8.67521367521368
			8.24786324786325	-8.68376068376068
			8.24786324786325	-8.69230769230769
			8.24786324786325	-8.7008547008547
			8.25641025641026	-8.70940170940171
			8.25641025641026	-8.71794871794872
			8.25641025641026	-8.72649572649573
			8.25641025641026	-8.73504273504274
			8.25641025641026	-8.74358974358974
			8.26495726495727	-8.74358974358974
			8.26495726495727	-8.75213675213675
			8.26495726495727	-8.76068376068376
			8.26495726495727	-8.76923076923077
			8.26495726495727	-8.77777777777778
			8.27350427350427	-8.78632478632479
			8.27350427350427	-8.7948717948718
			8.27350427350427	-8.8034188034188
			8.28205128205128	-8.81196581196581
			8.28205128205128	-8.82051282051282
			8.28205128205128	-8.82905982905983
			8.28205128205128	-8.83760683760684
			8.28205128205128	-8.84615384615385
			8.29059829059829	-8.85470085470086
			8.29059829059829	-8.86324786324786
			8.29059829059829	-8.87179487179487
			8.29059829059829	-8.88034188034188
			8.2991452991453	-8.88888888888889
			8.2991452991453	-8.8974358974359
			8.2991452991453	-8.90598290598291
			8.2991452991453	-8.91452991452991
			8.30769230769231	-8.92307692307692
			8.30769230769231	-8.93162393162393
			8.30769230769231	-8.94017094017094
			8.31623931623932	-8.94871794871795
			8.31623931623932	-8.95726495726496
			8.31623931623932	-8.96581196581197
			8.31623931623932	-8.97435897435897
			8.31623931623932	-8.98290598290598
			8.32478632478633	-8.99145299145299
			8.32478632478633	-9
			8.32478632478633	-9.00854700854701
			8.32478632478633	-9.01709401709402
			8.33333333333333	-9.02564102564103
			8.33333333333333	-9.03418803418804
			8.33333333333333	-9.04273504273504
			8.33333333333333	-9.05128205128205
			8.34188034188034	-9.05982905982906
			8.34188034188034	-9.06837606837607
			8.34188034188034	-9.07692307692308
			8.35042735042735	-9.08547008547009
			8.35042735042735	-9.0940170940171
			8.35042735042735	-9.1025641025641
			8.35042735042735	-9.11111111111111
			8.35897435897436	-9.11965811965812
			8.35897435897436	-9.12820512820513
			8.35897435897436	-9.13675213675214
			8.35897435897436	-9.14529914529915
			8.36752136752137	-9.15384615384616
			8.36752136752137	-9.16239316239316
			8.36752136752137	-9.17094017094017
			8.37606837606838	-9.17948717948718
			8.37606837606838	-9.18803418803419
			8.37606837606838	-9.1965811965812
			8.37606837606838	-9.20512820512821
			8.38461538461539	-9.21367521367521
			8.38461538461539	-9.22222222222222
			8.38461538461539	-9.23076923076923
			8.39316239316239	-9.23931623931624
			8.39316239316239	-9.24786324786325
			8.39316239316239	-9.25641025641026
			8.39316239316239	-9.26495726495727
			8.4017094017094	-9.27350427350427
			8.4017094017094	-9.28205128205128
			8.4017094017094	-9.29059829059829
			8.41025641025641	-9.29059829059829
			8.41025641025641	-9.2991452991453
			8.41025641025641	-9.30769230769231
			8.41025641025641	-9.31623931623932
			8.41025641025641	-9.32478632478633
			8.41880341880342	-9.33333333333333
			8.41880341880342	-9.34188034188034
			8.41880341880342	-9.35042735042735
			8.41880341880342	-9.35897435897436
			8.42735042735043	-9.36752136752137
			8.42735042735043	-9.37606837606838
			8.42735042735043	-9.38461538461539
			8.42735042735043	-9.39316239316239
			8.43589743589744	-9.4017094017094
			8.43589743589744	-9.41025641025641
			8.43589743589744	-9.41880341880342
			8.43589743589744	-9.42735042735043
			8.44444444444444	-9.43589743589744
			8.44444444444444	-9.44444444444444
			8.44444444444444	-9.45299145299145
			8.44444444444444	-9.46153846153846
			8.44444444444444	-9.47008547008547
			8.45299145299145	-9.47863247863248
			8.45299145299145	-9.48717948717949
			8.45299145299145	-9.4957264957265
			8.45299145299145	-9.50427350427351
			8.45299145299145	-9.51282051282051
			8.45299145299145	-9.52136752136752
			8.46153846153846	-9.52991452991453
			8.46153846153846	-9.53846153846154
			8.46153846153846	-9.54700854700855
			8.46153846153846	-9.55555555555556
			8.46153846153846	-9.56410256410257
			8.47008547008547	-9.57264957264957
			8.47008547008547	-9.58119658119658
			8.47008547008547	-9.58974358974359
			8.47008547008547	-9.5982905982906
			8.47008547008547	-9.60683760683761
			8.47008547008547	-9.61538461538462
			8.47008547008547	-9.62393162393163
			8.47863247863248	-9.63247863247863
			8.47863247863248	-9.64102564102564
			8.47863247863248	-9.64957264957265
			8.47863247863248	-9.65811965811966
			8.47863247863248	-9.66666666666667
			8.47863247863248	-9.67521367521368
			8.47863247863248	-9.68376068376068
			8.47863247863248	-9.69230769230769
			8.47863247863248	-9.7008547008547
			8.47863247863248	-9.70940170940171
			8.47863247863248	-9.71794871794872
			8.47863247863248	-9.72649572649573
			8.47863247863248	-9.73504273504274
			8.47863247863248	-9.74358974358974
			8.47863247863248	-9.75213675213675
			8.47863247863248	-9.76068376068376
			8.47863247863248	-9.76923076923077
			8.47863247863248	-9.77777777777778
			8.47863247863248	-9.78632478632479
			8.47008547008547	-9.7948717948718
		</curveLM07>
		<curveLM08 type=matrix rownames=FALSE colnames=FALSE nrow=64 ncol=2 as.numeric=TRUE >
			8.47008547008547	-9.7948717948718
			8.46153846153846	-9.7948717948718
			8.45299145299145	-9.7948717948718
			8.44444444444444	-9.8034188034188
			8.43589743589744	-9.8034188034188
			8.42735042735043	-9.8034188034188
			8.41880341880342	-9.8034188034188
			8.41025641025641	-9.7948717948718
			8.4017094017094	-9.7948717948718
			8.39316239316239	-9.7948717948718
			8.38461538461539	-9.7948717948718
			8.37606837606838	-9.78632478632479
			8.36752136752137	-9.78632478632479
			8.35897435897436	-9.78632478632479
			8.35042735042735	-9.77777777777778
			8.34188034188034	-9.77777777777778
			8.33333333333333	-9.76923076923077
			8.32478632478633	-9.76068376068376
			8.31623931623932	-9.76068376068376
			8.30769230769231	-9.75213675213675
			8.2991452991453	-9.75213675213675
			8.29059829059829	-9.74358974358974
			8.28205128205128	-9.73504273504274
			8.27350427350427	-9.73504273504274
			8.26495726495727	-9.72649572649573
			8.25641025641026	-9.71794871794872
			8.24786324786325	-9.70940170940171
			8.23931623931624	-9.70940170940171
			8.23076923076923	-9.7008547008547
			8.22222222222222	-9.69230769230769
			8.21367521367521	-9.68376068376068
			8.20512820512821	-9.67521367521368
			8.1965811965812	-9.66666666666667
			8.18803418803419	-9.65811965811966
			8.17948717948718	-9.64957264957265
			8.17094017094017	-9.64102564102564
			8.16239316239316	-9.63247863247863
			8.15384615384616	-9.63247863247863
			8.15384615384616	-9.62393162393163
			8.14529914529915	-9.62393162393163
			8.13675213675214	-9.61538461538462
			8.12820512820513	-9.60683760683761
			8.11965811965812	-9.5982905982906
			8.11111111111111	-9.5982905982906
			8.1025641025641	-9.58974358974359
			8.0940170940171	-9.58974358974359
			8.0940170940171	-9.58119658119658
			8.08547008547009	-9.58119658119658
			8.07692307692308	-9.58119658119658
			8.06837606837607	-9.57264957264957
			8.05982905982906	-9.57264957264957
			8.05128205128205	-9.56410256410257
			8.04273504273504	-9.56410256410257
			8.03418803418804	-9.56410256410257
			8.02564102564103	-9.55555555555556
			8.01709401709402	-9.55555555555556
			8.00854700854701	-9.55555555555556
			8	-9.55555555555556
			7.99145299145299	-9.55555555555556
			7.98290598290598	-9.55555555555556
			7.97435897435898	-9.55555555555556
			7.96581196581197	-9.55555555555556
			7.95726495726496	-9.55555555555556
			7.94871794871795	-9.55555555555556
		</curveLM08>
		<curveLM09 type=matrix rownames=FALSE colnames=FALSE nrow=88 ncol=2 as.numeric=TRUE >
			7.94871794871795	-9.55555555555556
			7.94017094017094	-9.56410256410257
			7.93162393162393	-9.56410256410257
			7.92307692307692	-9.57264957264957
			7.92307692307692	-9.58119658119658
			7.91452991452992	-9.58974358974359
			7.90598290598291	-9.5982905982906
			7.90598290598291	-9.60683760683761
			7.8974358974359	-9.61538461538462
			7.8974358974359	-9.62393162393163
			7.88888888888889	-9.63247863247863
			7.88888888888889	-9.64102564102564
			7.88034188034188	-9.64957264957265
			7.88034188034188	-9.65811965811966
			7.88034188034188	-9.66666666666667
			7.87179487179487	-9.67521367521368
			7.87179487179487	-9.68376068376068
			7.87179487179487	-9.69230769230769
			7.87179487179487	-9.7008547008547
			7.86324786324786	-9.70940170940171
			7.86324786324786	-9.71794871794872
			7.86324786324786	-9.72649572649573
			7.86324786324786	-9.73504273504274
			7.86324786324786	-9.74358974358974
			7.85470085470086	-9.75213675213675
			7.85470085470086	-9.76068376068376
			7.85470085470086	-9.76923076923077
			7.85470085470086	-9.77777777777778
			7.85470085470086	-9.78632478632479
			7.85470085470086	-9.7948717948718
			7.85470085470086	-9.8034188034188
			7.85470085470086	-9.81196581196581
			7.84615384615385	-9.81196581196581
			7.84615384615385	-9.82051282051282
			7.84615384615385	-9.82905982905983
			7.84615384615385	-9.83760683760684
			7.84615384615385	-9.84615384615385
			7.84615384615385	-9.85470085470086
			7.84615384615385	-9.86324786324786
			7.84615384615385	-9.87179487179487
			7.84615384615385	-9.88034188034188
			7.84615384615385	-9.88888888888889
			7.83760683760684	-9.8974358974359
			7.83760683760684	-9.90598290598291
			7.83760683760684	-9.91452991452991
			7.83760683760684	-9.92307692307692
			7.83760683760684	-9.93162393162393
			7.83760683760684	-9.94017094017094
			7.82905982905983	-9.94017094017094
			7.82905982905983	-9.94871794871795
			7.82905982905983	-9.95726495726496
			7.82905982905983	-9.96581196581197
			7.82905982905983	-9.97435897435898
			7.82051282051282	-9.98290598290598
			7.82051282051282	-9.99145299145299
			7.82051282051282	-10
			7.82051282051282	-10.008547008547
			7.81196581196581	-10.017094017094
			7.81196581196581	-10.025641025641
			7.81196581196581	-10.034188034188
			7.81196581196581	-10.042735042735
			7.8034188034188	-10.042735042735
			7.8034188034188	-10.0512820512821
			7.8034188034188	-10.0598290598291
			7.8034188034188	-10.0683760683761
			7.7948717948718	-10.0683760683761
			7.7948717948718	-10.0769230769231
			7.7948717948718	-10.0854700854701
			7.7948717948718	-10.0940170940171
			7.78632478632479	-10.0940170940171
			7.78632478632479	-10.1025641025641
			7.77777777777778	-10.1111111111111
			7.77777777777778	-10.1196581196581
			7.76923076923077	-10.1282051282051
			7.76923076923077	-10.1367521367521
			7.76068376068376	-10.1452991452991
			7.75213675213675	-10.1538461538462
			7.75213675213675	-10.1623931623932
			7.74358974358974	-10.1623931623932
			7.73504273504274	-10.1709401709402
			7.73504273504274	-10.1794871794872
			7.72649572649573	-10.1794871794872
			7.71794871794872	-10.1794871794872
			7.71794871794872	-10.1880341880342
			7.70940170940171	-10.1880341880342
			7.7008547008547	-10.1880341880342
			7.69230769230769	-10.1880341880342
			7.68376068376068	-10.1880341880342
		</curveLM09>
		<curveLM10 type=matrix rownames=FALSE colnames=FALSE nrow=68 ncol=2 as.numeric=TRUE >
			7.68376068376068	-10.1880341880342
			7.67521367521368	-10.1880341880342
			7.66666666666667	-10.1794871794872
			7.65811965811966	-10.1794871794872
			7.64957264957265	-10.1709401709402
			7.64102564102564	-10.1623931623932
			7.63247863247863	-10.1538461538462
			7.62393162393162	-10.1452991452991
			7.62393162393162	-10.1367521367521
			7.61538461538462	-10.1282051282051
			7.61538461538462	-10.1196581196581
			7.60683760683761	-10.1111111111111
			7.60683760683761	-10.1025641025641
			7.5982905982906	-10.0940170940171
			7.5982905982906	-10.0854700854701
			7.58974358974359	-10.0769230769231
			7.58974358974359	-10.0683760683761
			7.58974358974359	-10.0598290598291
			7.58119658119658	-10.0512820512821
			7.58119658119658	-10.042735042735
			7.58119658119658	-10.034188034188
			7.57264957264957	-10.025641025641
			7.57264957264957	-10.017094017094
			7.57264957264957	-10.008547008547
			7.56410256410256	-10
			7.56410256410256	-9.99145299145299
			7.56410256410256	-9.98290598290598
			7.56410256410256	-9.97435897435898
			7.55555555555556	-9.97435897435898
			7.55555555555556	-9.96581196581197
			7.55555555555556	-9.95726495726496
			7.55555555555556	-9.94871794871795
			7.54700854700855	-9.94017094017094
			7.54700854700855	-9.93162393162393
			7.54700854700855	-9.92307692307692
			7.54700854700855	-9.91452991452991
			7.54700854700855	-9.90598290598291
			7.53846153846154	-9.8974358974359
			7.53846153846154	-9.88888888888889
			7.53846153846154	-9.88034188034188
			7.53846153846154	-9.87179487179487
			7.52991452991453	-9.86324786324786
			7.52991452991453	-9.85470085470086
			7.52991452991453	-9.84615384615385
			7.52991452991453	-9.83760683760684
			7.52991452991453	-9.82905982905983
			7.52136752136752	-9.82051282051282
			7.52136752136752	-9.81196581196581
			7.52136752136752	-9.8034188034188
			7.52136752136752	-9.7948717948718
			7.52136752136752	-9.78632478632479
			7.51282051282051	-9.77777777777778
			7.51282051282051	-9.76923076923077
			7.51282051282051	-9.76068376068376
			7.51282051282051	-9.75213675213675
			7.51282051282051	-9.74358974358974
			7.51282051282051	-9.73504273504274
			7.50427350427351	-9.73504273504274
			7.50427350427351	-9.72649572649573
			7.50427350427351	-9.71794871794872
			7.50427350427351	-9.70940170940171
			7.50427350427351	-9.7008547008547
			7.50427350427351	-9.69230769230769
			7.50427350427351	-9.68376068376068
			7.4957264957265	-9.67521367521368
			7.4957264957265	-9.66666666666667
			7.4957264957265	-9.65811965811966
			7.4957264957265	-9.64957264957265
		</curveLM10>
		<curveLM11 type=matrix rownames=FALSE colnames=FALSE nrow=76 ncol=2 as.numeric=TRUE >
			7.4957264957265	-9.64957264957265
			7.48717948717949	-9.64957264957265
			7.48717948717949	-9.64102564102564
			7.47863247863248	-9.64102564102564
			7.47863247863248	-9.63247863247863
			7.47008547008547	-9.63247863247863
			7.46153846153846	-9.63247863247863
			7.45299145299145	-9.63247863247863
			7.45299145299145	-9.62393162393163
			7.44444444444445	-9.62393162393163
			7.43589743589744	-9.62393162393163
			7.42735042735043	-9.62393162393163
			7.41880341880342	-9.62393162393163
			7.41025641025641	-9.62393162393163
			7.4017094017094	-9.62393162393163
			7.39316239316239	-9.62393162393163
			7.38461538461539	-9.62393162393163
			7.37606837606838	-9.63247863247863
			7.36752136752137	-9.63247863247863
			7.35897435897436	-9.63247863247863
			7.35042735042735	-9.63247863247863
			7.34188034188034	-9.64102564102564
			7.33333333333333	-9.64102564102564
			7.32478632478633	-9.64102564102564
			7.31623931623932	-9.64957264957265
			7.30769230769231	-9.64957264957265
			7.30769230769231	-9.65811965811966
			7.2991452991453	-9.65811965811966
			7.29059829059829	-9.65811965811966
			7.28205128205128	-9.66666666666667
			7.27350427350427	-9.66666666666667
			7.26495726495727	-9.67521367521368
			7.25641025641026	-9.67521367521368
			7.25641025641026	-9.68376068376068
			7.24786324786325	-9.68376068376068
			7.23931623931624	-9.68376068376068
			7.23931623931624	-9.69230769230769
			7.23076923076923	-9.69230769230769
			7.22222222222222	-9.69230769230769
			7.22222222222222	-9.7008547008547
			7.21367521367521	-9.7008547008547
			7.20512820512821	-9.70940170940171
			7.1965811965812	-9.71794871794872
			7.18803418803419	-9.72649572649573
			7.17948717948718	-9.72649572649573
			7.17094017094017	-9.73504273504274
			7.16239316239316	-9.74358974358974
			7.15384615384615	-9.75213675213675
			7.14529914529915	-9.76068376068376
			7.13675213675214	-9.76923076923077
			7.12820512820513	-9.76923076923077
			7.11965811965812	-9.77777777777778
			7.11111111111111	-9.78632478632479
			7.1025641025641	-9.7948717948718
			7.09401709401709	-9.8034188034188
			7.08547008547009	-9.81196581196581
			7.07692307692308	-9.81196581196581
			7.06837606837607	-9.82051282051282
			7.05982905982906	-9.82051282051282
			7.05128205128205	-9.82905982905983
			7.05128205128205	-9.83760683760684
			7.04273504273504	-9.83760683760684
			7.03418803418803	-9.83760683760684
			7.02564102564103	-9.84615384615385
			7.01709401709402	-9.85470085470086
			7.00854700854701	-9.85470085470086
			7	-9.85470085470086
			6.99145299145299	-9.86324786324786
			6.98290598290598	-9.86324786324786
			6.97435897435898	-9.86324786324786
			6.96581196581197	-9.86324786324786
			6.95726495726496	-9.86324786324786
			6.94871794871795	-9.86324786324786
			6.94017094017094	-9.86324786324786
			6.93162393162393	-9.86324786324786
			6.92307692307692	-9.85470085470086
		</curveLM11>
		<curveLM12 type=matrix rownames=FALSE colnames=FALSE nrow=368 ncol=2 as.numeric=TRUE >
			6.92307692307692	-9.85470085470086
			6.91452991452991	-9.84615384615385
			6.91452991452991	-9.83760683760684
			6.90598290598291	-9.82905982905983
			6.90598290598291	-9.82051282051282
			6.8974358974359	-9.81196581196581
			6.8974358974359	-9.8034188034188
			6.8974358974359	-9.7948717948718
			6.8974358974359	-9.78632478632479
			6.8974358974359	-9.77777777777778
			6.88888888888889	-9.76923076923077
			6.88888888888889	-9.76068376068376
			6.88888888888889	-9.75213675213675
			6.88888888888889	-9.74358974358974
			6.88888888888889	-9.73504273504274
			6.88888888888889	-9.72649572649573
			6.88888888888889	-9.71794871794872
			6.88888888888889	-9.70940170940171
			6.88888888888889	-9.7008547008547
			6.88888888888889	-9.69230769230769
			6.88888888888889	-9.68376068376068
			6.88888888888889	-9.67521367521368
			6.88888888888889	-9.66666666666667
			6.88888888888889	-9.65811965811966
			6.88888888888889	-9.64957264957265
			6.88888888888889	-9.64102564102564
			6.88888888888889	-9.63247863247863
			6.88888888888889	-9.62393162393163
			6.88888888888889	-9.61538461538462
			6.88888888888889	-9.60683760683761
			6.88888888888889	-9.5982905982906
			6.8974358974359	-9.58974358974359
			6.8974358974359	-9.58119658119658
			6.8974358974359	-9.57264957264957
			6.8974358974359	-9.56410256410257
			6.8974358974359	-9.55555555555556
			6.8974358974359	-9.54700854700855
			6.8974358974359	-9.53846153846154
			6.8974358974359	-9.52991452991453
			6.8974358974359	-9.52136752136752
			6.90598290598291	-9.51282051282051
			6.90598290598291	-9.50427350427351
			6.90598290598291	-9.4957264957265
			6.90598290598291	-9.48717948717949
			6.90598290598291	-9.47863247863248
			6.90598290598291	-9.47008547008547
			6.91452991452991	-9.46153846153846
			6.91452991452991	-9.45299145299145
			6.91452991452991	-9.44444444444444
			6.91452991452991	-9.43589743589744
			6.91452991452991	-9.42735042735043
			6.91452991452991	-9.41880341880342
			6.92307692307692	-9.41025641025641
			6.92307692307692	-9.4017094017094
			6.92307692307692	-9.39316239316239
			6.92307692307692	-9.38461538461539
			6.92307692307692	-9.37606837606838
			6.92307692307692	-9.36752136752137
			6.93162393162393	-9.35897435897436
			6.93162393162393	-9.35042735042735
			6.93162393162393	-9.34188034188034
			6.93162393162393	-9.33333333333333
			6.93162393162393	-9.32478632478633
			6.94017094017094	-9.31623931623932
			6.94017094017094	-9.30769230769231
			6.94017094017094	-9.2991452991453
			6.94017094017094	-9.29059829059829
			6.94017094017094	-9.28205128205128
			6.94871794871795	-9.27350427350427
			6.94871794871795	-9.26495726495727
			6.94871794871795	-9.25641025641026
			6.94871794871795	-9.24786324786325
			6.95726495726496	-9.23931623931624
			6.95726495726496	-9.23076923076923
			6.95726495726496	-9.22222222222222
			6.95726495726496	-9.21367521367521
			6.95726495726496	-9.20512820512821
			6.96581196581197	-9.1965811965812
			6.96581196581197	-9.18803418803419
			6.96581196581197	-9.17948717948718
			6.96581196581197	-9.17094017094017
			6.97435897435898	-9.16239316239316
			6.97435897435898	-9.15384615384616
			6.97435897435898	-9.14529914529915
			6.97435897435898	-9.13675213675214
			6.98290598290598	-9.12820512820513
			6.98290598290598	-9.11965811965812
			6.98290598290598	-9.11111111111111
			6.98290598290598	-9.1025641025641
			6.98290598290598	-9.0940170940171
			6.98290598290598	-9.08547008547009
			6.99145299145299	-9.07692307692308
			6.99145299145299	-9.06837606837607
			6.99145299145299	-9.05982905982906
			6.99145299145299	-9.05128205128205
			6.99145299145299	-9.04273504273504
			7	-9.03418803418804
			7	-9.02564102564103
			7	-9.01709401709402
			7	-9.00854700854701
			7	-9
			7	-8.99145299145299
			7.00854700854701	-8.98290598290598
			7.00854700854701	-8.97435897435897
			7.00854700854701	-8.96581196581197
			7.00854700854701	-8.95726495726496
			7.00854700854701	-8.94871794871795
			7.00854700854701	-8.94017094017094
			7.01709401709402	-8.93162393162393
			7.01709401709402	-8.92307692307692
			7.01709401709402	-8.91452991452991
			7.01709401709402	-8.90598290598291
			7.02564102564103	-8.8974358974359
			7.02564102564103	-8.88888888888889
			7.02564102564103	-8.88034188034188
			7.02564102564103	-8.87179487179487
			7.02564102564103	-8.86324786324786
			7.02564102564103	-8.85470085470086
			7.03418803418803	-8.84615384615385
			7.03418803418803	-8.83760683760684
			7.03418803418803	-8.82905982905983
			7.03418803418803	-8.82051282051282
			7.03418803418803	-8.81196581196581
			7.03418803418803	-8.8034188034188
			7.04273504273504	-8.7948717948718
			7.04273504273504	-8.78632478632479
			7.04273504273504	-8.77777777777778
			7.04273504273504	-8.76923076923077
			7.05128205128205	-8.76068376068376
			7.05128205128205	-8.75213675213675
			7.05128205128205	-8.74358974358974
			7.05128205128205	-8.73504273504274
			7.05128205128205	-8.72649572649573
			7.05982905982906	-8.71794871794872
			7.05982905982906	-8.70940170940171
			7.05982905982906	-8.7008547008547
			7.05982905982906	-8.69230769230769
			7.05982905982906	-8.68376068376068
			7.05982905982906	-8.67521367521368
			7.06837606837607	-8.66666666666667
			7.06837606837607	-8.65811965811966
			7.06837606837607	-8.64957264957265
			7.06837606837607	-8.64102564102564
			7.06837606837607	-8.63247863247863
			7.07692307692308	-8.62393162393163
			7.07692307692308	-8.61538461538462
			7.07692307692308	-8.60683760683761
			7.07692307692308	-8.5982905982906
			7.08547008547009	-8.58974358974359
			7.08547008547009	-8.58119658119658
			7.08547008547009	-8.57264957264957
			7.08547008547009	-8.56410256410257
			7.08547008547009	-8.55555555555556
			7.09401709401709	-8.54700854700855
			7.09401709401709	-8.53846153846154
			7.09401709401709	-8.52991452991453
			7.09401709401709	-8.52136752136752
			7.09401709401709	-8.51282051282051
			7.1025641025641	-8.5042735042735
			7.1025641025641	-8.4957264957265
			7.1025641025641	-8.48717948717949
			7.1025641025641	-8.47863247863248
			7.1025641025641	-8.47008547008547
			7.11111111111111	-8.46153846153846
			7.11111111111111	-8.45299145299145
			7.11111111111111	-8.44444444444444
			7.11111111111111	-8.43589743589744
			7.11965811965812	-8.42735042735043
			7.11965811965812	-8.41880341880342
			7.11965811965812	-8.41025641025641
			7.11965811965812	-8.4017094017094
			7.12820512820513	-8.39316239316239
			7.12820512820513	-8.38461538461539
			7.12820512820513	-8.37606837606838
			7.12820512820513	-8.36752136752137
			7.12820512820513	-8.35897435897436
			7.13675213675214	-8.35042735042735
			7.13675213675214	-8.34188034188034
			7.13675213675214	-8.33333333333333
			7.13675213675214	-8.32478632478633
			7.14529914529915	-8.31623931623932
			7.14529914529915	-8.30769230769231
			7.14529914529915	-8.2991452991453
			7.14529914529915	-8.29059829059829
			7.15384615384615	-8.28205128205128
			7.15384615384615	-8.27350427350427
			7.15384615384615	-8.26495726495727
			7.15384615384615	-8.25641025641026
			7.16239316239316	-8.24786324786325
			7.16239316239316	-8.23931623931624
			7.16239316239316	-8.23076923076923
			7.16239316239316	-8.22222222222222
			7.17094017094017	-8.21367521367521
			7.17094017094017	-8.20512820512821
			7.17094017094017	-8.1965811965812
			7.17094017094017	-8.18803418803419
			7.17948717948718	-8.17948717948718
			7.17948717948718	-8.17094017094017
			7.17948717948718	-8.16239316239316
			7.17948717948718	-8.15384615384616
			7.17948717948718	-8.14529914529915
			7.18803418803419	-8.14529914529915
			7.18803418803419	-8.13675213675214
			7.18803418803419	-8.12820512820513
			7.18803418803419	-8.11965811965812
			7.1965811965812	-8.11111111111111
			7.1965811965812	-8.1025641025641
			7.1965811965812	-8.0940170940171
			7.1965811965812	-8.08547008547009
			7.20512820512821	-8.07692307692308
			7.20512820512821	-8.06837606837607
			7.20512820512821	-8.05982905982906
			7.21367521367521	-8.05128205128205
			7.21367521367521	-8.04273504273504
			7.21367521367521	-8.03418803418804
			7.21367521367521	-8.02564102564103
			7.21367521367521	-8.01709401709402
			7.22222222222222	-8.01709401709402
			7.22222222222222	-8.00854700854701
			7.22222222222222	-8
			7.22222222222222	-7.99145299145299
			7.23076923076923	-7.98290598290598
			7.23076923076923	-7.97435897435898
			7.23076923076923	-7.96581196581197
			7.23076923076923	-7.95726495726496
			7.23931623931624	-7.94871794871795
			7.23931623931624	-7.94017094017094
			7.23931623931624	-7.93162393162393
			7.24786324786325	-7.92307692307692
			7.24786324786325	-7.91452991452992
			7.24786324786325	-7.90598290598291
			7.24786324786325	-7.8974358974359
			7.25641025641026	-7.8974358974359
			7.25641025641026	-7.88888888888889
			7.25641025641026	-7.88034188034188
			7.25641025641026	-7.87179487179487
			7.26495726495727	-7.86324786324786
			7.26495726495727	-7.85470085470086
			7.26495726495727	-7.84615384615385
			7.26495726495727	-7.83760683760684
			7.27350427350427	-7.83760683760684
			7.27350427350427	-7.82905982905983
			7.27350427350427	-7.82051282051282
			7.27350427350427	-7.81196581196581
			7.28205128205128	-7.8034188034188
			7.28205128205128	-7.7948717948718
			7.28205128205128	-7.78632478632479
			7.29059829059829	-7.77777777777778
			7.29059829059829	-7.76923076923077
			7.29059829059829	-7.76068376068376
			7.2991452991453	-7.75213675213675
			7.2991452991453	-7.74358974358974
			7.2991452991453	-7.73504273504274
			7.30769230769231	-7.72649572649573
			7.30769230769231	-7.71794871794872
			7.30769230769231	-7.70940170940171
			7.31623931623932	-7.7008547008547
			7.31623931623932	-7.69230769230769
			7.31623931623932	-7.68376068376068
			7.32478632478633	-7.67521367521368
			7.32478632478633	-7.66666666666667
			7.32478632478633	-7.65811965811966
			7.33333333333333	-7.64957264957265
			7.33333333333333	-7.64102564102564
			7.33333333333333	-7.63247863247863
			7.34188034188034	-7.62393162393162
			7.34188034188034	-7.61538461538462
			7.34188034188034	-7.60683760683761
			7.34188034188034	-7.5982905982906
			7.35042735042735	-7.58974358974359
			7.35042735042735	-7.58119658119658
			7.35042735042735	-7.57264957264957
			7.35897435897436	-7.56410256410256
			7.35897435897436	-7.55555555555556
			7.35897435897436	-7.54700854700855
			7.36752136752137	-7.53846153846154
			7.36752136752137	-7.52991452991453
			7.37606837606838	-7.52136752136752
			7.37606837606838	-7.51282051282051
			7.37606837606838	-7.50427350427351
			7.38461538461539	-7.4957264957265
			7.38461538461539	-7.48717948717949
			7.39316239316239	-7.47863247863248
			7.39316239316239	-7.47008547008547
			7.39316239316239	-7.46153846153846
			7.4017094017094	-7.45299145299145
			7.4017094017094	-7.44444444444445
			7.4017094017094	-7.43589743589744
			7.41025641025641	-7.43589743589744
			7.41025641025641	-7.42735042735043
			7.41025641025641	-7.41880341880342
			7.41880341880342	-7.41025641025641
			7.41880341880342	-7.4017094017094
			7.42735042735043	-7.39316239316239
			7.42735042735043	-7.38461538461539
			7.42735042735043	-7.37606837606838
			7.43589743589744	-7.36752136752137
			7.43589743589744	-7.35897435897436
			7.43589743589744	-7.35042735042735
			7.44444444444445	-7.34188034188034
			7.44444444444445	-7.33333333333333
			7.45299145299145	-7.32478632478633
			7.45299145299145	-7.31623931623932
			7.46153846153846	-7.30769230769231
			7.46153846153846	-7.2991452991453
			7.47008547008547	-7.29059829059829
			7.47008547008547	-7.28205128205128
			7.47008547008547	-7.27350427350427
			7.47863247863248	-7.26495726495727
			7.47863247863248	-7.25641025641026
			7.47863247863248	-7.24786324786325
			7.48717948717949	-7.23931623931624
			7.48717948717949	-7.23076923076923
			7.4957264957265	-7.22222222222222
			7.4957264957265	-7.21367521367521
			7.4957264957265	-7.20512820512821
			7.50427350427351	-7.20512820512821
			7.50427350427351	-7.1965811965812
			7.50427350427351	-7.18803418803419
			7.50427350427351	-7.17948717948718
			7.51282051282051	-7.17948717948718
			7.51282051282051	-7.17094017094017
			7.52136752136752	-7.16239316239316
			7.52136752136752	-7.15384615384615
			7.52136752136752	-7.14529914529915
			7.52991452991453	-7.13675213675214
			7.52991452991453	-7.12820512820513
			7.53846153846154	-7.11965811965812
			7.53846153846154	-7.11111111111111
			7.53846153846154	-7.1025641025641
			7.54700854700855	-7.09401709401709
			7.54700854700855	-7.08547008547009
			7.55555555555556	-7.07692307692308
			7.55555555555556	-7.06837606837607
			7.56410256410256	-7.05982905982906
			7.56410256410256	-7.05128205128205
			7.56410256410256	-7.04273504273504
			7.57264957264957	-7.03418803418803
			7.57264957264957	-7.02564102564103
			7.58119658119658	-7.01709401709402
			7.58119658119658	-7.00854700854701
			7.58974358974359	-7
			7.58974358974359	-6.99145299145299
			7.58974358974359	-6.98290598290598
			7.5982905982906	-6.97435897435898
			7.5982905982906	-6.96581196581197
			7.60683760683761	-6.95726495726496
			7.60683760683761	-6.94871794871795
			7.60683760683761	-6.94017094017094
			7.61538461538462	-6.93162393162393
			7.61538461538462	-6.92307692307692
			7.62393162393162	-6.92307692307692
			7.62393162393162	-6.91452991452991
			7.62393162393162	-6.90598290598291
			7.63247863247863	-6.8974358974359
			7.63247863247863	-6.88888888888889
			7.64102564102564	-6.88034188034188
			7.64102564102564	-6.87179487179487
			7.64957264957265	-6.86324786324786
			7.64957264957265	-6.85470085470086
			7.65811965811966	-6.84615384615385
			7.65811965811966	-6.83760683760684
			7.66666666666667	-6.82905982905983
			7.67521367521368	-6.82051282051282
			7.67521367521368	-6.81196581196581
			7.67521367521368	-6.8034188034188
			7.68376068376068	-6.7948717948718
			7.69230769230769	-6.78632478632479
		</curveLM12>
	</curves.scaled>
	<ruler.points type=matrix rownames=TRUE colnames=FALSE nrow=5 ncol=2 as.numeric=TRUE >
		Ruler point 1	434	1409
		Ruler point 2	551	1409
		Ruler point 3	668	1409
		Ruler point 4	785	1409
		Ruler point 5	902	1409
	</ruler.points>
</shapes>

