<shapes type=list>
	<ruler.pixel type=vector names=FALSE length=1 as.numeric=TRUE >117</ruler.pixel>
	<ruler.interval type=vector names=FALSE length=1 as.numeric=TRUE >1</ruler.interval>
	<scaling.units type=vector names=FALSE length=1 as.numeric=FALSE >cm</scaling.units>
	<scaling type=vector names=FALSE length=1 as.numeric=TRUE >0.00854700854700855</scaling>
	<landmarks.pixel type=matrix rownames=TRUE colnames=FALSE nrow=6 ncol=2 as.numeric=TRUE >
		LM01	902	800
		LM02	997	1132
		LM03	936	1084
		LM04	902	1169
		LM05	873	1092
		LM06	811	1122
	</landmarks.pixel>
	<landmarks.scaled type=matrix rownames=TRUE colnames=FALSE nrow=6 ncol=2 as.numeric=TRUE >
		LM01	7.70940170940171	-6.83760683760684
		LM02	8.52136752136752	-9.67521367521368
		LM03	8	-9.26495726495727
		LM04	7.70940170940171	-9.99145299145299
		LM05	7.46153846153846	-9.33333333333333
		LM06	6.93162393162393	-9.58974358974359
	</landmarks.scaled>
	<curves.control type=list>
		<curveLM07 type=matrix rownames=FALSE colnames=FALSE nrow=7 ncol=2 as.numeric=TRUE >
			902	800
			918	812
			948	922
			987	1045
			1001	1091
			1009	1121
			997	1132
		</curveLM07>
		<curveLM08 type=matrix rownames=FALSE colnames=FALSE nrow=5 ncol=2 as.numeric=TRUE >
			997	1132
			986	1131
			965	1101
			953	1085
			936	1084
		</curveLM08>
		<curveLM09 type=matrix rownames=FALSE colnames=FALSE nrow=5 ncol=2 as.numeric=TRUE >
			936	1084
			927	1089
			924	1117
			911	1174
			902	1169
		</curveLM09>
		<curveLM10 type=matrix rownames=FALSE colnames=FALSE nrow=5 ncol=2 as.numeric=TRUE >
			902	1169
			894	1173
			881	1122
			878	1098
			873	1092
		</curveLM10>
		<curveLM11 type=matrix rownames=FALSE colnames=FALSE nrow=5 ncol=2 as.numeric=TRUE >
			873	1092
			863	1089
			850	1103
			822	1130
			811	1122
		</curveLM11>
		<curveLM12 type=matrix rownames=FALSE colnames=FALSE nrow=5 ncol=2 as.numeric=TRUE >
			811	1122
			798	1110
			824	1043
			833	979
			902	800
		</curveLM12>
	</curves.control>
	<curves.pixel type=list>
		<curveLM07 type=matrix rownames=FALSE colnames=FALSE nrow=344 ncol=2 as.numeric=TRUE >
			902	800
			903	800
			903	801
			904	801
			904	802
			905	803
			906	804
			907	805
			907	806
			908	807
			908	808
			909	809
			910	810
			910	811
			911	812
			912	813
			912	814
			912	815
			913	816
			913	817
			914	817
			914	818
			914	819
			915	820
			915	821
			916	822
			916	823
			917	824
			917	825
			917	826
			918	827
			918	828
			919	829
			919	830
			919	831
			920	832
			920	833
			920	834
			921	835
			921	836
			922	837
			922	838
			923	839
			923	840
			923	841
			923	842
			924	842
			924	843
			924	844
			925	845
			925	846
			925	847
			926	848
			926	849
			926	850
			927	851
			927	852
			927	853
			928	854
			928	855
			928	856
			929	857
			929	858
			929	859
			930	860
			930	861
			930	862
			931	863
			931	864
			931	865
			932	866
			932	867
			932	868
			933	869
			933	870
			933	871
			934	872
			934	873
			934	874
			934	875
			935	876
			935	877
			935	878
			936	878
			936	879
			936	880
			936	881
			937	882
			937	883
			937	884
			938	885
			938	886
			938	887
			938	888
			939	889
			939	890
			939	891
			940	892
			940	893
			940	894
			941	895
			941	896
			941	897
			941	898
			942	899
			942	900
			942	901
			942	902
			943	903
			943	904
			943	905
			944	906
			944	907
			944	908
			944	909
			945	910
			945	911
			945	912
			946	913
			946	914
			946	915
			946	916
			947	917
			947	918
			947	919
			947	920
			948	921
			948	922
			948	923
			949	924
			949	925
			949	926
			950	927
			950	928
			950	929
			950	930
			951	930
			951	931
			951	932
			951	933
			952	934
			952	935
			953	936
			953	937
			953	938
			953	939
			954	940
			954	941
			954	942
			955	943
			955	944
			955	945
			956	946
			956	947
			956	948
			957	949
			957	950
			957	951
			958	952
			958	953
			958	954
			959	955
			959	956
			959	957
			959	958
			960	959
			960	960
			960	961
			961	962
			961	963
			961	964
			962	965
			962	966
			962	967
			963	968
			963	969
			963	970
			963	971
			964	972
			964	973
			964	974
			965	975
			965	976
			966	977
			966	978
			966	979
			966	980
			967	981
			967	982
			967	983
			968	984
			968	985
			968	986
			969	987
			969	988
			969	989
			969	990
			970	991
			970	992
			971	993
			971	994
			971	995
			971	996
			972	996
			972	997
			972	998
			972	999
			973	1000
			973	1001
			973	1002
			974	1003
			974	1004
			974	1005
			975	1006
			975	1007
			975	1008
			975	1009
			976	1010
			976	1011
			977	1012
			977	1013
			977	1014
			977	1015
			978	1016
			978	1017
			978	1018
			979	1019
			979	1020
			979	1021
			980	1022
			980	1023
			980	1024
			981	1025
			981	1026
			981	1027
			982	1028
			982	1029
			982	1030
			982	1031
			983	1032
			983	1033
			983	1034
			984	1035
			984	1036
			984	1037
			985	1038
			985	1039
			985	1040
			986	1041
			986	1042
			986	1043
			987	1044
			987	1045
			987	1046
			987	1047
			988	1048
			988	1049
			988	1050
			989	1051
			989	1052
			989	1053
			990	1054
			990	1055
			990	1056
			991	1057
			991	1058
			991	1059
			991	1060
			992	1061
			992	1062
			992	1063
			993	1064
			993	1065
			993	1066
			994	1067
			994	1068
			994	1069
			995	1070
			995	1071
			995	1072
			996	1073
			996	1074
			996	1075
			996	1076
			997	1076
			997	1077
			997	1078
			997	1079
			998	1080
			998	1081
			998	1082
			998	1083
			999	1084
			999	1085
			999	1086
			1000	1087
			1000	1088
			1000	1089
			1001	1089
			1001	1090
			1001	1091
			1001	1092
			1001	1093
			1002	1094
			1002	1095
			1002	1096
			1002	1097
			1003	1098
			1003	1099
			1003	1100
			1003	1101
			1003	1102
			1004	1103
			1004	1104
			1004	1105
			1004	1106
			1004	1107
			1004	1108
			1004	1109
			1004	1110
			1004	1111
			1004	1112
			1004	1113
			1004	1114
			1004	1115
			1004	1116
			1004	1117
			1004	1118
			1004	1119
			1003	1120
			1003	1121
			1003	1122
			1003	1123
			1002	1124
			1002	1125
			1002	1126
			1001	1126
			1001	1127
			1000	1128
			1000	1129
			999	1129
			999	1130
			998	1131
			997	1132
		</curveLM07>
		<curveLM08 type=matrix rownames=FALSE colnames=FALSE nrow=77 ncol=2 as.numeric=TRUE >
			997	1132
			996	1132
			995	1132
			994	1131
			993	1131
			992	1130
			991	1130
			990	1129
			989	1129
			988	1128
			987	1127
			986	1126
			985	1125
			984	1124
			983	1123
			982	1122
			981	1122
			981	1121
			980	1120
			979	1119
			978	1118
			977	1117
			976	1116
			975	1115
			975	1114
			974	1113
			973	1112
			972	1111
			972	1110
			971	1109
			970	1108
			969	1107
			969	1106
			968	1105
			967	1104
			966	1103
			966	1102
			965	1101
			965	1100
			964	1100
			964	1099
			963	1099
			963	1098
			962	1098
			962	1097
			961	1097
			961	1096
			960	1096
			960	1095
			959	1095
			959	1094
			958	1094
			958	1093
			957	1093
			957	1092
			956	1092
			955	1091
			954	1090
			953	1090
			952	1089
			951	1088
			950	1088
			949	1087
			948	1087
			947	1086
			946	1086
			945	1086
			944	1085
			943	1085
			942	1085
			941	1085
			940	1085
			940	1084
			939	1084
			938	1084
			937	1084
			936	1084
		</curveLM08>
		<curveLM09 type=matrix rownames=FALSE colnames=FALSE nrow=94 ncol=2 as.numeric=TRUE >
			936	1084
			935	1084
			935	1085
			934	1086
			933	1086
			932	1087
			932	1088
			931	1089
			931	1090
			930	1091
			930	1092
			929	1093
			929	1094
			929	1095
			928	1095
			928	1096
			928	1097
			927	1098
			927	1099
			927	1100
			927	1101
			926	1102
			926	1103
			926	1104
			926	1105
			926	1106
			925	1107
			925	1108
			925	1109
			925	1110
			925	1111
			925	1112
			925	1113
			924	1114
			924	1115
			924	1116
			924	1117
			924	1118
			923	1119
			923	1120
			923	1121
			923	1122
			923	1123
			922	1124
			922	1125
			922	1126
			922	1127
			921	1128
			921	1129
			921	1130
			921	1131
			920	1132
			920	1133
			920	1134
			920	1135
			919	1136
			919	1137
			919	1138
			918	1139
			918	1140
			918	1141
			918	1142
			917	1143
			917	1144
			917	1145
			917	1146
			916	1147
			916	1148
			915	1149
			915	1150
			915	1151
			914	1152
			914	1153
			914	1154
			914	1155
			913	1155
			913	1156
			913	1157
			912	1158
			912	1159
			911	1160
			911	1161
			910	1162
			910	1163
			909	1164
			909	1165
			908	1166
			907	1167
			907	1168
			906	1168
			905	1169
			904	1169
			903	1169
			902	1169
		</curveLM09>
		<curveLM10 type=matrix rownames=FALSE colnames=FALSE nrow=83 ncol=2 as.numeric=TRUE >
			902	1169
			901	1169
			900	1169
			899	1169
			898	1168
			897	1167
			897	1166
			896	1165
			895	1164
			895	1163
			894	1162
			893	1161
			893	1160
			893	1159
			892	1158
			892	1157
			891	1156
			891	1155
			891	1154
			890	1153
			890	1152
			889	1151
			889	1150
			889	1149
			888	1148
			888	1147
			888	1146
			887	1145
			887	1144
			887	1143
			886	1142
			886	1141
			886	1140
			886	1139
			885	1138
			885	1137
			885	1136
			884	1135
			884	1134
			884	1133
			884	1132
			883	1131
			883	1130
			883	1129
			883	1128
			882	1127
			882	1126
			882	1125
			881	1124
			881	1123
			881	1122
			881	1121
			881	1120
			881	1119
			881	1118
			880	1117
			880	1116
			880	1115
			880	1114
			880	1113
			880	1112
			879	1112
			879	1111
			879	1110
			879	1109
			879	1108
			878	1107
			878	1106
			878	1105
			878	1104
			878	1103
			877	1102
			877	1101
			877	1100
			877	1099
			876	1099
			876	1098
			876	1097
			875	1096
			875	1095
			874	1094
			874	1093
			873	1092
		</curveLM10>
		<curveLM11 type=matrix rownames=FALSE colnames=FALSE nrow=68 ncol=2 as.numeric=TRUE >
			873	1092
			872	1092
			871	1092
			870	1091
			869	1091
			868	1092
			867	1092
			866	1092
			865	1092
			864	1093
			863	1093
			862	1093
			861	1094
			860	1094
			859	1095
			858	1096
			857	1096
			856	1097
			855	1098
			854	1099
			853	1100
			852	1101
			851	1102
			850	1103
			849	1104
			848	1105
			847	1106
			846	1107
			845	1107
			845	1108
			844	1109
			843	1109
			843	1110
			842	1110
			841	1111
			840	1112
			839	1113
			838	1114
			837	1115
			836	1115
			835	1116
			834	1116
			834	1117
			833	1117
			832	1118
			831	1118
			831	1119
			830	1119
			829	1120
			828	1120
			827	1121
			826	1121
			825	1122
			824	1122
			823	1123
			822	1123
			821	1123
			820	1123
			820	1124
			819	1124
			818	1124
			817	1124
			816	1124
			815	1124
			814	1124
			813	1123
			812	1123
			811	1122
		</curveLM11>
		<curveLM12 type=matrix rownames=FALSE colnames=FALSE nrow=333 ncol=2 as.numeric=TRUE >
			811	1122
			810	1121
			809	1120
			809	1119
			808	1118
			808	1117
			808	1116
			807	1115
			807	1114
			807	1113
			807	1112
			807	1111
			807	1110
			807	1109
			807	1108
			807	1107
			807	1106
			807	1105
			807	1104
			807	1103
			807	1102
			807	1101
			807	1100
			807	1099
			808	1098
			808	1097
			808	1096
			808	1095
			808	1094
			808	1093
			809	1092
			809	1091
			809	1090
			809	1089
			809	1088
			810	1087
			810	1086
			810	1085
			810	1084
			811	1083
			811	1082
			811	1081
			811	1080
			812	1079
			812	1078
			812	1077
			813	1076
			813	1075
			813	1074
			814	1073
			814	1072
			814	1071
			814	1070
			815	1070
			815	1069
			815	1068
			815	1067
			816	1066
			816	1065
			816	1064
			817	1063
			817	1062
			817	1061
			818	1060
			818	1059
			818	1058
			819	1057
			819	1056
			819	1055
			820	1054
			820	1053
			821	1052
			821	1051
			821	1050
			822	1049
			822	1048
			823	1047
			823	1046
			823	1045
			824	1044
			824	1043
			824	1042
			824	1041
			824	1040
			825	1039
			825	1038
			825	1037
			825	1036
			825	1035
			826	1034
			826	1033
			826	1032
			826	1031
			826	1030
			826	1029
			827	1028
			827	1027
			827	1026
			827	1025
			828	1024
			828	1023
			828	1022
			828	1021
			828	1020
			829	1019
			829	1018
			829	1017
			829	1016
			829	1015
			830	1015
			830	1014
			830	1013
			830	1012
			830	1011
			831	1010
			831	1009
			831	1008
			832	1007
			832	1006
			832	1005
			832	1004
			833	1003
			833	1002
			833	1001
			833	1000
			833	999
			834	999
			834	998
			834	997
			834	996
			835	995
			835	994
			835	993
			835	992
			836	991
			836	990
			836	989
			837	988
			837	987
			837	986
			837	985
			838	984
			838	983
			838	982
			839	981
			839	980
			839	979
			839	978
			840	977
			840	976
			840	975
			841	974
			841	973
			841	972
			842	971
			842	970
			842	969
			842	968
			843	967
			843	966
			843	965
			844	964
			844	963
			844	962
			845	961
			845	960
			845	959
			846	958
			846	957
			846	956
			847	955
			847	954
			847	953
			848	952
			848	951
			848	950
			848	949
			849	949
			849	948
			849	947
			849	946
			850	945
			850	944
			850	943
			851	942
			851	941
			851	940
			852	939
			852	938
			852	937
			853	936
			853	935
			853	934
			854	933
			854	932
			854	931
			855	930
			855	929
			855	928
			856	927
			856	926
			856	925
			857	924
			857	923
			857	922
			858	921
			858	920
			858	919
			859	918
			859	917
			860	916
			860	915
			860	914
			861	913
			861	912
			861	911
			861	910
			862	910
			862	909
			862	908
			862	907
			863	906
			863	905
			863	904
			864	903
			864	902
			865	901
			865	900
			865	899
			866	898
			866	897
			866	896
			867	895
			867	894
			867	893
			868	892
			868	891
			868	890
			869	889
			869	888
			870	887
			870	886
			870	885
			870	884
			871	884
			871	883
			871	882
			872	882
			872	881
			872	880
			872	879
			873	879
			873	878
			873	877
			874	876
			874	875
			874	874
			875	873
			875	872
			875	871
			876	870
			876	869
			877	868
			877	867
			877	866
			877	865
			878	865
			878	864
			878	863
			879	862
			879	861
			879	860
			880	859
			880	858
			881	857
			881	856
			881	855
			882	854
			882	853
			882	852
			883	851
			883	850
			883	849
			884	848
			884	847
			884	846
			885	845
			885	844
			886	843
			886	842
			887	841
			887	840
			887	839
			887	838
			888	838
			888	837
			888	836
			889	835
			889	834
			889	833
			890	832
			890	831
			891	830
			891	829
			891	828
			892	827
			892	826
			893	825
			893	824
			893	823
			894	822
			894	821
			895	820
			895	819
			895	818
			895	817
			896	816
			896	815
			897	814
			897	813
			897	812
			898	811
			898	810
			898	809
			899	808
			899	807
			900	806
			900	805
			901	804
			901	803
			901	802
			902	801
			902	800
		</curveLM12>
	</curves.pixel>
	<curves.scaled type=list>
		<curveLM07 type=matrix rownames=FALSE colnames=FALSE nrow=344 ncol=2 as.numeric=TRUE >
			7.70940170940171	-6.83760683760684
			7.71794871794872	-6.83760683760684
			7.71794871794872	-6.84615384615385
			7.72649572649573	-6.84615384615385
			7.72649572649573	-6.85470085470086
			7.73504273504274	-6.86324786324786
			7.74358974358974	-6.87179487179487
			7.75213675213675	-6.88034188034188
			7.75213675213675	-6.88888888888889
			7.76068376068376	-6.8974358974359
			7.76068376068376	-6.90598290598291
			7.76923076923077	-6.91452991452991
			7.77777777777778	-6.92307692307692
			7.77777777777778	-6.93162393162393
			7.78632478632479	-6.94017094017094
			7.7948717948718	-6.94871794871795
			7.7948717948718	-6.95726495726496
			7.7948717948718	-6.96581196581197
			7.8034188034188	-6.97435897435898
			7.8034188034188	-6.98290598290598
			7.81196581196581	-6.98290598290598
			7.81196581196581	-6.99145299145299
			7.81196581196581	-7
			7.82051282051282	-7.00854700854701
			7.82051282051282	-7.01709401709402
			7.82905982905983	-7.02564102564103
			7.82905982905983	-7.03418803418803
			7.83760683760684	-7.04273504273504
			7.83760683760684	-7.05128205128205
			7.83760683760684	-7.05982905982906
			7.84615384615385	-7.06837606837607
			7.84615384615385	-7.07692307692308
			7.85470085470086	-7.08547008547009
			7.85470085470086	-7.09401709401709
			7.85470085470086	-7.1025641025641
			7.86324786324786	-7.11111111111111
			7.86324786324786	-7.11965811965812
			7.86324786324786	-7.12820512820513
			7.87179487179487	-7.13675213675214
			7.87179487179487	-7.14529914529915
			7.88034188034188	-7.15384615384615
			7.88034188034188	-7.16239316239316
			7.88888888888889	-7.17094017094017
			7.88888888888889	-7.17948717948718
			7.88888888888889	-7.18803418803419
			7.88888888888889	-7.1965811965812
			7.8974358974359	-7.1965811965812
			7.8974358974359	-7.20512820512821
			7.8974358974359	-7.21367521367521
			7.90598290598291	-7.22222222222222
			7.90598290598291	-7.23076923076923
			7.90598290598291	-7.23931623931624
			7.91452991452992	-7.24786324786325
			7.91452991452992	-7.25641025641026
			7.91452991452992	-7.26495726495727
			7.92307692307692	-7.27350427350427
			7.92307692307692	-7.28205128205128
			7.92307692307692	-7.29059829059829
			7.93162393162393	-7.2991452991453
			7.93162393162393	-7.30769230769231
			7.93162393162393	-7.31623931623932
			7.94017094017094	-7.32478632478633
			7.94017094017094	-7.33333333333333
			7.94017094017094	-7.34188034188034
			7.94871794871795	-7.35042735042735
			7.94871794871795	-7.35897435897436
			7.94871794871795	-7.36752136752137
			7.95726495726496	-7.37606837606838
			7.95726495726496	-7.38461538461539
			7.95726495726496	-7.39316239316239
			7.96581196581197	-7.4017094017094
			7.96581196581197	-7.41025641025641
			7.96581196581197	-7.41880341880342
			7.97435897435898	-7.42735042735043
			7.97435897435898	-7.43589743589744
			7.97435897435898	-7.44444444444445
			7.98290598290598	-7.45299145299145
			7.98290598290598	-7.46153846153846
			7.98290598290598	-7.47008547008547
			7.98290598290598	-7.47863247863248
			7.99145299145299	-7.48717948717949
			7.99145299145299	-7.4957264957265
			7.99145299145299	-7.50427350427351
			8	-7.50427350427351
			8	-7.51282051282051
			8	-7.52136752136752
			8	-7.52991452991453
			8.00854700854701	-7.53846153846154
			8.00854700854701	-7.54700854700855
			8.00854700854701	-7.55555555555556
			8.01709401709402	-7.56410256410256
			8.01709401709402	-7.57264957264957
			8.01709401709402	-7.58119658119658
			8.01709401709402	-7.58974358974359
			8.02564102564103	-7.5982905982906
			8.02564102564103	-7.60683760683761
			8.02564102564103	-7.61538461538462
			8.03418803418804	-7.62393162393162
			8.03418803418804	-7.63247863247863
			8.03418803418804	-7.64102564102564
			8.04273504273504	-7.64957264957265
			8.04273504273504	-7.65811965811966
			8.04273504273504	-7.66666666666667
			8.04273504273504	-7.67521367521368
			8.05128205128205	-7.68376068376068
			8.05128205128205	-7.69230769230769
			8.05128205128205	-7.7008547008547
			8.05128205128205	-7.70940170940171
			8.05982905982906	-7.71794871794872
			8.05982905982906	-7.72649572649573
			8.05982905982906	-7.73504273504274
			8.06837606837607	-7.74358974358974
			8.06837606837607	-7.75213675213675
			8.06837606837607	-7.76068376068376
			8.06837606837607	-7.76923076923077
			8.07692307692308	-7.77777777777778
			8.07692307692308	-7.78632478632479
			8.07692307692308	-7.7948717948718
			8.08547008547009	-7.8034188034188
			8.08547008547009	-7.81196581196581
			8.08547008547009	-7.82051282051282
			8.08547008547009	-7.82905982905983
			8.0940170940171	-7.83760683760684
			8.0940170940171	-7.84615384615385
			8.0940170940171	-7.85470085470086
			8.0940170940171	-7.86324786324786
			8.1025641025641	-7.87179487179487
			8.1025641025641	-7.88034188034188
			8.1025641025641	-7.88888888888889
			8.11111111111111	-7.8974358974359
			8.11111111111111	-7.90598290598291
			8.11111111111111	-7.91452991452992
			8.11965811965812	-7.92307692307692
			8.11965811965812	-7.93162393162393
			8.11965811965812	-7.94017094017094
			8.11965811965812	-7.94871794871795
			8.12820512820513	-7.94871794871795
			8.12820512820513	-7.95726495726496
			8.12820512820513	-7.96581196581197
			8.12820512820513	-7.97435897435898
			8.13675213675214	-7.98290598290598
			8.13675213675214	-7.99145299145299
			8.14529914529915	-8
			8.14529914529915	-8.00854700854701
			8.14529914529915	-8.01709401709402
			8.14529914529915	-8.02564102564103
			8.15384615384616	-8.03418803418804
			8.15384615384616	-8.04273504273504
			8.15384615384616	-8.05128205128205
			8.16239316239316	-8.05982905982906
			8.16239316239316	-8.06837606837607
			8.16239316239316	-8.07692307692308
			8.17094017094017	-8.08547008547009
			8.17094017094017	-8.0940170940171
			8.17094017094017	-8.1025641025641
			8.17948717948718	-8.11111111111111
			8.17948717948718	-8.11965811965812
			8.17948717948718	-8.12820512820513
			8.18803418803419	-8.13675213675214
			8.18803418803419	-8.14529914529915
			8.18803418803419	-8.15384615384616
			8.1965811965812	-8.16239316239316
			8.1965811965812	-8.17094017094017
			8.1965811965812	-8.17948717948718
			8.1965811965812	-8.18803418803419
			8.20512820512821	-8.1965811965812
			8.20512820512821	-8.20512820512821
			8.20512820512821	-8.21367521367521
			8.21367521367521	-8.22222222222222
			8.21367521367521	-8.23076923076923
			8.21367521367521	-8.23931623931624
			8.22222222222222	-8.24786324786325
			8.22222222222222	-8.25641025641026
			8.22222222222222	-8.26495726495727
			8.23076923076923	-8.27350427350427
			8.23076923076923	-8.28205128205128
			8.23076923076923	-8.29059829059829
			8.23076923076923	-8.2991452991453
			8.23931623931624	-8.30769230769231
			8.23931623931624	-8.31623931623932
			8.23931623931624	-8.32478632478633
			8.24786324786325	-8.33333333333333
			8.24786324786325	-8.34188034188034
			8.25641025641026	-8.35042735042735
			8.25641025641026	-8.35897435897436
			8.25641025641026	-8.36752136752137
			8.25641025641026	-8.37606837606838
			8.26495726495727	-8.38461538461539
			8.26495726495727	-8.39316239316239
			8.26495726495727	-8.4017094017094
			8.27350427350427	-8.41025641025641
			8.27350427350427	-8.41880341880342
			8.27350427350427	-8.42735042735043
			8.28205128205128	-8.43589743589744
			8.28205128205128	-8.44444444444444
			8.28205128205128	-8.45299145299145
			8.28205128205128	-8.46153846153846
			8.29059829059829	-8.47008547008547
			8.29059829059829	-8.47863247863248
			8.2991452991453	-8.48717948717949
			8.2991452991453	-8.4957264957265
			8.2991452991453	-8.5042735042735
			8.2991452991453	-8.51282051282051
			8.30769230769231	-8.51282051282051
			8.30769230769231	-8.52136752136752
			8.30769230769231	-8.52991452991453
			8.30769230769231	-8.53846153846154
			8.31623931623932	-8.54700854700855
			8.31623931623932	-8.55555555555556
			8.31623931623932	-8.56410256410257
			8.32478632478633	-8.57264957264957
			8.32478632478633	-8.58119658119658
			8.32478632478633	-8.58974358974359
			8.33333333333333	-8.5982905982906
			8.33333333333333	-8.60683760683761
			8.33333333333333	-8.61538461538462
			8.33333333333333	-8.62393162393163
			8.34188034188034	-8.63247863247863
			8.34188034188034	-8.64102564102564
			8.35042735042735	-8.64957264957265
			8.35042735042735	-8.65811965811966
			8.35042735042735	-8.66666666666667
			8.35042735042735	-8.67521367521368
			8.35897435897436	-8.68376068376068
			8.35897435897436	-8.69230769230769
			8.35897435897436	-8.7008547008547
			8.36752136752137	-8.70940170940171
			8.36752136752137	-8.71794871794872
			8.36752136752137	-8.72649572649573
			8.37606837606838	-8.73504273504274
			8.37606837606838	-8.74358974358974
			8.37606837606838	-8.75213675213675
			8.38461538461539	-8.76068376068376
			8.38461538461539	-8.76923076923077
			8.38461538461539	-8.77777777777778
			8.39316239316239	-8.78632478632479
			8.39316239316239	-8.7948717948718
			8.39316239316239	-8.8034188034188
			8.39316239316239	-8.81196581196581
			8.4017094017094	-8.82051282051282
			8.4017094017094	-8.82905982905983
			8.4017094017094	-8.83760683760684
			8.41025641025641	-8.84615384615385
			8.41025641025641	-8.85470085470086
			8.41025641025641	-8.86324786324786
			8.41880341880342	-8.87179487179487
			8.41880341880342	-8.88034188034188
			8.41880341880342	-8.88888888888889
			8.42735042735043	-8.8974358974359
			8.42735042735043	-8.90598290598291
			8.42735042735043	-8.91452991452991
			8.43589743589744	-8.92307692307692
			8.43589743589744	-8.93162393162393
			8.43589743589744	-8.94017094017094
			8.43589743589744	-8.94871794871795
			8.44444444444444	-8.95726495726496
			8.44444444444444	-8.96581196581197
			8.44444444444444	-8.97435897435897
			8.45299145299145	-8.98290598290598
			8.45299145299145	-8.99145299145299
			8.45299145299145	-9
			8.46153846153846	-9.00854700854701
			8.46153846153846	-9.01709401709402
			8.46153846153846	-9.02564102564103
			8.47008547008547	-9.03418803418804
			8.47008547008547	-9.04273504273504
			8.47008547008547	-9.05128205128205
			8.47008547008547	-9.05982905982906
			8.47863247863248	-9.06837606837607
			8.47863247863248	-9.07692307692308
			8.47863247863248	-9.08547008547009
			8.48717948717949	-9.0940170940171
			8.48717948717949	-9.1025641025641
			8.48717948717949	-9.11111111111111
			8.4957264957265	-9.11965811965812
			8.4957264957265	-9.12820512820513
			8.4957264957265	-9.13675213675214
			8.5042735042735	-9.14529914529915
			8.5042735042735	-9.15384615384616
			8.5042735042735	-9.16239316239316
			8.51282051282051	-9.17094017094017
			8.51282051282051	-9.17948717948718
			8.51282051282051	-9.18803418803419
			8.51282051282051	-9.1965811965812
			8.52136752136752	-9.1965811965812
			8.52136752136752	-9.20512820512821
			8.52136752136752	-9.21367521367521
			8.52136752136752	-9.22222222222222
			8.52991452991453	-9.23076923076923
			8.52991452991453	-9.23931623931624
			8.52991452991453	-9.24786324786325
			8.52991452991453	-9.25641025641026
			8.53846153846154	-9.26495726495727
			8.53846153846154	-9.27350427350427
			8.53846153846154	-9.28205128205128
			8.54700854700855	-9.29059829059829
			8.54700854700855	-9.2991452991453
			8.54700854700855	-9.30769230769231
			8.55555555555556	-9.30769230769231
			8.55555555555556	-9.31623931623932
			8.55555555555556	-9.32478632478633
			8.55555555555556	-9.33333333333333
			8.55555555555556	-9.34188034188034
			8.56410256410257	-9.35042735042735
			8.56410256410257	-9.35897435897436
			8.56410256410257	-9.36752136752137
			8.56410256410257	-9.37606837606838
			8.57264957264957	-9.38461538461539
			8.57264957264957	-9.39316239316239
			8.57264957264957	-9.4017094017094
			8.57264957264957	-9.41025641025641
			8.57264957264957	-9.41880341880342
			8.58119658119658	-9.42735042735043
			8.58119658119658	-9.43589743589744
			8.58119658119658	-9.44444444444444
			8.58119658119658	-9.45299145299145
			8.58119658119658	-9.46153846153846
			8.58119658119658	-9.47008547008547
			8.58119658119658	-9.47863247863248
			8.58119658119658	-9.48717948717949
			8.58119658119658	-9.4957264957265
			8.58119658119658	-9.50427350427351
			8.58119658119658	-9.51282051282051
			8.58119658119658	-9.52136752136752
			8.58119658119658	-9.52991452991453
			8.58119658119658	-9.53846153846154
			8.58119658119658	-9.54700854700855
			8.58119658119658	-9.55555555555556
			8.58119658119658	-9.56410256410257
			8.57264957264957	-9.57264957264957
			8.57264957264957	-9.58119658119658
			8.57264957264957	-9.58974358974359
			8.57264957264957	-9.5982905982906
			8.56410256410257	-9.60683760683761
			8.56410256410257	-9.61538461538462
			8.56410256410257	-9.62393162393163
			8.55555555555556	-9.62393162393163
			8.55555555555556	-9.63247863247863
			8.54700854700855	-9.64102564102564
			8.54700854700855	-9.64957264957265
			8.53846153846154	-9.64957264957265
			8.53846153846154	-9.65811965811966
			8.52991452991453	-9.66666666666667
			8.52136752136752	-9.67521367521368
		</curveLM07>
		<curveLM08 type=matrix rownames=FALSE colnames=FALSE nrow=77 ncol=2 as.numeric=TRUE >
			8.52136752136752	-9.67521367521368
			8.51282051282051	-9.67521367521368
			8.5042735042735	-9.67521367521368
			8.4957264957265	-9.66666666666667
			8.48717948717949	-9.66666666666667
			8.47863247863248	-9.65811965811966
			8.47008547008547	-9.65811965811966
			8.46153846153846	-9.64957264957265
			8.45299145299145	-9.64957264957265
			8.44444444444444	-9.64102564102564
			8.43589743589744	-9.63247863247863
			8.42735042735043	-9.62393162393163
			8.41880341880342	-9.61538461538462
			8.41025641025641	-9.60683760683761
			8.4017094017094	-9.5982905982906
			8.39316239316239	-9.58974358974359
			8.38461538461539	-9.58974358974359
			8.38461538461539	-9.58119658119658
			8.37606837606838	-9.57264957264957
			8.36752136752137	-9.56410256410257
			8.35897435897436	-9.55555555555556
			8.35042735042735	-9.54700854700855
			8.34188034188034	-9.53846153846154
			8.33333333333333	-9.52991452991453
			8.33333333333333	-9.52136752136752
			8.32478632478633	-9.51282051282051
			8.31623931623932	-9.50427350427351
			8.30769230769231	-9.4957264957265
			8.30769230769231	-9.48717948717949
			8.2991452991453	-9.47863247863248
			8.29059829059829	-9.47008547008547
			8.28205128205128	-9.46153846153846
			8.28205128205128	-9.45299145299145
			8.27350427350427	-9.44444444444444
			8.26495726495727	-9.43589743589744
			8.25641025641026	-9.42735042735043
			8.25641025641026	-9.41880341880342
			8.24786324786325	-9.41025641025641
			8.24786324786325	-9.4017094017094
			8.23931623931624	-9.4017094017094
			8.23931623931624	-9.39316239316239
			8.23076923076923	-9.39316239316239
			8.23076923076923	-9.38461538461539
			8.22222222222222	-9.38461538461539
			8.22222222222222	-9.37606837606838
			8.21367521367521	-9.37606837606838
			8.21367521367521	-9.36752136752137
			8.20512820512821	-9.36752136752137
			8.20512820512821	-9.35897435897436
			8.1965811965812	-9.35897435897436
			8.1965811965812	-9.35042735042735
			8.18803418803419	-9.35042735042735
			8.18803418803419	-9.34188034188034
			8.17948717948718	-9.34188034188034
			8.17948717948718	-9.33333333333333
			8.17094017094017	-9.33333333333333
			8.16239316239316	-9.32478632478633
			8.15384615384616	-9.31623931623932
			8.14529914529915	-9.31623931623932
			8.13675213675214	-9.30769230769231
			8.12820512820513	-9.2991452991453
			8.11965811965812	-9.2991452991453
			8.11111111111111	-9.29059829059829
			8.1025641025641	-9.29059829059829
			8.0940170940171	-9.28205128205128
			8.08547008547009	-9.28205128205128
			8.07692307692308	-9.28205128205128
			8.06837606837607	-9.27350427350427
			8.05982905982906	-9.27350427350427
			8.05128205128205	-9.27350427350427
			8.04273504273504	-9.27350427350427
			8.03418803418804	-9.27350427350427
			8.03418803418804	-9.26495726495727
			8.02564102564103	-9.26495726495727
			8.01709401709402	-9.26495726495727
			8.00854700854701	-9.26495726495727
			8	-9.26495726495727
		</curveLM08>
		<curveLM09 type=matrix rownames=FALSE colnames=FALSE nrow=94 ncol=2 as.numeric=TRUE >
			8	-9.26495726495727
			7.99145299145299	-9.26495726495727
			7.99145299145299	-9.27350427350427
			7.98290598290598	-9.28205128205128
			7.97435897435898	-9.28205128205128
			7.96581196581197	-9.29059829059829
			7.96581196581197	-9.2991452991453
			7.95726495726496	-9.30769230769231
			7.95726495726496	-9.31623931623932
			7.94871794871795	-9.32478632478633
			7.94871794871795	-9.33333333333333
			7.94017094017094	-9.34188034188034
			7.94017094017094	-9.35042735042735
			7.94017094017094	-9.35897435897436
			7.93162393162393	-9.35897435897436
			7.93162393162393	-9.36752136752137
			7.93162393162393	-9.37606837606838
			7.92307692307692	-9.38461538461539
			7.92307692307692	-9.39316239316239
			7.92307692307692	-9.4017094017094
			7.92307692307692	-9.41025641025641
			7.91452991452992	-9.41880341880342
			7.91452991452992	-9.42735042735043
			7.91452991452992	-9.43589743589744
			7.91452991452992	-9.44444444444444
			7.91452991452992	-9.45299145299145
			7.90598290598291	-9.46153846153846
			7.90598290598291	-9.47008547008547
			7.90598290598291	-9.47863247863248
			7.90598290598291	-9.48717948717949
			7.90598290598291	-9.4957264957265
			7.90598290598291	-9.50427350427351
			7.90598290598291	-9.51282051282051
			7.8974358974359	-9.52136752136752
			7.8974358974359	-9.52991452991453
			7.8974358974359	-9.53846153846154
			7.8974358974359	-9.54700854700855
			7.8974358974359	-9.55555555555556
			7.88888888888889	-9.56410256410257
			7.88888888888889	-9.57264957264957
			7.88888888888889	-9.58119658119658
			7.88888888888889	-9.58974358974359
			7.88888888888889	-9.5982905982906
			7.88034188034188	-9.60683760683761
			7.88034188034188	-9.61538461538462
			7.88034188034188	-9.62393162393163
			7.88034188034188	-9.63247863247863
			7.87179487179487	-9.64102564102564
			7.87179487179487	-9.64957264957265
			7.87179487179487	-9.65811965811966
			7.87179487179487	-9.66666666666667
			7.86324786324786	-9.67521367521368
			7.86324786324786	-9.68376068376068
			7.86324786324786	-9.69230769230769
			7.86324786324786	-9.7008547008547
			7.85470085470086	-9.70940170940171
			7.85470085470086	-9.71794871794872
			7.85470085470086	-9.72649572649573
			7.84615384615385	-9.73504273504274
			7.84615384615385	-9.74358974358974
			7.84615384615385	-9.75213675213675
			7.84615384615385	-9.76068376068376
			7.83760683760684	-9.76923076923077
			7.83760683760684	-9.77777777777778
			7.83760683760684	-9.78632478632479
			7.83760683760684	-9.7948717948718
			7.82905982905983	-9.8034188034188
			7.82905982905983	-9.81196581196581
			7.82051282051282	-9.82051282051282
			7.82051282051282	-9.82905982905983
			7.82051282051282	-9.83760683760684
			7.81196581196581	-9.84615384615385
			7.81196581196581	-9.85470085470086
			7.81196581196581	-9.86324786324786
			7.81196581196581	-9.87179487179487
			7.8034188034188	-9.87179487179487
			7.8034188034188	-9.88034188034188
			7.8034188034188	-9.88888888888889
			7.7948717948718	-9.8974358974359
			7.7948717948718	-9.90598290598291
			7.78632478632479	-9.91452991452991
			7.78632478632479	-9.92307692307692
			7.77777777777778	-9.93162393162393
			7.77777777777778	-9.94017094017094
			7.76923076923077	-9.94871794871795
			7.76923076923077	-9.95726495726496
			7.76068376068376	-9.96581196581197
			7.75213675213675	-9.97435897435898
			7.75213675213675	-9.98290598290598
			7.74358974358974	-9.98290598290598
			7.73504273504274	-9.99145299145299
			7.72649572649573	-9.99145299145299
			7.71794871794872	-9.99145299145299
			7.70940170940171	-9.99145299145299
		</curveLM09>
		<curveLM10 type=matrix rownames=FALSE colnames=FALSE nrow=83 ncol=2 as.numeric=TRUE >
			7.70940170940171	-9.99145299145299
			7.7008547008547	-9.99145299145299
			7.69230769230769	-9.99145299145299
			7.68376068376068	-9.99145299145299
			7.67521367521368	-9.98290598290598
			7.66666666666667	-9.97435897435898
			7.66666666666667	-9.96581196581197
			7.65811965811966	-9.95726495726496
			7.64957264957265	-9.94871794871795
			7.64957264957265	-9.94017094017094
			7.64102564102564	-9.93162393162393
			7.63247863247863	-9.92307692307692
			7.63247863247863	-9.91452991452991
			7.63247863247863	-9.90598290598291
			7.62393162393162	-9.8974358974359
			7.62393162393162	-9.88888888888889
			7.61538461538462	-9.88034188034188
			7.61538461538462	-9.87179487179487
			7.61538461538462	-9.86324786324786
			7.60683760683761	-9.85470085470086
			7.60683760683761	-9.84615384615385
			7.5982905982906	-9.83760683760684
			7.5982905982906	-9.82905982905983
			7.5982905982906	-9.82051282051282
			7.58974358974359	-9.81196581196581
			7.58974358974359	-9.8034188034188
			7.58974358974359	-9.7948717948718
			7.58119658119658	-9.78632478632479
			7.58119658119658	-9.77777777777778
			7.58119658119658	-9.76923076923077
			7.57264957264957	-9.76068376068376
			7.57264957264957	-9.75213675213675
			7.57264957264957	-9.74358974358974
			7.57264957264957	-9.73504273504274
			7.56410256410256	-9.72649572649573
			7.56410256410256	-9.71794871794872
			7.56410256410256	-9.70940170940171
			7.55555555555556	-9.7008547008547
			7.55555555555556	-9.69230769230769
			7.55555555555556	-9.68376068376068
			7.55555555555556	-9.67521367521368
			7.54700854700855	-9.66666666666667
			7.54700854700855	-9.65811965811966
			7.54700854700855	-9.64957264957265
			7.54700854700855	-9.64102564102564
			7.53846153846154	-9.63247863247863
			7.53846153846154	-9.62393162393163
			7.53846153846154	-9.61538461538462
			7.52991452991453	-9.60683760683761
			7.52991452991453	-9.5982905982906
			7.52991452991453	-9.58974358974359
			7.52991452991453	-9.58119658119658
			7.52991452991453	-9.57264957264957
			7.52991452991453	-9.56410256410257
			7.52991452991453	-9.55555555555556
			7.52136752136752	-9.54700854700855
			7.52136752136752	-9.53846153846154
			7.52136752136752	-9.52991452991453
			7.52136752136752	-9.52136752136752
			7.52136752136752	-9.51282051282051
			7.52136752136752	-9.50427350427351
			7.51282051282051	-9.50427350427351
			7.51282051282051	-9.4957264957265
			7.51282051282051	-9.48717948717949
			7.51282051282051	-9.47863247863248
			7.51282051282051	-9.47008547008547
			7.50427350427351	-9.46153846153846
			7.50427350427351	-9.45299145299145
			7.50427350427351	-9.44444444444444
			7.50427350427351	-9.43589743589744
			7.50427350427351	-9.42735042735043
			7.4957264957265	-9.41880341880342
			7.4957264957265	-9.41025641025641
			7.4957264957265	-9.4017094017094
			7.4957264957265	-9.39316239316239
			7.48717948717949	-9.39316239316239
			7.48717948717949	-9.38461538461539
			7.48717948717949	-9.37606837606838
			7.47863247863248	-9.36752136752137
			7.47863247863248	-9.35897435897436
			7.47008547008547	-9.35042735042735
			7.47008547008547	-9.34188034188034
			7.46153846153846	-9.33333333333333
		</curveLM10>
		<curveLM11 type=matrix rownames=FALSE colnames=FALSE nrow=68 ncol=2 as.numeric=TRUE >
			7.46153846153846	-9.33333333333333
			7.45299145299145	-9.33333333333333
			7.44444444444445	-9.33333333333333
			7.43589743589744	-9.32478632478633
			7.42735042735043	-9.32478632478633
			7.41880341880342	-9.33333333333333
			7.41025641025641	-9.33333333333333
			7.4017094017094	-9.33333333333333
			7.39316239316239	-9.33333333333333
			7.38461538461539	-9.34188034188034
			7.37606837606838	-9.34188034188034
			7.36752136752137	-9.34188034188034
			7.35897435897436	-9.35042735042735
			7.35042735042735	-9.35042735042735
			7.34188034188034	-9.35897435897436
			7.33333333333333	-9.36752136752137
			7.32478632478633	-9.36752136752137
			7.31623931623932	-9.37606837606838
			7.30769230769231	-9.38461538461539
			7.2991452991453	-9.39316239316239
			7.29059829059829	-9.4017094017094
			7.28205128205128	-9.41025641025641
			7.27350427350427	-9.41880341880342
			7.26495726495727	-9.42735042735043
			7.25641025641026	-9.43589743589744
			7.24786324786325	-9.44444444444444
			7.23931623931624	-9.45299145299145
			7.23076923076923	-9.46153846153846
			7.22222222222222	-9.46153846153846
			7.22222222222222	-9.47008547008547
			7.21367521367521	-9.47863247863248
			7.20512820512821	-9.47863247863248
			7.20512820512821	-9.48717948717949
			7.1965811965812	-9.48717948717949
			7.18803418803419	-9.4957264957265
			7.17948717948718	-9.50427350427351
			7.17094017094017	-9.51282051282051
			7.16239316239316	-9.52136752136752
			7.15384615384615	-9.52991452991453
			7.14529914529915	-9.52991452991453
			7.13675213675214	-9.53846153846154
			7.12820512820513	-9.53846153846154
			7.12820512820513	-9.54700854700855
			7.11965811965812	-9.54700854700855
			7.11111111111111	-9.55555555555556
			7.1025641025641	-9.55555555555556
			7.1025641025641	-9.56410256410257
			7.09401709401709	-9.56410256410257
			7.08547008547009	-9.57264957264957
			7.07692307692308	-9.57264957264957
			7.06837606837607	-9.58119658119658
			7.05982905982906	-9.58119658119658
			7.05128205128205	-9.58974358974359
			7.04273504273504	-9.58974358974359
			7.03418803418803	-9.5982905982906
			7.02564102564103	-9.5982905982906
			7.01709401709402	-9.5982905982906
			7.00854700854701	-9.5982905982906
			7.00854700854701	-9.60683760683761
			7	-9.60683760683761
			6.99145299145299	-9.60683760683761
			6.98290598290598	-9.60683760683761
			6.97435897435898	-9.60683760683761
			6.96581196581197	-9.60683760683761
			6.95726495726496	-9.60683760683761
			6.94871794871795	-9.5982905982906
			6.94017094017094	-9.5982905982906
			6.93162393162393	-9.58974358974359
		</curveLM11>
		<curveLM12 type=matrix rownames=FALSE colnames=FALSE nrow=333 ncol=2 as.numeric=TRUE >
			6.93162393162393	-9.58974358974359
			6.92307692307692	-9.58119658119658
			6.91452991452991	-9.57264957264957
			6.91452991452991	-9.56410256410257
			6.90598290598291	-9.55555555555556
			6.90598290598291	-9.54700854700855
			6.90598290598291	-9.53846153846154
			6.8974358974359	-9.52991452991453
			6.8974358974359	-9.52136752136752
			6.8974358974359	-9.51282051282051
			6.8974358974359	-9.50427350427351
			6.8974358974359	-9.4957264957265
			6.8974358974359	-9.48717948717949
			6.8974358974359	-9.47863247863248
			6.8974358974359	-9.47008547008547
			6.8974358974359	-9.46153846153846
			6.8974358974359	-9.45299145299145
			6.8974358974359	-9.44444444444444
			6.8974358974359	-9.43589743589744
			6.8974358974359	-9.42735042735043
			6.8974358974359	-9.41880341880342
			6.8974358974359	-9.41025641025641
			6.8974358974359	-9.4017094017094
			6.8974358974359	-9.39316239316239
			6.90598290598291	-9.38461538461539
			6.90598290598291	-9.37606837606838
			6.90598290598291	-9.36752136752137
			6.90598290598291	-9.35897435897436
			6.90598290598291	-9.35042735042735
			6.90598290598291	-9.34188034188034
			6.91452991452991	-9.33333333333333
			6.91452991452991	-9.32478632478633
			6.91452991452991	-9.31623931623932
			6.91452991452991	-9.30769230769231
			6.91452991452991	-9.2991452991453
			6.92307692307692	-9.29059829059829
			6.92307692307692	-9.28205128205128
			6.92307692307692	-9.27350427350427
			6.92307692307692	-9.26495726495727
			6.93162393162393	-9.25641025641026
			6.93162393162393	-9.24786324786325
			6.93162393162393	-9.23931623931624
			6.93162393162393	-9.23076923076923
			6.94017094017094	-9.22222222222222
			6.94017094017094	-9.21367521367521
			6.94017094017094	-9.20512820512821
			6.94871794871795	-9.1965811965812
			6.94871794871795	-9.18803418803419
			6.94871794871795	-9.17948717948718
			6.95726495726496	-9.17094017094017
			6.95726495726496	-9.16239316239316
			6.95726495726496	-9.15384615384616
			6.95726495726496	-9.14529914529915
			6.96581196581197	-9.14529914529915
			6.96581196581197	-9.13675213675214
			6.96581196581197	-9.12820512820513
			6.96581196581197	-9.11965811965812
			6.97435897435898	-9.11111111111111
			6.97435897435898	-9.1025641025641
			6.97435897435898	-9.0940170940171
			6.98290598290598	-9.08547008547009
			6.98290598290598	-9.07692307692308
			6.98290598290598	-9.06837606837607
			6.99145299145299	-9.05982905982906
			6.99145299145299	-9.05128205128205
			6.99145299145299	-9.04273504273504
			7	-9.03418803418804
			7	-9.02564102564103
			7	-9.01709401709402
			7.00854700854701	-9.00854700854701
			7.00854700854701	-9
			7.01709401709402	-8.99145299145299
			7.01709401709402	-8.98290598290598
			7.01709401709402	-8.97435897435897
			7.02564102564103	-8.96581196581197
			7.02564102564103	-8.95726495726496
			7.03418803418803	-8.94871794871795
			7.03418803418803	-8.94017094017094
			7.03418803418803	-8.93162393162393
			7.04273504273504	-8.92307692307692
			7.04273504273504	-8.91452991452991
			7.04273504273504	-8.90598290598291
			7.04273504273504	-8.8974358974359
			7.04273504273504	-8.88888888888889
			7.05128205128205	-8.88034188034188
			7.05128205128205	-8.87179487179487
			7.05128205128205	-8.86324786324786
			7.05128205128205	-8.85470085470086
			7.05128205128205	-8.84615384615385
			7.05982905982906	-8.83760683760684
			7.05982905982906	-8.82905982905983
			7.05982905982906	-8.82051282051282
			7.05982905982906	-8.81196581196581
			7.05982905982906	-8.8034188034188
			7.05982905982906	-8.7948717948718
			7.06837606837607	-8.78632478632479
			7.06837606837607	-8.77777777777778
			7.06837606837607	-8.76923076923077
			7.06837606837607	-8.76068376068376
			7.07692307692308	-8.75213675213675
			7.07692307692308	-8.74358974358974
			7.07692307692308	-8.73504273504274
			7.07692307692308	-8.72649572649573
			7.07692307692308	-8.71794871794872
			7.08547008547009	-8.70940170940171
			7.08547008547009	-8.7008547008547
			7.08547008547009	-8.69230769230769
			7.08547008547009	-8.68376068376068
			7.08547008547009	-8.67521367521368
			7.09401709401709	-8.67521367521368
			7.09401709401709	-8.66666666666667
			7.09401709401709	-8.65811965811966
			7.09401709401709	-8.64957264957265
			7.09401709401709	-8.64102564102564
			7.1025641025641	-8.63247863247863
			7.1025641025641	-8.62393162393163
			7.1025641025641	-8.61538461538462
			7.11111111111111	-8.60683760683761
			7.11111111111111	-8.5982905982906
			7.11111111111111	-8.58974358974359
			7.11111111111111	-8.58119658119658
			7.11965811965812	-8.57264957264957
			7.11965811965812	-8.56410256410257
			7.11965811965812	-8.55555555555556
			7.11965811965812	-8.54700854700855
			7.11965811965812	-8.53846153846154
			7.12820512820513	-8.53846153846154
			7.12820512820513	-8.52991452991453
			7.12820512820513	-8.52136752136752
			7.12820512820513	-8.51282051282051
			7.13675213675214	-8.5042735042735
			7.13675213675214	-8.4957264957265
			7.13675213675214	-8.48717948717949
			7.13675213675214	-8.47863247863248
			7.14529914529915	-8.47008547008547
			7.14529914529915	-8.46153846153846
			7.14529914529915	-8.45299145299145
			7.15384615384615	-8.44444444444444
			7.15384615384615	-8.43589743589744
			7.15384615384615	-8.42735042735043
			7.15384615384615	-8.41880341880342
			7.16239316239316	-8.41025641025641
			7.16239316239316	-8.4017094017094
			7.16239316239316	-8.39316239316239
			7.17094017094017	-8.38461538461539
			7.17094017094017	-8.37606837606838
			7.17094017094017	-8.36752136752137
			7.17094017094017	-8.35897435897436
			7.17948717948718	-8.35042735042735
			7.17948717948718	-8.34188034188034
			7.17948717948718	-8.33333333333333
			7.18803418803419	-8.32478632478633
			7.18803418803419	-8.31623931623932
			7.18803418803419	-8.30769230769231
			7.1965811965812	-8.2991452991453
			7.1965811965812	-8.29059829059829
			7.1965811965812	-8.28205128205128
			7.1965811965812	-8.27350427350427
			7.20512820512821	-8.26495726495727
			7.20512820512821	-8.25641025641026
			7.20512820512821	-8.24786324786325
			7.21367521367521	-8.23931623931624
			7.21367521367521	-8.23076923076923
			7.21367521367521	-8.22222222222222
			7.22222222222222	-8.21367521367521
			7.22222222222222	-8.20512820512821
			7.22222222222222	-8.1965811965812
			7.23076923076923	-8.18803418803419
			7.23076923076923	-8.17948717948718
			7.23076923076923	-8.17094017094017
			7.23931623931624	-8.16239316239316
			7.23931623931624	-8.15384615384616
			7.23931623931624	-8.14529914529915
			7.24786324786325	-8.13675213675214
			7.24786324786325	-8.12820512820513
			7.24786324786325	-8.11965811965812
			7.24786324786325	-8.11111111111111
			7.25641025641026	-8.11111111111111
			7.25641025641026	-8.1025641025641
			7.25641025641026	-8.0940170940171
			7.25641025641026	-8.08547008547009
			7.26495726495727	-8.07692307692308
			7.26495726495727	-8.06837606837607
			7.26495726495727	-8.05982905982906
			7.27350427350427	-8.05128205128205
			7.27350427350427	-8.04273504273504
			7.27350427350427	-8.03418803418804
			7.28205128205128	-8.02564102564103
			7.28205128205128	-8.01709401709402
			7.28205128205128	-8.00854700854701
			7.29059829059829	-8
			7.29059829059829	-7.99145299145299
			7.29059829059829	-7.98290598290598
			7.2991452991453	-7.97435897435898
			7.2991452991453	-7.96581196581197
			7.2991452991453	-7.95726495726496
			7.30769230769231	-7.94871794871795
			7.30769230769231	-7.94017094017094
			7.30769230769231	-7.93162393162393
			7.31623931623932	-7.92307692307692
			7.31623931623932	-7.91452991452992
			7.31623931623932	-7.90598290598291
			7.32478632478633	-7.8974358974359
			7.32478632478633	-7.88888888888889
			7.32478632478633	-7.88034188034188
			7.33333333333333	-7.87179487179487
			7.33333333333333	-7.86324786324786
			7.33333333333333	-7.85470085470086
			7.34188034188034	-7.84615384615385
			7.34188034188034	-7.83760683760684
			7.35042735042735	-7.82905982905983
			7.35042735042735	-7.82051282051282
			7.35042735042735	-7.81196581196581
			7.35897435897436	-7.8034188034188
			7.35897435897436	-7.7948717948718
			7.35897435897436	-7.78632478632479
			7.35897435897436	-7.77777777777778
			7.36752136752137	-7.77777777777778
			7.36752136752137	-7.76923076923077
			7.36752136752137	-7.76068376068376
			7.36752136752137	-7.75213675213675
			7.37606837606838	-7.74358974358974
			7.37606837606838	-7.73504273504274
			7.37606837606838	-7.72649572649573
			7.38461538461539	-7.71794871794872
			7.38461538461539	-7.70940170940171
			7.39316239316239	-7.7008547008547
			7.39316239316239	-7.69230769230769
			7.39316239316239	-7.68376068376068
			7.4017094017094	-7.67521367521368
			7.4017094017094	-7.66666666666667
			7.4017094017094	-7.65811965811966
			7.41025641025641	-7.64957264957265
			7.41025641025641	-7.64102564102564
			7.41025641025641	-7.63247863247863
			7.41880341880342	-7.62393162393162
			7.41880341880342	-7.61538461538462
			7.41880341880342	-7.60683760683761
			7.42735042735043	-7.5982905982906
			7.42735042735043	-7.58974358974359
			7.43589743589744	-7.58119658119658
			7.43589743589744	-7.57264957264957
			7.43589743589744	-7.56410256410256
			7.43589743589744	-7.55555555555556
			7.44444444444445	-7.55555555555556
			7.44444444444445	-7.54700854700855
			7.44444444444445	-7.53846153846154
			7.45299145299145	-7.53846153846154
			7.45299145299145	-7.52991452991453
			7.45299145299145	-7.52136752136752
			7.45299145299145	-7.51282051282051
			7.46153846153846	-7.51282051282051
			7.46153846153846	-7.50427350427351
			7.46153846153846	-7.4957264957265
			7.47008547008547	-7.48717948717949
			7.47008547008547	-7.47863247863248
			7.47008547008547	-7.47008547008547
			7.47863247863248	-7.46153846153846
			7.47863247863248	-7.45299145299145
			7.47863247863248	-7.44444444444445
			7.48717948717949	-7.43589743589744
			7.48717948717949	-7.42735042735043
			7.4957264957265	-7.41880341880342
			7.4957264957265	-7.41025641025641
			7.4957264957265	-7.4017094017094
			7.4957264957265	-7.39316239316239
			7.50427350427351	-7.39316239316239
			7.50427350427351	-7.38461538461539
			7.50427350427351	-7.37606837606838
			7.51282051282051	-7.36752136752137
			7.51282051282051	-7.35897435897436
			7.51282051282051	-7.35042735042735
			7.52136752136752	-7.34188034188034
			7.52136752136752	-7.33333333333333
			7.52991452991453	-7.32478632478633
			7.52991452991453	-7.31623931623932
			7.52991452991453	-7.30769230769231
			7.53846153846154	-7.2991452991453
			7.53846153846154	-7.29059829059829
			7.53846153846154	-7.28205128205128
			7.54700854700855	-7.27350427350427
			7.54700854700855	-7.26495726495727
			7.54700854700855	-7.25641025641026
			7.55555555555556	-7.24786324786325
			7.55555555555556	-7.23931623931624
			7.55555555555556	-7.23076923076923
			7.56410256410256	-7.22222222222222
			7.56410256410256	-7.21367521367521
			7.57264957264957	-7.20512820512821
			7.57264957264957	-7.1965811965812
			7.58119658119658	-7.18803418803419
			7.58119658119658	-7.17948717948718
			7.58119658119658	-7.17094017094017
			7.58119658119658	-7.16239316239316
			7.58974358974359	-7.16239316239316
			7.58974358974359	-7.15384615384615
			7.58974358974359	-7.14529914529915
			7.5982905982906	-7.13675213675214
			7.5982905982906	-7.12820512820513
			7.5982905982906	-7.11965811965812
			7.60683760683761	-7.11111111111111
			7.60683760683761	-7.1025641025641
			7.61538461538462	-7.09401709401709
			7.61538461538462	-7.08547008547009
			7.61538461538462	-7.07692307692308
			7.62393162393162	-7.06837606837607
			7.62393162393162	-7.05982905982906
			7.63247863247863	-7.05128205128205
			7.63247863247863	-7.04273504273504
			7.63247863247863	-7.03418803418803
			7.64102564102564	-7.02564102564103
			7.64102564102564	-7.01709401709402
			7.64957264957265	-7.00854700854701
			7.64957264957265	-7
			7.64957264957265	-6.99145299145299
			7.64957264957265	-6.98290598290598
			7.65811965811966	-6.97435897435898
			7.65811965811966	-6.96581196581197
			7.66666666666667	-6.95726495726496
			7.66666666666667	-6.94871794871795
			7.66666666666667	-6.94017094017094
			7.67521367521368	-6.93162393162393
			7.67521367521368	-6.92307692307692
			7.67521367521368	-6.91452991452991
			7.68376068376068	-6.90598290598291
			7.68376068376068	-6.8974358974359
			7.69230769230769	-6.88888888888889
			7.69230769230769	-6.88034188034188
			7.7008547008547	-6.87179487179487
			7.7008547008547	-6.86324786324786
			7.7008547008547	-6.85470085470086
			7.70940170940171	-6.84615384615385
			7.70940170940171	-6.83760683760684
		</curveLM12>
	</curves.scaled>
	<ruler.points type=matrix rownames=TRUE colnames=FALSE nrow=5 ncol=2 as.numeric=TRUE >
		Ruler point 1	434	1409
		Ruler point 2	551	1409
		Ruler point 3	668	1409
		Ruler point 4	785	1409
		Ruler point 5	903	1409
	</ruler.points>
</shapes>

