<shapes type=list>
	<ruler.pixel type=vector names=FALSE length=1 as.numeric=TRUE >117</ruler.pixel>
	<ruler.interval type=vector names=FALSE length=1 as.numeric=TRUE >1</ruler.interval>
	<scaling.units type=vector names=FALSE length=1 as.numeric=FALSE >cm</scaling.units>
	<scaling type=vector names=FALSE length=1 as.numeric=TRUE >0.00854700854700855</scaling>
	<landmarks.pixel type=matrix rownames=TRUE colnames=FALSE nrow=6 ncol=2 as.numeric=TRUE >
		LM01	901	857
		LM02	998	1152
		LM03	936	1102
		LM04	901	1196
		LM05	870	1106
		LM06	800	1139
	</landmarks.pixel>
	<landmarks.scaled type=matrix rownames=TRUE colnames=FALSE nrow=6 ncol=2 as.numeric=TRUE >
		LM01	7.7008547008547	-7.32478632478633
		LM02	8.52991452991453	-9.84615384615385
		LM03	8	-9.41880341880342
		LM04	7.7008547008547	-10.2222222222222
		LM05	7.43589743589744	-9.45299145299145
		LM06	6.83760683760684	-9.73504273504274
	</landmarks.scaled>
	<curves.control type=list>
		<curveLM07 type=matrix rownames=FALSE colnames=FALSE nrow=5 ncol=2 as.numeric=TRUE >
			901	857
			917	876
			947	932
			998	1077
			998	1152
		</curveLM07>
		<curveLM08 type=matrix rownames=FALSE colnames=FALSE nrow=5 ncol=2 as.numeric=TRUE >
			998	1152
			987	1155
			973	1143
			953	1105
			936	1102
		</curveLM08>
		<curveLM09 type=matrix rownames=FALSE colnames=FALSE nrow=5 ncol=2 as.numeric=TRUE >
			936	1102
			930	1105
			924	1144
			919	1197
			901	1196
		</curveLM09>
		<curveLM10 type=matrix rownames=FALSE colnames=FALSE nrow=5 ncol=2 as.numeric=TRUE >
			901	1196
			883	1189
			879	1155
			878	1110
			870	1106
		</curveLM10>
		<curveLM11 type=matrix rownames=FALSE colnames=FALSE nrow=5 ncol=2 as.numeric=TRUE >
			870	1106
			863	1099
			844	1118
			805	1147
			800	1139
		</curveLM11>
		<curveLM12 type=matrix rownames=FALSE colnames=FALSE nrow=5 ncol=2 as.numeric=TRUE >
			800	1139
			794	1110
			835	994
			853	944
			901	857
		</curveLM12>
	</curves.control>
	<curves.pixel type=list>
		<curveLM07 type=matrix rownames=FALSE colnames=FALSE nrow=308 ncol=2 as.numeric=TRUE >
			901	857
			902	858
			903	859
			904	860
			904	861
			905	862
			906	863
			906	864
			907	865
			908	865
			908	866
			909	867
			909	868
			910	869
			910	870
			911	871
			912	871
			912	872
			913	873
			914	874
			914	875
			915	876
			915	877
			916	878
			917	879
			917	880
			918	881
			919	882
			919	883
			920	884
			920	885
			921	886
			921	887
			922	888
			923	889
			924	890
			924	891
			925	892
			925	893
			926	894
			926	895
			927	895
			927	896
			927	897
			928	897
			928	898
			929	899
			929	900
			930	901
			931	902
			931	903
			932	904
			932	905
			933	906
			933	907
			934	908
			934	909
			935	909
			935	910
			936	911
			936	912
			937	913
			937	914
			938	915
			938	916
			939	917
			939	918
			940	919
			940	920
			941	921
			942	922
			942	923
			943	924
			943	925
			944	926
			944	927
			945	928
			945	929
			946	930
			947	931
			947	932
			947	933
			948	934
			948	935
			949	936
			949	937
			949	938
			950	939
			950	940
			950	941
			951	942
			951	943
			951	944
			952	945
			952	946
			952	947
			953	948
			953	949
			953	950
			954	951
			954	952
			954	953
			954	954
			955	955
			955	956
			955	957
			956	958
			956	959
			957	960
			957	961
			957	962
			958	963
			958	964
			958	965
			959	966
			959	967
			959	968
			960	969
			960	970
			960	971
			961	972
			961	973
			961	974
			961	975
			962	976
			962	977
			962	978
			963	979
			963	980
			963	981
			964	981
			964	982
			964	983
			964	984
			965	985
			965	986
			965	987
			966	988
			966	989
			966	990
			966	991
			967	992
			967	993
			967	994
			968	994
			968	995
			968	996
			968	997
			969	998
			969	999
			969	1000
			970	1001
			970	1002
			970	1003
			971	1004
			971	1005
			971	1006
			971	1007
			972	1008
			972	1009
			972	1010
			972	1011
			973	1012
			973	1013
			973	1014
			974	1015
			974	1016
			974	1017
			974	1018
			975	1019
			975	1020
			975	1021
			976	1022
			976	1023
			976	1024
			976	1025
			977	1026
			977	1027
			977	1028
			977	1029
			978	1029
			978	1030
			978	1031
			978	1032
			979	1033
			979	1034
			979	1035
			979	1036
			980	1037
			980	1038
			980	1039
			981	1040
			981	1041
			981	1042
			981	1043
			981	1044
			982	1044
			982	1045
			982	1046
			982	1047
			983	1048
			983	1049
			983	1050
			983	1051
			983	1052
			984	1052
			984	1053
			984	1054
			984	1055
			984	1056
			985	1057
			985	1058
			985	1059
			985	1060
			986	1061
			986	1062
			986	1063
			986	1064
			987	1065
			987	1066
			987	1067
			987	1068
			987	1069
			988	1070
			988	1071
			988	1072
			988	1073
			989	1074
			989	1075
			989	1076
			989	1077
			989	1078
			990	1079
			990	1080
			990	1081
			990	1082
			990	1083
			990	1084
			991	1085
			991	1086
			991	1087
			991	1088
			991	1089
			992	1090
			992	1091
			992	1092
			992	1093
			992	1094
			992	1095
			993	1095
			993	1096
			993	1097
			993	1098
			993	1099
			993	1100
			993	1101
			994	1102
			994	1103
			994	1104
			994	1105
			994	1106
			994	1107
			995	1108
			995	1109
			995	1110
			995	1111
			995	1112
			995	1113
			995	1114
			995	1115
			996	1116
			996	1117
			996	1118
			996	1119
			996	1120
			996	1121
			996	1122
			996	1123
			996	1124
			997	1124
			997	1125
			997	1126
			997	1127
			997	1128
			997	1129
			997	1130
			997	1131
			997	1132
			997	1133
			997	1134
			997	1135
			997	1136
			998	1137
			998	1138
			998	1139
			998	1140
			998	1141
			998	1142
			998	1143
			998	1144
			998	1145
			998	1146
			998	1147
			998	1148
			998	1149
			998	1150
			998	1151
			998	1152
		</curveLM07>
		<curveLM08 type=matrix rownames=FALSE colnames=FALSE nrow=79 ncol=2 as.numeric=TRUE >
			998	1152
			997	1152
			996	1152
			995	1153
			994	1153
			993	1153
			992	1153
			991	1152
			990	1152
			989	1152
			988	1152
			987	1152
			987	1151
			986	1151
			985	1151
			984	1151
			984	1150
			983	1150
			982	1149
			981	1149
			980	1148
			979	1148
			978	1147
			977	1146
			976	1146
			975	1145
			974	1144
			973	1143
			972	1142
			972	1141
			971	1140
			971	1139
			970	1138
			970	1137
			969	1136
			968	1135
			968	1134
			967	1133
			967	1132
			966	1131
			966	1130
			965	1129
			964	1128
			964	1127
			963	1126
			963	1125
			962	1125
			962	1124
			961	1123
			960	1122
			960	1121
			959	1121
			959	1120
			958	1119
			958	1118
			957	1118
			957	1117
			956	1116
			955	1116
			955	1115
			954	1114
			953	1113
			952	1112
			951	1111
			950	1110
			949	1109
			948	1108
			947	1107
			946	1106
			945	1106
			944	1105
			943	1104
			942	1104
			941	1103
			940	1103
			939	1103
			938	1102
			937	1102
			936	1102
		</curveLM08>
		<curveLM09 type=matrix rownames=FALSE colnames=FALSE nrow=102 ncol=2 as.numeric=TRUE >
			936	1102
			935	1103
			934	1104
			933	1105
			933	1106
			932	1107
			932	1108
			932	1109
			931	1110
			931	1111
			931	1112
			930	1113
			930	1114
			930	1115
			929	1116
			929	1117
			929	1118
			929	1119
			929	1120
			928	1121
			928	1122
			928	1123
			927	1124
			927	1125
			927	1126
			927	1127
			927	1128
			926	1129
			926	1130
			926	1131
			926	1132
			926	1133
			926	1134
			925	1135
			925	1136
			925	1137
			925	1138
			925	1139
			925	1140
			924	1141
			924	1142
			924	1143
			924	1144
			924	1145
			924	1146
			924	1147
			924	1148
			924	1149
			923	1149
			923	1150
			923	1151
			923	1152
			923	1153
			923	1154
			923	1155
			923	1156
			922	1157
			922	1158
			922	1159
			922	1160
			922	1161
			922	1162
			921	1163
			921	1164
			921	1165
			921	1166
			921	1167
			920	1168
			920	1169
			920	1170
			920	1171
			920	1172
			919	1173
			919	1174
			919	1175
			918	1176
			918	1177
			918	1178
			917	1179
			917	1180
			917	1181
			917	1182
			916	1182
			916	1183
			916	1184
			915	1185
			914	1186
			914	1187
			913	1188
			913	1189
			912	1190
			911	1191
			910	1192
			909	1193
			908	1194
			907	1194
			906	1195
			905	1195
			904	1196
			903	1196
			902	1196
			901	1196
		</curveLM09>
		<curveLM10 type=matrix rownames=FALSE colnames=FALSE nrow=97 ncol=2 as.numeric=TRUE >
			901	1196
			900	1196
			900	1195
			899	1195
			898	1195
			898	1194
			897	1194
			896	1194
			896	1193
			895	1193
			894	1192
			893	1191
			892	1190
			891	1189
			890	1188
			890	1187
			889	1186
			888	1185
			887	1184
			887	1183
			886	1182
			886	1181
			885	1180
			885	1179
			884	1178
			884	1177
			884	1176
			883	1175
			883	1174
			883	1173
			882	1172
			882	1171
			882	1170
			881	1169
			881	1168
			881	1167
			881	1166
			881	1165
			880	1164
			880	1163
			880	1162
			880	1161
			880	1160
			880	1159
			879	1158
			879	1157
			879	1156
			879	1155
			879	1154
			879	1153
			879	1152
			879	1151
			879	1150
			879	1149
			879	1148
			879	1147
			879	1146
			879	1145
			879	1144
			879	1143
			878	1142
			878	1141
			878	1140
			878	1139
			878	1138
			878	1137
			878	1136
			878	1135
			878	1134
			878	1133
			878	1132
			878	1131
			878	1130
			877	1129
			877	1128
			877	1127
			877	1126
			877	1125
			877	1124
			877	1123
			877	1122
			876	1121
			876	1120
			876	1119
			876	1118
			876	1117
			875	1116
			875	1115
			875	1114
			874	1113
			874	1112
			874	1111
			873	1110
			873	1109
			872	1108
			871	1107
			870	1106
		</curveLM10>
		<curveLM11 type=matrix rownames=FALSE colnames=FALSE nrow=74 ncol=2 as.numeric=TRUE >
			870	1106
			869	1105
			868	1105
			867	1104
			866	1104
			865	1104
			864	1104
			863	1104
			862	1105
			861	1105
			860	1106
			859	1106
			858	1107
			857	1107
			856	1108
			855	1109
			854	1109
			853	1110
			852	1111
			851	1112
			850	1112
			849	1113
			848	1114
			847	1115
			846	1116
			845	1117
			844	1118
			843	1119
			842	1119
			841	1120
			840	1121
			839	1122
			838	1123
			837	1123
			836	1124
			835	1124
			834	1125
			833	1126
			832	1126
			831	1127
			831	1128
			830	1128
			829	1129
			828	1129
			827	1130
			826	1130
			826	1131
			825	1131
			824	1132
			823	1132
			823	1133
			822	1133
			821	1134
			820	1134
			819	1135
			818	1136
			817	1136
			816	1136
			815	1137
			814	1137
			813	1138
			812	1139
			811	1139
			810	1139
			809	1140
			808	1140
			807	1140
			806	1140
			805	1141
			804	1141
			803	1141
			802	1141
			801	1140
			800	1139
		</curveLM11>
		<curveLM12 type=matrix rownames=FALSE colnames=FALSE nrow=291 ncol=2 as.numeric=TRUE >
			800	1139
			800	1138
			800	1137
			799	1136
			799	1135
			799	1134
			799	1133
			799	1132
			799	1131
			799	1130
			799	1129
			799	1128
			799	1127
			799	1126
			799	1125
			799	1124
			800	1123
			800	1122
			800	1121
			800	1120
			800	1119
			800	1118
			800	1117
			800	1116
			800	1115
			801	1114
			801	1113
			801	1112
			801	1111
			801	1110
			801	1109
			802	1108
			802	1107
			802	1106
			802	1105
			802	1104
			803	1103
			803	1102
			803	1101
			803	1100
			803	1099
			804	1098
			804	1097
			804	1096
			804	1095
			804	1094
			805	1093
			805	1092
			805	1091
			805	1090
			806	1089
			806	1088
			806	1087
			806	1086
			807	1085
			807	1084
			807	1083
			807	1082
			808	1081
			808	1080
			808	1079
			808	1078
			809	1077
			809	1076
			809	1075
			809	1074
			810	1073
			810	1072
			810	1071
			811	1070
			811	1069
			811	1068
			811	1067
			812	1066
			812	1065
			812	1064
			812	1063
			813	1063
			813	1062
			813	1061
			813	1060
			814	1059
			814	1058
			814	1057
			814	1056
			815	1056
			815	1055
			815	1054
			815	1053
			816	1052
			816	1051
			816	1050
			817	1049
			817	1048
			817	1047
			818	1046
			818	1045
			818	1044
			819	1043
			819	1042
			819	1041
			820	1040
			820	1039
			820	1038
			821	1037
			821	1036
			821	1035
			821	1034
			822	1034
			822	1033
			822	1032
			822	1031
			823	1030
			823	1029
			823	1028
			824	1027
			824	1026
			824	1025
			825	1024
			825	1023
			825	1022
			826	1021
			826	1020
			826	1019
			827	1018
			827	1017
			827	1016
			828	1015
			828	1014
			828	1013
			829	1012
			829	1011
			829	1010
			830	1009
			830	1008
			830	1007
			831	1006
			831	1005
			831	1004
			832	1003
			832	1002
			833	1001
			833	1000
			833	999
			834	998
			834	997
			834	996
			835	995
			835	994
			835	993
			836	992
			836	991
			836	990
			837	989
			837	988
			838	987
			838	986
			838	985
			839	985
			839	984
			839	983
			840	982
			840	981
			840	980
			841	979
			841	978
			842	977
			842	976
			843	975
			843	974
			843	973
			844	972
			844	971
			845	970
			845	969
			845	968
			846	967
			846	966
			847	965
			847	964
			848	963
			848	962
			848	961
			849	960
			849	959
			850	958
			850	957
			851	956
			851	955
			852	954
			852	953
			853	952
			853	951
			854	950
			854	949
			854	948
			855	947
			855	946
			856	945
			856	944
			856	943
			857	943
			857	942
			858	941
			858	940
			858	939
			859	939
			859	938
			859	937
			860	936
			860	935
			861	935
			861	934
			861	933
			862	932
			862	931
			863	930
			863	929
			864	928
			864	927
			865	926
			865	925
			866	924
			866	923
			867	922
			867	921
			868	920
			868	919
			869	918
			869	917
			870	916
			870	915
			871	914
			871	913
			872	912
			872	911
			873	910
			873	909
			874	908
			874	907
			875	906
			875	905
			876	904
			876	903
			877	902
			877	901
			878	900
			878	899
			879	898
			879	897
			880	897
			880	896
			881	895
			881	894
			882	893
			882	892
			883	891
			883	890
			884	889
			884	888
			885	887
			885	886
			886	885
			886	884
			887	883
			888	882
			888	881
			889	880
			889	879
			890	878
			890	877
			891	876
			891	875
			892	874
			892	873
			893	872
			894	871
			894	870
			895	869
			895	868
			896	867
			896	866
			897	865
			897	864
			898	863
			898	862
			899	861
			899	860
			900	859
			900	858
			901	857
		</curveLM12>
	</curves.pixel>
	<curves.scaled type=list>
		<curveLM07 type=matrix rownames=FALSE colnames=FALSE nrow=308 ncol=2 as.numeric=TRUE >
			7.7008547008547	-7.32478632478633
			7.70940170940171	-7.33333333333333
			7.71794871794872	-7.34188034188034
			7.72649572649573	-7.35042735042735
			7.72649572649573	-7.35897435897436
			7.73504273504274	-7.36752136752137
			7.74358974358974	-7.37606837606838
			7.74358974358974	-7.38461538461539
			7.75213675213675	-7.39316239316239
			7.76068376068376	-7.39316239316239
			7.76068376068376	-7.4017094017094
			7.76923076923077	-7.41025641025641
			7.76923076923077	-7.41880341880342
			7.77777777777778	-7.42735042735043
			7.77777777777778	-7.43589743589744
			7.78632478632479	-7.44444444444445
			7.7948717948718	-7.44444444444445
			7.7948717948718	-7.45299145299145
			7.8034188034188	-7.46153846153846
			7.81196581196581	-7.47008547008547
			7.81196581196581	-7.47863247863248
			7.82051282051282	-7.48717948717949
			7.82051282051282	-7.4957264957265
			7.82905982905983	-7.50427350427351
			7.83760683760684	-7.51282051282051
			7.83760683760684	-7.52136752136752
			7.84615384615385	-7.52991452991453
			7.85470085470086	-7.53846153846154
			7.85470085470086	-7.54700854700855
			7.86324786324786	-7.55555555555556
			7.86324786324786	-7.56410256410256
			7.87179487179487	-7.57264957264957
			7.87179487179487	-7.58119658119658
			7.88034188034188	-7.58974358974359
			7.88888888888889	-7.5982905982906
			7.8974358974359	-7.60683760683761
			7.8974358974359	-7.61538461538462
			7.90598290598291	-7.62393162393162
			7.90598290598291	-7.63247863247863
			7.91452991452992	-7.64102564102564
			7.91452991452992	-7.64957264957265
			7.92307692307692	-7.64957264957265
			7.92307692307692	-7.65811965811966
			7.92307692307692	-7.66666666666667
			7.93162393162393	-7.66666666666667
			7.93162393162393	-7.67521367521368
			7.94017094017094	-7.68376068376068
			7.94017094017094	-7.69230769230769
			7.94871794871795	-7.7008547008547
			7.95726495726496	-7.70940170940171
			7.95726495726496	-7.71794871794872
			7.96581196581197	-7.72649572649573
			7.96581196581197	-7.73504273504274
			7.97435897435898	-7.74358974358974
			7.97435897435898	-7.75213675213675
			7.98290598290598	-7.76068376068376
			7.98290598290598	-7.76923076923077
			7.99145299145299	-7.76923076923077
			7.99145299145299	-7.77777777777778
			8	-7.78632478632479
			8	-7.7948717948718
			8.00854700854701	-7.8034188034188
			8.00854700854701	-7.81196581196581
			8.01709401709402	-7.82051282051282
			8.01709401709402	-7.82905982905983
			8.02564102564103	-7.83760683760684
			8.02564102564103	-7.84615384615385
			8.03418803418804	-7.85470085470086
			8.03418803418804	-7.86324786324786
			8.04273504273504	-7.87179487179487
			8.05128205128205	-7.88034188034188
			8.05128205128205	-7.88888888888889
			8.05982905982906	-7.8974358974359
			8.05982905982906	-7.90598290598291
			8.06837606837607	-7.91452991452992
			8.06837606837607	-7.92307692307692
			8.07692307692308	-7.93162393162393
			8.07692307692308	-7.94017094017094
			8.08547008547009	-7.94871794871795
			8.0940170940171	-7.95726495726496
			8.0940170940171	-7.96581196581197
			8.0940170940171	-7.97435897435898
			8.1025641025641	-7.98290598290598
			8.1025641025641	-7.99145299145299
			8.11111111111111	-8
			8.11111111111111	-8.00854700854701
			8.11111111111111	-8.01709401709402
			8.11965811965812	-8.02564102564103
			8.11965811965812	-8.03418803418804
			8.11965811965812	-8.04273504273504
			8.12820512820513	-8.05128205128205
			8.12820512820513	-8.05982905982906
			8.12820512820513	-8.06837606837607
			8.13675213675214	-8.07692307692308
			8.13675213675214	-8.08547008547009
			8.13675213675214	-8.0940170940171
			8.14529914529915	-8.1025641025641
			8.14529914529915	-8.11111111111111
			8.14529914529915	-8.11965811965812
			8.15384615384616	-8.12820512820513
			8.15384615384616	-8.13675213675214
			8.15384615384616	-8.14529914529915
			8.15384615384616	-8.15384615384616
			8.16239316239316	-8.16239316239316
			8.16239316239316	-8.17094017094017
			8.16239316239316	-8.17948717948718
			8.17094017094017	-8.18803418803419
			8.17094017094017	-8.1965811965812
			8.17948717948718	-8.20512820512821
			8.17948717948718	-8.21367521367521
			8.17948717948718	-8.22222222222222
			8.18803418803419	-8.23076923076923
			8.18803418803419	-8.23931623931624
			8.18803418803419	-8.24786324786325
			8.1965811965812	-8.25641025641026
			8.1965811965812	-8.26495726495727
			8.1965811965812	-8.27350427350427
			8.20512820512821	-8.28205128205128
			8.20512820512821	-8.29059829059829
			8.20512820512821	-8.2991452991453
			8.21367521367521	-8.30769230769231
			8.21367521367521	-8.31623931623932
			8.21367521367521	-8.32478632478633
			8.21367521367521	-8.33333333333333
			8.22222222222222	-8.34188034188034
			8.22222222222222	-8.35042735042735
			8.22222222222222	-8.35897435897436
			8.23076923076923	-8.36752136752137
			8.23076923076923	-8.37606837606838
			8.23076923076923	-8.38461538461539
			8.23931623931624	-8.38461538461539
			8.23931623931624	-8.39316239316239
			8.23931623931624	-8.4017094017094
			8.23931623931624	-8.41025641025641
			8.24786324786325	-8.41880341880342
			8.24786324786325	-8.42735042735043
			8.24786324786325	-8.43589743589744
			8.25641025641026	-8.44444444444444
			8.25641025641026	-8.45299145299145
			8.25641025641026	-8.46153846153846
			8.25641025641026	-8.47008547008547
			8.26495726495727	-8.47863247863248
			8.26495726495727	-8.48717948717949
			8.26495726495727	-8.4957264957265
			8.27350427350427	-8.4957264957265
			8.27350427350427	-8.5042735042735
			8.27350427350427	-8.51282051282051
			8.27350427350427	-8.52136752136752
			8.28205128205128	-8.52991452991453
			8.28205128205128	-8.53846153846154
			8.28205128205128	-8.54700854700855
			8.29059829059829	-8.55555555555556
			8.29059829059829	-8.56410256410257
			8.29059829059829	-8.57264957264957
			8.2991452991453	-8.58119658119658
			8.2991452991453	-8.58974358974359
			8.2991452991453	-8.5982905982906
			8.2991452991453	-8.60683760683761
			8.30769230769231	-8.61538461538462
			8.30769230769231	-8.62393162393163
			8.30769230769231	-8.63247863247863
			8.30769230769231	-8.64102564102564
			8.31623931623932	-8.64957264957265
			8.31623931623932	-8.65811965811966
			8.31623931623932	-8.66666666666667
			8.32478632478633	-8.67521367521368
			8.32478632478633	-8.68376068376068
			8.32478632478633	-8.69230769230769
			8.32478632478633	-8.7008547008547
			8.33333333333333	-8.70940170940171
			8.33333333333333	-8.71794871794872
			8.33333333333333	-8.72649572649573
			8.34188034188034	-8.73504273504274
			8.34188034188034	-8.74358974358974
			8.34188034188034	-8.75213675213675
			8.34188034188034	-8.76068376068376
			8.35042735042735	-8.76923076923077
			8.35042735042735	-8.77777777777778
			8.35042735042735	-8.78632478632479
			8.35042735042735	-8.7948717948718
			8.35897435897436	-8.7948717948718
			8.35897435897436	-8.8034188034188
			8.35897435897436	-8.81196581196581
			8.35897435897436	-8.82051282051282
			8.36752136752137	-8.82905982905983
			8.36752136752137	-8.83760683760684
			8.36752136752137	-8.84615384615385
			8.36752136752137	-8.85470085470086
			8.37606837606838	-8.86324786324786
			8.37606837606838	-8.87179487179487
			8.37606837606838	-8.88034188034188
			8.38461538461539	-8.88888888888889
			8.38461538461539	-8.8974358974359
			8.38461538461539	-8.90598290598291
			8.38461538461539	-8.91452991452991
			8.38461538461539	-8.92307692307692
			8.39316239316239	-8.92307692307692
			8.39316239316239	-8.93162393162393
			8.39316239316239	-8.94017094017094
			8.39316239316239	-8.94871794871795
			8.4017094017094	-8.95726495726496
			8.4017094017094	-8.96581196581197
			8.4017094017094	-8.97435897435897
			8.4017094017094	-8.98290598290598
			8.4017094017094	-8.99145299145299
			8.41025641025641	-8.99145299145299
			8.41025641025641	-9
			8.41025641025641	-9.00854700854701
			8.41025641025641	-9.01709401709402
			8.41025641025641	-9.02564102564103
			8.41880341880342	-9.03418803418804
			8.41880341880342	-9.04273504273504
			8.41880341880342	-9.05128205128205
			8.41880341880342	-9.05982905982906
			8.42735042735043	-9.06837606837607
			8.42735042735043	-9.07692307692308
			8.42735042735043	-9.08547008547009
			8.42735042735043	-9.0940170940171
			8.43589743589744	-9.1025641025641
			8.43589743589744	-9.11111111111111
			8.43589743589744	-9.11965811965812
			8.43589743589744	-9.12820512820513
			8.43589743589744	-9.13675213675214
			8.44444444444444	-9.14529914529915
			8.44444444444444	-9.15384615384616
			8.44444444444444	-9.16239316239316
			8.44444444444444	-9.17094017094017
			8.45299145299145	-9.17948717948718
			8.45299145299145	-9.18803418803419
			8.45299145299145	-9.1965811965812
			8.45299145299145	-9.20512820512821
			8.45299145299145	-9.21367521367521
			8.46153846153846	-9.22222222222222
			8.46153846153846	-9.23076923076923
			8.46153846153846	-9.23931623931624
			8.46153846153846	-9.24786324786325
			8.46153846153846	-9.25641025641026
			8.46153846153846	-9.26495726495727
			8.47008547008547	-9.27350427350427
			8.47008547008547	-9.28205128205128
			8.47008547008547	-9.29059829059829
			8.47008547008547	-9.2991452991453
			8.47008547008547	-9.30769230769231
			8.47863247863248	-9.31623931623932
			8.47863247863248	-9.32478632478633
			8.47863247863248	-9.33333333333333
			8.47863247863248	-9.34188034188034
			8.47863247863248	-9.35042735042735
			8.47863247863248	-9.35897435897436
			8.48717948717949	-9.35897435897436
			8.48717948717949	-9.36752136752137
			8.48717948717949	-9.37606837606838
			8.48717948717949	-9.38461538461539
			8.48717948717949	-9.39316239316239
			8.48717948717949	-9.4017094017094
			8.48717948717949	-9.41025641025641
			8.4957264957265	-9.41880341880342
			8.4957264957265	-9.42735042735043
			8.4957264957265	-9.43589743589744
			8.4957264957265	-9.44444444444444
			8.4957264957265	-9.45299145299145
			8.4957264957265	-9.46153846153846
			8.5042735042735	-9.47008547008547
			8.5042735042735	-9.47863247863248
			8.5042735042735	-9.48717948717949
			8.5042735042735	-9.4957264957265
			8.5042735042735	-9.50427350427351
			8.5042735042735	-9.51282051282051
			8.5042735042735	-9.52136752136752
			8.5042735042735	-9.52991452991453
			8.51282051282051	-9.53846153846154
			8.51282051282051	-9.54700854700855
			8.51282051282051	-9.55555555555556
			8.51282051282051	-9.56410256410257
			8.51282051282051	-9.57264957264957
			8.51282051282051	-9.58119658119658
			8.51282051282051	-9.58974358974359
			8.51282051282051	-9.5982905982906
			8.51282051282051	-9.60683760683761
			8.52136752136752	-9.60683760683761
			8.52136752136752	-9.61538461538462
			8.52136752136752	-9.62393162393163
			8.52136752136752	-9.63247863247863
			8.52136752136752	-9.64102564102564
			8.52136752136752	-9.64957264957265
			8.52136752136752	-9.65811965811966
			8.52136752136752	-9.66666666666667
			8.52136752136752	-9.67521367521368
			8.52136752136752	-9.68376068376068
			8.52136752136752	-9.69230769230769
			8.52136752136752	-9.7008547008547
			8.52136752136752	-9.70940170940171
			8.52991452991453	-9.71794871794872
			8.52991452991453	-9.72649572649573
			8.52991452991453	-9.73504273504274
			8.52991452991453	-9.74358974358974
			8.52991452991453	-9.75213675213675
			8.52991452991453	-9.76068376068376
			8.52991452991453	-9.76923076923077
			8.52991452991453	-9.77777777777778
			8.52991452991453	-9.78632478632479
			8.52991452991453	-9.7948717948718
			8.52991452991453	-9.8034188034188
			8.52991452991453	-9.81196581196581
			8.52991452991453	-9.82051282051282
			8.52991452991453	-9.82905982905983
			8.52991452991453	-9.83760683760684
			8.52991452991453	-9.84615384615385
		</curveLM07>
		<curveLM08 type=matrix rownames=FALSE colnames=FALSE nrow=79 ncol=2 as.numeric=TRUE >
			8.52991452991453	-9.84615384615385
			8.52136752136752	-9.84615384615385
			8.51282051282051	-9.84615384615385
			8.5042735042735	-9.85470085470086
			8.4957264957265	-9.85470085470086
			8.48717948717949	-9.85470085470086
			8.47863247863248	-9.85470085470086
			8.47008547008547	-9.84615384615385
			8.46153846153846	-9.84615384615385
			8.45299145299145	-9.84615384615385
			8.44444444444444	-9.84615384615385
			8.43589743589744	-9.84615384615385
			8.43589743589744	-9.83760683760684
			8.42735042735043	-9.83760683760684
			8.41880341880342	-9.83760683760684
			8.41025641025641	-9.83760683760684
			8.41025641025641	-9.82905982905983
			8.4017094017094	-9.82905982905983
			8.39316239316239	-9.82051282051282
			8.38461538461539	-9.82051282051282
			8.37606837606838	-9.81196581196581
			8.36752136752137	-9.81196581196581
			8.35897435897436	-9.8034188034188
			8.35042735042735	-9.7948717948718
			8.34188034188034	-9.7948717948718
			8.33333333333333	-9.78632478632479
			8.32478632478633	-9.77777777777778
			8.31623931623932	-9.76923076923077
			8.30769230769231	-9.76068376068376
			8.30769230769231	-9.75213675213675
			8.2991452991453	-9.74358974358974
			8.2991452991453	-9.73504273504274
			8.29059829059829	-9.72649572649573
			8.29059829059829	-9.71794871794872
			8.28205128205128	-9.70940170940171
			8.27350427350427	-9.7008547008547
			8.27350427350427	-9.69230769230769
			8.26495726495727	-9.68376068376068
			8.26495726495727	-9.67521367521368
			8.25641025641026	-9.66666666666667
			8.25641025641026	-9.65811965811966
			8.24786324786325	-9.64957264957265
			8.23931623931624	-9.64102564102564
			8.23931623931624	-9.63247863247863
			8.23076923076923	-9.62393162393163
			8.23076923076923	-9.61538461538462
			8.22222222222222	-9.61538461538462
			8.22222222222222	-9.60683760683761
			8.21367521367521	-9.5982905982906
			8.20512820512821	-9.58974358974359
			8.20512820512821	-9.58119658119658
			8.1965811965812	-9.58119658119658
			8.1965811965812	-9.57264957264957
			8.18803418803419	-9.56410256410257
			8.18803418803419	-9.55555555555556
			8.17948717948718	-9.55555555555556
			8.17948717948718	-9.54700854700855
			8.17094017094017	-9.53846153846154
			8.16239316239316	-9.53846153846154
			8.16239316239316	-9.52991452991453
			8.15384615384616	-9.52136752136752
			8.14529914529915	-9.51282051282051
			8.13675213675214	-9.50427350427351
			8.12820512820513	-9.4957264957265
			8.11965811965812	-9.48717948717949
			8.11111111111111	-9.47863247863248
			8.1025641025641	-9.47008547008547
			8.0940170940171	-9.46153846153846
			8.08547008547009	-9.45299145299145
			8.07692307692308	-9.45299145299145
			8.06837606837607	-9.44444444444444
			8.05982905982906	-9.43589743589744
			8.05128205128205	-9.43589743589744
			8.04273504273504	-9.42735042735043
			8.03418803418804	-9.42735042735043
			8.02564102564103	-9.42735042735043
			8.01709401709402	-9.41880341880342
			8.00854700854701	-9.41880341880342
			8	-9.41880341880342
		</curveLM08>
		<curveLM09 type=matrix rownames=FALSE colnames=FALSE nrow=102 ncol=2 as.numeric=TRUE >
			8	-9.41880341880342
			7.99145299145299	-9.42735042735043
			7.98290598290598	-9.43589743589744
			7.97435897435898	-9.44444444444444
			7.97435897435898	-9.45299145299145
			7.96581196581197	-9.46153846153846
			7.96581196581197	-9.47008547008547
			7.96581196581197	-9.47863247863248
			7.95726495726496	-9.48717948717949
			7.95726495726496	-9.4957264957265
			7.95726495726496	-9.50427350427351
			7.94871794871795	-9.51282051282051
			7.94871794871795	-9.52136752136752
			7.94871794871795	-9.52991452991453
			7.94017094017094	-9.53846153846154
			7.94017094017094	-9.54700854700855
			7.94017094017094	-9.55555555555556
			7.94017094017094	-9.56410256410257
			7.94017094017094	-9.57264957264957
			7.93162393162393	-9.58119658119658
			7.93162393162393	-9.58974358974359
			7.93162393162393	-9.5982905982906
			7.92307692307692	-9.60683760683761
			7.92307692307692	-9.61538461538462
			7.92307692307692	-9.62393162393163
			7.92307692307692	-9.63247863247863
			7.92307692307692	-9.64102564102564
			7.91452991452992	-9.64957264957265
			7.91452991452992	-9.65811965811966
			7.91452991452992	-9.66666666666667
			7.91452991452992	-9.67521367521368
			7.91452991452992	-9.68376068376068
			7.91452991452992	-9.69230769230769
			7.90598290598291	-9.7008547008547
			7.90598290598291	-9.70940170940171
			7.90598290598291	-9.71794871794872
			7.90598290598291	-9.72649572649573
			7.90598290598291	-9.73504273504274
			7.90598290598291	-9.74358974358974
			7.8974358974359	-9.75213675213675
			7.8974358974359	-9.76068376068376
			7.8974358974359	-9.76923076923077
			7.8974358974359	-9.77777777777778
			7.8974358974359	-9.78632478632479
			7.8974358974359	-9.7948717948718
			7.8974358974359	-9.8034188034188
			7.8974358974359	-9.81196581196581
			7.8974358974359	-9.82051282051282
			7.88888888888889	-9.82051282051282
			7.88888888888889	-9.82905982905983
			7.88888888888889	-9.83760683760684
			7.88888888888889	-9.84615384615385
			7.88888888888889	-9.85470085470086
			7.88888888888889	-9.86324786324786
			7.88888888888889	-9.87179487179487
			7.88888888888889	-9.88034188034188
			7.88034188034188	-9.88888888888889
			7.88034188034188	-9.8974358974359
			7.88034188034188	-9.90598290598291
			7.88034188034188	-9.91452991452991
			7.88034188034188	-9.92307692307692
			7.88034188034188	-9.93162393162393
			7.87179487179487	-9.94017094017094
			7.87179487179487	-9.94871794871795
			7.87179487179487	-9.95726495726496
			7.87179487179487	-9.96581196581197
			7.87179487179487	-9.97435897435898
			7.86324786324786	-9.98290598290598
			7.86324786324786	-9.99145299145299
			7.86324786324786	-10
			7.86324786324786	-10.008547008547
			7.86324786324786	-10.017094017094
			7.85470085470086	-10.025641025641
			7.85470085470086	-10.034188034188
			7.85470085470086	-10.042735042735
			7.84615384615385	-10.0512820512821
			7.84615384615385	-10.0598290598291
			7.84615384615385	-10.0683760683761
			7.83760683760684	-10.0769230769231
			7.83760683760684	-10.0854700854701
			7.83760683760684	-10.0940170940171
			7.83760683760684	-10.1025641025641
			7.82905982905983	-10.1025641025641
			7.82905982905983	-10.1111111111111
			7.82905982905983	-10.1196581196581
			7.82051282051282	-10.1282051282051
			7.81196581196581	-10.1367521367521
			7.81196581196581	-10.1452991452991
			7.8034188034188	-10.1538461538462
			7.8034188034188	-10.1623931623932
			7.7948717948718	-10.1709401709402
			7.78632478632479	-10.1794871794872
			7.77777777777778	-10.1880341880342
			7.76923076923077	-10.1965811965812
			7.76068376068376	-10.2051282051282
			7.75213675213675	-10.2051282051282
			7.74358974358974	-10.2136752136752
			7.73504273504274	-10.2136752136752
			7.72649572649573	-10.2222222222222
			7.71794871794872	-10.2222222222222
			7.70940170940171	-10.2222222222222
			7.7008547008547	-10.2222222222222
		</curveLM09>
		<curveLM10 type=matrix rownames=FALSE colnames=FALSE nrow=97 ncol=2 as.numeric=TRUE >
			7.7008547008547	-10.2222222222222
			7.69230769230769	-10.2222222222222
			7.69230769230769	-10.2136752136752
			7.68376068376068	-10.2136752136752
			7.67521367521368	-10.2136752136752
			7.67521367521368	-10.2051282051282
			7.66666666666667	-10.2051282051282
			7.65811965811966	-10.2051282051282
			7.65811965811966	-10.1965811965812
			7.64957264957265	-10.1965811965812
			7.64102564102564	-10.1880341880342
			7.63247863247863	-10.1794871794872
			7.62393162393162	-10.1709401709402
			7.61538461538462	-10.1623931623932
			7.60683760683761	-10.1538461538462
			7.60683760683761	-10.1452991452991
			7.5982905982906	-10.1367521367521
			7.58974358974359	-10.1282051282051
			7.58119658119658	-10.1196581196581
			7.58119658119658	-10.1111111111111
			7.57264957264957	-10.1025641025641
			7.57264957264957	-10.0940170940171
			7.56410256410256	-10.0854700854701
			7.56410256410256	-10.0769230769231
			7.55555555555556	-10.0683760683761
			7.55555555555556	-10.0598290598291
			7.55555555555556	-10.0512820512821
			7.54700854700855	-10.042735042735
			7.54700854700855	-10.034188034188
			7.54700854700855	-10.025641025641
			7.53846153846154	-10.017094017094
			7.53846153846154	-10.008547008547
			7.53846153846154	-10
			7.52991452991453	-9.99145299145299
			7.52991452991453	-9.98290598290598
			7.52991452991453	-9.97435897435898
			7.52991452991453	-9.96581196581197
			7.52991452991453	-9.95726495726496
			7.52136752136752	-9.94871794871795
			7.52136752136752	-9.94017094017094
			7.52136752136752	-9.93162393162393
			7.52136752136752	-9.92307692307692
			7.52136752136752	-9.91452991452991
			7.52136752136752	-9.90598290598291
			7.51282051282051	-9.8974358974359
			7.51282051282051	-9.88888888888889
			7.51282051282051	-9.88034188034188
			7.51282051282051	-9.87179487179487
			7.51282051282051	-9.86324786324786
			7.51282051282051	-9.85470085470086
			7.51282051282051	-9.84615384615385
			7.51282051282051	-9.83760683760684
			7.51282051282051	-9.82905982905983
			7.51282051282051	-9.82051282051282
			7.51282051282051	-9.81196581196581
			7.51282051282051	-9.8034188034188
			7.51282051282051	-9.7948717948718
			7.51282051282051	-9.78632478632479
			7.51282051282051	-9.77777777777778
			7.51282051282051	-9.76923076923077
			7.50427350427351	-9.76068376068376
			7.50427350427351	-9.75213675213675
			7.50427350427351	-9.74358974358974
			7.50427350427351	-9.73504273504274
			7.50427350427351	-9.72649572649573
			7.50427350427351	-9.71794871794872
			7.50427350427351	-9.70940170940171
			7.50427350427351	-9.7008547008547
			7.50427350427351	-9.69230769230769
			7.50427350427351	-9.68376068376068
			7.50427350427351	-9.67521367521368
			7.50427350427351	-9.66666666666667
			7.50427350427351	-9.65811965811966
			7.4957264957265	-9.64957264957265
			7.4957264957265	-9.64102564102564
			7.4957264957265	-9.63247863247863
			7.4957264957265	-9.62393162393163
			7.4957264957265	-9.61538461538462
			7.4957264957265	-9.60683760683761
			7.4957264957265	-9.5982905982906
			7.4957264957265	-9.58974358974359
			7.48717948717949	-9.58119658119658
			7.48717948717949	-9.57264957264957
			7.48717948717949	-9.56410256410257
			7.48717948717949	-9.55555555555556
			7.48717948717949	-9.54700854700855
			7.47863247863248	-9.53846153846154
			7.47863247863248	-9.52991452991453
			7.47863247863248	-9.52136752136752
			7.47008547008547	-9.51282051282051
			7.47008547008547	-9.50427350427351
			7.47008547008547	-9.4957264957265
			7.46153846153846	-9.48717948717949
			7.46153846153846	-9.47863247863248
			7.45299145299145	-9.47008547008547
			7.44444444444445	-9.46153846153846
			7.43589743589744	-9.45299145299145
		</curveLM10>
		<curveLM11 type=matrix rownames=FALSE colnames=FALSE nrow=74 ncol=2 as.numeric=TRUE >
			7.43589743589744	-9.45299145299145
			7.42735042735043	-9.44444444444444
			7.41880341880342	-9.44444444444444
			7.41025641025641	-9.43589743589744
			7.4017094017094	-9.43589743589744
			7.39316239316239	-9.43589743589744
			7.38461538461539	-9.43589743589744
			7.37606837606838	-9.43589743589744
			7.36752136752137	-9.44444444444444
			7.35897435897436	-9.44444444444444
			7.35042735042735	-9.45299145299145
			7.34188034188034	-9.45299145299145
			7.33333333333333	-9.46153846153846
			7.32478632478633	-9.46153846153846
			7.31623931623932	-9.47008547008547
			7.30769230769231	-9.47863247863248
			7.2991452991453	-9.47863247863248
			7.29059829059829	-9.48717948717949
			7.28205128205128	-9.4957264957265
			7.27350427350427	-9.50427350427351
			7.26495726495727	-9.50427350427351
			7.25641025641026	-9.51282051282051
			7.24786324786325	-9.52136752136752
			7.23931623931624	-9.52991452991453
			7.23076923076923	-9.53846153846154
			7.22222222222222	-9.54700854700855
			7.21367521367521	-9.55555555555556
			7.20512820512821	-9.56410256410257
			7.1965811965812	-9.56410256410257
			7.18803418803419	-9.57264957264957
			7.17948717948718	-9.58119658119658
			7.17094017094017	-9.58974358974359
			7.16239316239316	-9.5982905982906
			7.15384615384615	-9.5982905982906
			7.14529914529915	-9.60683760683761
			7.13675213675214	-9.60683760683761
			7.12820512820513	-9.61538461538462
			7.11965811965812	-9.62393162393163
			7.11111111111111	-9.62393162393163
			7.1025641025641	-9.63247863247863
			7.1025641025641	-9.64102564102564
			7.09401709401709	-9.64102564102564
			7.08547008547009	-9.64957264957265
			7.07692307692308	-9.64957264957265
			7.06837606837607	-9.65811965811966
			7.05982905982906	-9.65811965811966
			7.05982905982906	-9.66666666666667
			7.05128205128205	-9.66666666666667
			7.04273504273504	-9.67521367521368
			7.03418803418803	-9.67521367521368
			7.03418803418803	-9.68376068376068
			7.02564102564103	-9.68376068376068
			7.01709401709402	-9.69230769230769
			7.00854700854701	-9.69230769230769
			7	-9.7008547008547
			6.99145299145299	-9.70940170940171
			6.98290598290598	-9.70940170940171
			6.97435897435898	-9.70940170940171
			6.96581196581197	-9.71794871794872
			6.95726495726496	-9.71794871794872
			6.94871794871795	-9.72649572649573
			6.94017094017094	-9.73504273504274
			6.93162393162393	-9.73504273504274
			6.92307692307692	-9.73504273504274
			6.91452991452991	-9.74358974358974
			6.90598290598291	-9.74358974358974
			6.8974358974359	-9.74358974358974
			6.88888888888889	-9.74358974358974
			6.88034188034188	-9.75213675213675
			6.87179487179487	-9.75213675213675
			6.86324786324786	-9.75213675213675
			6.85470085470086	-9.75213675213675
			6.84615384615385	-9.74358974358974
			6.83760683760684	-9.73504273504274
		</curveLM11>
		<curveLM12 type=matrix rownames=FALSE colnames=FALSE nrow=291 ncol=2 as.numeric=TRUE >
			6.83760683760684	-9.73504273504274
			6.83760683760684	-9.72649572649573
			6.83760683760684	-9.71794871794872
			6.82905982905983	-9.70940170940171
			6.82905982905983	-9.7008547008547
			6.82905982905983	-9.69230769230769
			6.82905982905983	-9.68376068376068
			6.82905982905983	-9.67521367521368
			6.82905982905983	-9.66666666666667
			6.82905982905983	-9.65811965811966
			6.82905982905983	-9.64957264957265
			6.82905982905983	-9.64102564102564
			6.82905982905983	-9.63247863247863
			6.82905982905983	-9.62393162393163
			6.82905982905983	-9.61538461538462
			6.82905982905983	-9.60683760683761
			6.83760683760684	-9.5982905982906
			6.83760683760684	-9.58974358974359
			6.83760683760684	-9.58119658119658
			6.83760683760684	-9.57264957264957
			6.83760683760684	-9.56410256410257
			6.83760683760684	-9.55555555555556
			6.83760683760684	-9.54700854700855
			6.83760683760684	-9.53846153846154
			6.83760683760684	-9.52991452991453
			6.84615384615385	-9.52136752136752
			6.84615384615385	-9.51282051282051
			6.84615384615385	-9.50427350427351
			6.84615384615385	-9.4957264957265
			6.84615384615385	-9.48717948717949
			6.84615384615385	-9.47863247863248
			6.85470085470086	-9.47008547008547
			6.85470085470086	-9.46153846153846
			6.85470085470086	-9.45299145299145
			6.85470085470086	-9.44444444444444
			6.85470085470086	-9.43589743589744
			6.86324786324786	-9.42735042735043
			6.86324786324786	-9.41880341880342
			6.86324786324786	-9.41025641025641
			6.86324786324786	-9.4017094017094
			6.86324786324786	-9.39316239316239
			6.87179487179487	-9.38461538461539
			6.87179487179487	-9.37606837606838
			6.87179487179487	-9.36752136752137
			6.87179487179487	-9.35897435897436
			6.87179487179487	-9.35042735042735
			6.88034188034188	-9.34188034188034
			6.88034188034188	-9.33333333333333
			6.88034188034188	-9.32478632478633
			6.88034188034188	-9.31623931623932
			6.88888888888889	-9.30769230769231
			6.88888888888889	-9.2991452991453
			6.88888888888889	-9.29059829059829
			6.88888888888889	-9.28205128205128
			6.8974358974359	-9.27350427350427
			6.8974358974359	-9.26495726495727
			6.8974358974359	-9.25641025641026
			6.8974358974359	-9.24786324786325
			6.90598290598291	-9.23931623931624
			6.90598290598291	-9.23076923076923
			6.90598290598291	-9.22222222222222
			6.90598290598291	-9.21367521367521
			6.91452991452991	-9.20512820512821
			6.91452991452991	-9.1965811965812
			6.91452991452991	-9.18803418803419
			6.91452991452991	-9.17948717948718
			6.92307692307692	-9.17094017094017
			6.92307692307692	-9.16239316239316
			6.92307692307692	-9.15384615384616
			6.93162393162393	-9.14529914529915
			6.93162393162393	-9.13675213675214
			6.93162393162393	-9.12820512820513
			6.93162393162393	-9.11965811965812
			6.94017094017094	-9.11111111111111
			6.94017094017094	-9.1025641025641
			6.94017094017094	-9.0940170940171
			6.94017094017094	-9.08547008547009
			6.94871794871795	-9.08547008547009
			6.94871794871795	-9.07692307692308
			6.94871794871795	-9.06837606837607
			6.94871794871795	-9.05982905982906
			6.95726495726496	-9.05128205128205
			6.95726495726496	-9.04273504273504
			6.95726495726496	-9.03418803418804
			6.95726495726496	-9.02564102564103
			6.96581196581197	-9.02564102564103
			6.96581196581197	-9.01709401709402
			6.96581196581197	-9.00854700854701
			6.96581196581197	-9
			6.97435897435898	-8.99145299145299
			6.97435897435898	-8.98290598290598
			6.97435897435898	-8.97435897435897
			6.98290598290598	-8.96581196581197
			6.98290598290598	-8.95726495726496
			6.98290598290598	-8.94871794871795
			6.99145299145299	-8.94017094017094
			6.99145299145299	-8.93162393162393
			6.99145299145299	-8.92307692307692
			7	-8.91452991452991
			7	-8.90598290598291
			7	-8.8974358974359
			7.00854700854701	-8.88888888888889
			7.00854700854701	-8.88034188034188
			7.00854700854701	-8.87179487179487
			7.01709401709402	-8.86324786324786
			7.01709401709402	-8.85470085470086
			7.01709401709402	-8.84615384615385
			7.01709401709402	-8.83760683760684
			7.02564102564103	-8.83760683760684
			7.02564102564103	-8.82905982905983
			7.02564102564103	-8.82051282051282
			7.02564102564103	-8.81196581196581
			7.03418803418803	-8.8034188034188
			7.03418803418803	-8.7948717948718
			7.03418803418803	-8.78632478632479
			7.04273504273504	-8.77777777777778
			7.04273504273504	-8.76923076923077
			7.04273504273504	-8.76068376068376
			7.05128205128205	-8.75213675213675
			7.05128205128205	-8.74358974358974
			7.05128205128205	-8.73504273504274
			7.05982905982906	-8.72649572649573
			7.05982905982906	-8.71794871794872
			7.05982905982906	-8.70940170940171
			7.06837606837607	-8.7008547008547
			7.06837606837607	-8.69230769230769
			7.06837606837607	-8.68376068376068
			7.07692307692308	-8.67521367521368
			7.07692307692308	-8.66666666666667
			7.07692307692308	-8.65811965811966
			7.08547008547009	-8.64957264957265
			7.08547008547009	-8.64102564102564
			7.08547008547009	-8.63247863247863
			7.09401709401709	-8.62393162393163
			7.09401709401709	-8.61538461538462
			7.09401709401709	-8.60683760683761
			7.1025641025641	-8.5982905982906
			7.1025641025641	-8.58974358974359
			7.1025641025641	-8.58119658119658
			7.11111111111111	-8.57264957264957
			7.11111111111111	-8.56410256410257
			7.11965811965812	-8.55555555555556
			7.11965811965812	-8.54700854700855
			7.11965811965812	-8.53846153846154
			7.12820512820513	-8.52991452991453
			7.12820512820513	-8.52136752136752
			7.12820512820513	-8.51282051282051
			7.13675213675214	-8.5042735042735
			7.13675213675214	-8.4957264957265
			7.13675213675214	-8.48717948717949
			7.14529914529915	-8.47863247863248
			7.14529914529915	-8.47008547008547
			7.14529914529915	-8.46153846153846
			7.15384615384615	-8.45299145299145
			7.15384615384615	-8.44444444444444
			7.16239316239316	-8.43589743589744
			7.16239316239316	-8.42735042735043
			7.16239316239316	-8.41880341880342
			7.17094017094017	-8.41880341880342
			7.17094017094017	-8.41025641025641
			7.17094017094017	-8.4017094017094
			7.17948717948718	-8.39316239316239
			7.17948717948718	-8.38461538461539
			7.17948717948718	-8.37606837606838
			7.18803418803419	-8.36752136752137
			7.18803418803419	-8.35897435897436
			7.1965811965812	-8.35042735042735
			7.1965811965812	-8.34188034188034
			7.20512820512821	-8.33333333333333
			7.20512820512821	-8.32478632478633
			7.20512820512821	-8.31623931623932
			7.21367521367521	-8.30769230769231
			7.21367521367521	-8.2991452991453
			7.22222222222222	-8.29059829059829
			7.22222222222222	-8.28205128205128
			7.22222222222222	-8.27350427350427
			7.23076923076923	-8.26495726495727
			7.23076923076923	-8.25641025641026
			7.23931623931624	-8.24786324786325
			7.23931623931624	-8.23931623931624
			7.24786324786325	-8.23076923076923
			7.24786324786325	-8.22222222222222
			7.24786324786325	-8.21367521367521
			7.25641025641026	-8.20512820512821
			7.25641025641026	-8.1965811965812
			7.26495726495727	-8.18803418803419
			7.26495726495727	-8.17948717948718
			7.27350427350427	-8.17094017094017
			7.27350427350427	-8.16239316239316
			7.28205128205128	-8.15384615384616
			7.28205128205128	-8.14529914529915
			7.29059829059829	-8.13675213675214
			7.29059829059829	-8.12820512820513
			7.2991452991453	-8.11965811965812
			7.2991452991453	-8.11111111111111
			7.2991452991453	-8.1025641025641
			7.30769230769231	-8.0940170940171
			7.30769230769231	-8.08547008547009
			7.31623931623932	-8.07692307692308
			7.31623931623932	-8.06837606837607
			7.31623931623932	-8.05982905982906
			7.32478632478633	-8.05982905982906
			7.32478632478633	-8.05128205128205
			7.33333333333333	-8.04273504273504
			7.33333333333333	-8.03418803418804
			7.33333333333333	-8.02564102564103
			7.34188034188034	-8.02564102564103
			7.34188034188034	-8.01709401709402
			7.34188034188034	-8.00854700854701
			7.35042735042735	-8
			7.35042735042735	-7.99145299145299
			7.35897435897436	-7.99145299145299
			7.35897435897436	-7.98290598290598
			7.35897435897436	-7.97435897435898
			7.36752136752137	-7.96581196581197
			7.36752136752137	-7.95726495726496
			7.37606837606838	-7.94871794871795
			7.37606837606838	-7.94017094017094
			7.38461538461539	-7.93162393162393
			7.38461538461539	-7.92307692307692
			7.39316239316239	-7.91452991452992
			7.39316239316239	-7.90598290598291
			7.4017094017094	-7.8974358974359
			7.4017094017094	-7.88888888888889
			7.41025641025641	-7.88034188034188
			7.41025641025641	-7.87179487179487
			7.41880341880342	-7.86324786324786
			7.41880341880342	-7.85470085470086
			7.42735042735043	-7.84615384615385
			7.42735042735043	-7.83760683760684
			7.43589743589744	-7.82905982905983
			7.43589743589744	-7.82051282051282
			7.44444444444445	-7.81196581196581
			7.44444444444445	-7.8034188034188
			7.45299145299145	-7.7948717948718
			7.45299145299145	-7.78632478632479
			7.46153846153846	-7.77777777777778
			7.46153846153846	-7.76923076923077
			7.47008547008547	-7.76068376068376
			7.47008547008547	-7.75213675213675
			7.47863247863248	-7.74358974358974
			7.47863247863248	-7.73504273504274
			7.48717948717949	-7.72649572649573
			7.48717948717949	-7.71794871794872
			7.4957264957265	-7.70940170940171
			7.4957264957265	-7.7008547008547
			7.50427350427351	-7.69230769230769
			7.50427350427351	-7.68376068376068
			7.51282051282051	-7.67521367521368
			7.51282051282051	-7.66666666666667
			7.52136752136752	-7.66666666666667
			7.52136752136752	-7.65811965811966
			7.52991452991453	-7.64957264957265
			7.52991452991453	-7.64102564102564
			7.53846153846154	-7.63247863247863
			7.53846153846154	-7.62393162393162
			7.54700854700855	-7.61538461538462
			7.54700854700855	-7.60683760683761
			7.55555555555556	-7.5982905982906
			7.55555555555556	-7.58974358974359
			7.56410256410256	-7.58119658119658
			7.56410256410256	-7.57264957264957
			7.57264957264957	-7.56410256410256
			7.57264957264957	-7.55555555555556
			7.58119658119658	-7.54700854700855
			7.58974358974359	-7.53846153846154
			7.58974358974359	-7.52991452991453
			7.5982905982906	-7.52136752136752
			7.5982905982906	-7.51282051282051
			7.60683760683761	-7.50427350427351
			7.60683760683761	-7.4957264957265
			7.61538461538462	-7.48717948717949
			7.61538461538462	-7.47863247863248
			7.62393162393162	-7.47008547008547
			7.62393162393162	-7.46153846153846
			7.63247863247863	-7.45299145299145
			7.64102564102564	-7.44444444444445
			7.64102564102564	-7.43589743589744
			7.64957264957265	-7.42735042735043
			7.64957264957265	-7.41880341880342
			7.65811965811966	-7.41025641025641
			7.65811965811966	-7.4017094017094
			7.66666666666667	-7.39316239316239
			7.66666666666667	-7.38461538461539
			7.67521367521368	-7.37606837606838
			7.67521367521368	-7.36752136752137
			7.68376068376068	-7.35897435897436
			7.68376068376068	-7.35042735042735
			7.69230769230769	-7.34188034188034
			7.69230769230769	-7.33333333333333
			7.7008547008547	-7.32478632478633
		</curveLM12>
	</curves.scaled>
	<ruler.points type=matrix rownames=TRUE colnames=FALSE nrow=5 ncol=2 as.numeric=TRUE >
		Ruler point 1	434	1409
		Ruler point 2	551	1409
		Ruler point 3	668	1409
		Ruler point 4	785	1409
		Ruler point 5	902	1409
	</ruler.points>
</shapes>

