<shapes type=list>
	<ruler.pixel type=vector names=FALSE length=1 as.numeric=TRUE >117.00017621875</ruler.pixel>
	<ruler.interval type=vector names=FALSE length=1 as.numeric=TRUE >1</ruler.interval>
	<scaling.units type=vector names=FALSE length=1 as.numeric=FALSE >cm</scaling.units>
	<scaling type=vector names=FALSE length=1 as.numeric=TRUE >0.00854699567400944</scaling>
	<landmarks.pixel type=matrix rownames=TRUE colnames=FALSE nrow=6 ncol=2 as.numeric=TRUE >
		LM01	900	735
		LM02	1019	1138
		LM03	943	1091
		LM04	903	1195
		LM05	862	1086
		LM06	783	1132
	</landmarks.pixel>
	<landmarks.scaled type=matrix rownames=TRUE colnames=FALSE nrow=6 ncol=2 as.numeric=TRUE >
		LM01	7.6922961066085	-6.28204182039694
		LM02	8.70938859181562	-9.72648107702275
		LM03	8.0598169205909	-9.3247722803443
		LM04	7.71793709363053	-10.2136598304413
		LM05	7.36751027099614	-9.28203730197425
		LM06	6.69229761274939	-9.67519910297869
	</landmarks.scaled>
	<curves.control type=list>
		<curveLM07 type=matrix rownames=FALSE colnames=FALSE nrow=7 ncol=2 as.numeric=TRUE >
			900	735
			913	742
			963	913
			995	1023
			1018	1101
			1024	1123
			1019	1138
		</curveLM07>
		<curveLM08 type=matrix rownames=FALSE colnames=FALSE nrow=5 ncol=2 as.numeric=TRUE >
			1019	1138
			1016	1150
			985	1120
			958	1088
			943	1091
		</curveLM08>
		<curveLM09 type=matrix rownames=FALSE colnames=FALSE nrow=5 ncol=2 as.numeric=TRUE >
			943	1091
			930	1098
			927	1135
			914	1197
			903	1195
		</curveLM09>
		<curveLM10 type=matrix rownames=FALSE colnames=FALSE nrow=5 ncol=2 as.numeric=TRUE >
			903	1195
			894	1197
			879	1150
			876	1112
			862	1086
		</curveLM10>
		<curveLM11 type=matrix rownames=FALSE colnames=FALSE nrow=3 ncol=2 as.numeric=TRUE >
			862	1086
			845	1088
			783	1132
		</curveLM11>
		<curveLM12 type=matrix rownames=FALSE colnames=FALSE nrow=7 ncol=2 as.numeric=TRUE >
			783	1132
			777	1114
			785	1088
			835	926
			870	808
			891	752
			900	735
		</curveLM12>
	</curves.control>
	<curves.pixel type=list>
		<curveLM07 type=matrix rownames=FALSE colnames=FALSE nrow=421 ncol=2 as.numeric=TRUE >
			900	735
			901	736
			902	736
			902	737
			903	738
			904	739
			904	740
			905	741
			905	742
			906	743
			907	744
			907	745
			907	746
			908	747
			908	748
			909	749
			909	750
			910	751
			910	752
			911	753
			911	754
			912	755
			912	756
			912	757
			913	758
			913	759
			914	760
			914	761
			914	762
			915	763
			915	764
			916	765
			916	766
			916	767
			917	768
			917	769
			918	770
			918	771
			918	772
			918	773
			919	773
			919	774
			919	775
			920	776
			920	777
			920	778
			921	779
			921	780
			921	781
			922	781
			922	782
			922	783
			923	784
			923	785
			923	786
			924	787
			924	788
			924	789
			925	790
			925	791
			925	792
			926	793
			926	794
			927	795
			927	796
			927	797
			927	798
			928	799
			928	800
			929	801
			929	802
			929	803
			929	804
			930	805
			930	806
			931	807
			931	808
			931	809
			932	810
			932	811
			932	812
			933	813
			933	814
			933	815
			933	816
			934	817
			934	818
			934	819
			935	820
			935	821
			935	822
			936	823
			936	824
			936	825
			937	826
			937	827
			937	828
			938	829
			938	830
			938	831
			939	832
			939	833
			939	834
			939	835
			940	836
			940	837
			940	838
			941	839
			941	840
			941	841
			942	842
			942	843
			942	844
			943	845
			943	846
			943	847
			943	848
			944	848
			944	849
			944	850
			944	851
			945	852
			945	853
			945	854
			946	855
			946	856
			946	857
			947	858
			947	859
			947	860
			948	861
			948	862
			948	863
			948	864
			949	865
			949	866
			949	867
			950	868
			950	869
			950	870
			951	871
			951	872
			951	873
			951	874
			952	875
			952	876
			952	877
			953	878
			953	879
			953	880
			954	881
			954	882
			954	883
			954	884
			955	885
			955	886
			955	887
			956	888
			956	889
			956	890
			957	891
			957	892
			957	893
			957	894
			958	895
			958	896
			958	897
			959	898
			959	899
			959	900
			959	901
			960	902
			960	903
			960	904
			961	905
			961	906
			961	907
			961	908
			962	909
			962	910
			962	911
			963	912
			963	913
			963	914
			964	915
			964	916
			964	917
			964	918
			965	918
			965	919
			965	920
			965	921
			965	922
			966	922
			966	923
			966	924
			966	925
			967	925
			967	926
			967	927
			967	928
			968	929
			968	930
			968	931
			969	932
			969	933
			969	934
			969	935
			970	936
			970	937
			970	938
			971	939
			971	940
			971	941
			972	942
			972	943
			972	944
			972	945
			973	946
			973	947
			973	948
			973	949
			974	950
			974	951
			974	952
			975	953
			975	954
			975	955
			976	956
			976	957
			976	958
			976	959
			977	960
			977	961
			977	962
			977	963
			978	964
			978	965
			978	966
			979	967
			979	968
			979	969
			980	970
			980	971
			980	972
			980	973
			981	973
			981	974
			981	975
			981	976
			982	977
			982	978
			982	979
			982	980
			983	981
			983	982
			983	983
			984	983
			984	984
			984	985
			984	986
			985	987
			985	988
			985	989
			985	990
			986	991
			986	992
			986	993
			987	994
			987	995
			987	996
			987	997
			988	998
			988	999
			988	1000
			989	1001
			989	1002
			989	1003
			990	1004
			990	1005
			990	1006
			990	1007
			991	1008
			991	1009
			991	1010
			992	1011
			992	1012
			992	1013
			992	1014
			993	1015
			993	1016
			993	1017
			994	1018
			994	1019
			994	1020
			995	1021
			995	1022
			995	1023
			995	1024
			996	1025
			996	1026
			996	1027
			997	1028
			997	1029
			997	1030
			997	1031
			998	1032
			998	1033
			998	1034
			998	1035
			999	1035
			999	1036
			999	1037
			999	1038
			1000	1038
			1000	1039
			1000	1040
			1000	1041
			1001	1041
			1001	1042
			1001	1043
			1001	1044
			1001	1045
			1002	1045
			1002	1046
			1002	1047
			1002	1048
			1003	1049
			1003	1050
			1003	1051
			1003	1052
			1004	1053
			1004	1054
			1005	1055
			1005	1056
			1005	1057
			1005	1058
			1006	1059
			1006	1060
			1006	1061
			1006	1062
			1007	1063
			1007	1064
			1007	1065
			1008	1066
			1008	1067
			1008	1068
			1008	1069
			1009	1069
			1009	1070
			1009	1071
			1009	1072
			1010	1073
			1010	1074
			1010	1075
			1011	1076
			1011	1077
			1011	1078
			1012	1079
			1012	1080
			1012	1081
			1012	1082
			1013	1082
			1013	1083
			1013	1084
			1013	1085
			1014	1086
			1014	1087
			1014	1088
			1015	1089
			1015	1090
			1015	1091
			1015	1092
			1016	1093
			1016	1094
			1016	1095
			1016	1096
			1017	1096
			1017	1097
			1017	1098
			1017	1099
			1018	1100
			1018	1101
			1018	1102
			1018	1103
			1019	1104
			1019	1105
			1019	1106
			1019	1107
			1020	1108
			1020	1109
			1020	1110
			1020	1111
			1020	1112
			1020	1113
			1021	1113
			1021	1114
			1021	1115
			1021	1116
			1021	1117
			1021	1118
			1021	1119
			1021	1120
			1021	1121
			1021	1122
			1021	1123
			1021	1124
			1021	1125
			1021	1126
			1021	1127
			1021	1128
			1021	1129
			1021	1130
			1021	1131
			1021	1132
			1020	1133
			1020	1134
			1020	1135
			1020	1136
			1019	1137
			1019	1138
		</curveLM07>
		<curveLM08 type=matrix rownames=FALSE colnames=FALSE nrow=82 ncol=2 as.numeric=TRUE >
			1019	1138
			1019	1139
			1018	1140
			1017	1141
			1016	1141
			1015	1141
			1014	1141
			1013	1141
			1012	1141
			1011	1140
			1010	1140
			1009	1140
			1008	1139
			1007	1138
			1006	1138
			1005	1137
			1004	1136
			1003	1135
			1002	1135
			1001	1134
			1000	1134
			999	1133
			999	1132
			998	1132
			997	1131
			996	1130
			995	1129
			994	1128
			993	1127
			992	1126
			991	1125
			990	1124
			989	1123
			988	1122
			987	1122
			986	1121
			985	1120
			984	1119
			983	1118
			982	1117
			982	1116
			981	1115
			980	1114
			979	1113
			978	1112
			977	1111
			976	1110
			975	1109
			974	1108
			973	1107
			972	1106
			971	1105
			970	1104
			969	1103
			968	1103
			967	1102
			967	1101
			966	1100
			965	1100
			964	1099
			963	1098
			962	1098
			961	1097
			960	1096
			959	1095
			958	1095
			957	1094
			956	1094
			955	1093
			954	1093
			953	1093
			953	1092
			952	1092
			951	1092
			950	1091
			949	1091
			948	1091
			947	1091
			946	1091
			945	1091
			944	1091
			943	1091
		</curveLM08>
		<curveLM09 type=matrix rownames=FALSE colnames=FALSE nrow=114 ncol=2 as.numeric=TRUE >
			943	1091
			942	1092
			941	1092
			940	1093
			940	1094
			939	1094
			938	1095
			937	1096
			937	1097
			936	1098
			935	1099
			935	1100
			934	1101
			934	1102
			934	1103
			933	1103
			933	1104
			933	1105
			932	1106
			932	1107
			932	1108
			931	1109
			931	1110
			931	1111
			930	1112
			930	1113
			930	1114
			930	1115
			930	1116
			929	1116
			929	1117
			929	1118
			929	1119
			929	1120
			929	1121
			929	1122
			928	1123
			928	1124
			928	1125
			928	1126
			928	1127
			928	1128
			928	1129
			927	1130
			927	1131
			927	1132
			927	1133
			927	1134
			927	1135
			927	1136
			927	1137
			926	1138
			926	1139
			926	1140
			926	1141
			925	1142
			925	1143
			925	1144
			925	1145
			925	1146
			924	1147
			924	1148
			924	1149
			924	1150
			923	1151
			923	1152
			923	1153
			923	1154
			922	1155
			922	1156
			922	1157
			922	1158
			921	1159
			921	1160
			921	1161
			921	1162
			920	1163
			920	1164
			920	1165
			919	1166
			919	1167
			919	1168
			919	1169
			918	1170
			918	1171
			918	1172
			917	1173
			917	1174
			917	1175
			916	1176
			916	1177
			916	1178
			915	1179
			915	1180
			915	1181
			914	1181
			914	1182
			914	1183
			913	1184
			913	1185
			912	1186
			912	1187
			911	1188
			911	1189
			910	1190
			909	1191
			909	1192
			908	1193
			907	1193
			907	1194
			906	1194
			905	1195
			904	1195
			903	1195
		</curveLM09>
		<curveLM10 type=matrix rownames=FALSE colnames=FALSE nrow=115 ncol=2 as.numeric=TRUE >
			903	1195
			902	1195
			901	1195
			900	1194
			899	1194
			898	1193
			897	1192
			896	1191
			896	1190
			895	1189
			894	1188
			894	1187
			893	1186
			893	1185
			892	1184
			892	1183
			891	1182
			890	1181
			890	1180
			890	1179
			889	1178
			889	1177
			889	1176
			888	1176
			888	1175
			887	1174
			887	1173
			887	1172
			886	1171
			886	1170
			885	1169
			885	1168
			885	1167
			884	1166
			884	1165
			884	1164
			883	1163
			883	1162
			883	1161
			882	1160
			882	1159
			882	1158
			881	1157
			881	1156
			881	1155
			880	1154
			880	1153
			880	1152
			879	1151
			879	1150
			879	1149
			879	1148
			879	1147
			879	1146
			879	1145
			878	1144
			878	1143
			878	1142
			878	1141
			878	1140
			878	1139
			878	1138
			878	1137
			877	1136
			877	1135
			877	1134
			877	1133
			877	1132
			877	1131
			877	1130
			876	1129
			876	1128
			876	1127
			876	1126
			875	1125
			875	1124
			875	1123
			875	1122
			875	1121
			874	1120
			874	1119
			874	1118
			874	1117
			873	1116
			873	1115
			873	1114
			873	1113
			873	1112
			872	1112
			872	1111
			872	1110
			872	1109
			871	1108
			871	1107
			871	1106
			870	1105
			870	1104
			870	1103
			869	1102
			869	1101
			868	1100
			868	1099
			868	1098
			867	1097
			867	1096
			866	1095
			866	1094
			865	1093
			865	1092
			865	1091
			864	1090
			864	1089
			863	1088
			862	1087
			862	1086
		</curveLM10>
		<curveLM11 type=matrix rownames=FALSE colnames=FALSE nrow=84 ncol=2 as.numeric=TRUE >
			862	1086
			861	1086
			860	1086
			859	1087
			858	1087
			857	1087
			856	1087
			855	1088
			854	1088
			853	1089
			852	1089
			851	1090
			850	1090
			849	1091
			848	1091
			847	1091
			847	1092
			846	1092
			845	1092
			844	1093
			843	1093
			842	1094
			841	1094
			840	1095
			839	1095
			838	1096
			837	1097
			836	1097
			835	1098
			834	1098
			833	1099
			832	1100
			831	1100
			830	1101
			829	1101
			828	1102
			827	1102
			827	1103
			826	1103
			825	1104
			824	1104
			823	1105
			822	1106
			821	1106
			820	1107
			819	1107
			819	1108
			818	1108
			817	1109
			816	1110
			815	1110
			814	1111
			813	1112
			812	1112
			811	1113
			810	1114
			809	1114
			808	1115
			807	1116
			806	1116
			805	1117
			804	1118
			803	1118
			802	1119
			801	1120
			800	1120
			799	1121
			798	1122
			797	1122
			796	1123
			795	1123
			794	1124
			794	1125
			793	1125
			792	1126
			791	1126
			790	1127
			789	1128
			788	1129
			787	1129
			786	1130
			785	1131
			784	1132
			783	1132
		</curveLM11>
		<curveLM12 type=matrix rownames=FALSE colnames=FALSE nrow=422 ncol=2 as.numeric=TRUE >
			783	1132
			783	1131
			783	1130
			782	1129
			782	1128
			782	1127
			781	1126
			781	1125
			781	1124
			781	1123
			781	1122
			781	1121
			781	1120
			781	1119
			780	1118
			780	1117
			780	1116
			780	1115
			780	1114
			780	1113
			780	1112
			781	1111
			781	1110
			781	1109
			781	1108
			781	1107
			781	1106
			781	1105
			781	1104
			781	1103
			782	1102
			782	1101
			782	1100
			782	1099
			782	1098
			783	1097
			783	1096
			783	1095
			783	1094
			783	1093
			784	1092
			784	1091
			785	1090
			785	1089
			785	1088
			785	1087
			786	1086
			786	1085
			786	1084
			786	1083
			787	1082
			787	1081
			788	1080
			788	1079
			788	1078
			788	1077
			789	1077
			789	1076
			789	1075
			789	1074
			790	1073
			790	1072
			790	1071
			790	1070
			791	1070
			791	1069
			791	1068
			791	1067
			792	1067
			792	1066
			792	1065
			792	1064
			793	1064
			793	1063
			793	1062
			793	1061
			793	1060
			794	1060
			794	1059
			794	1058
			794	1057
			795	1057
			795	1056
			795	1055
			795	1054
			796	1054
			796	1053
			796	1052
			796	1051
			797	1051
			797	1050
			797	1049
			797	1048
			798	1047
			798	1046
			798	1045
			799	1044
			799	1043
			799	1042
			799	1041
			800	1041
			800	1040
			800	1039
			800	1038
			801	1037
			801	1036
			801	1035
			802	1034
			802	1033
			802	1032
			803	1031
			803	1030
			803	1029
			803	1028
			804	1027
			804	1026
			804	1025
			805	1024
			805	1023
			805	1022
			806	1021
			806	1020
			806	1019
			806	1018
			807	1017
			807	1016
			807	1015
			808	1015
			808	1014
			808	1013
			808	1012
			809	1011
			809	1010
			809	1009
			810	1008
			810	1007
			810	1006
			810	1005
			811	1005
			811	1004
			811	1003
			811	1002
			812	1001
			812	1000
			812	999
			813	998
			813	997
			813	996
			814	995
			814	994
			814	993
			815	992
			815	991
			815	990
			815	989
			816	988
			816	987
			816	986
			817	985
			817	984
			817	983
			817	982
			818	981
			818	980
			818	979
			819	979
			819	978
			819	977
			819	976
			820	975
			820	974
			820	973
			821	972
			821	971
			821	970
			821	969
			822	969
			822	968
			822	967
			822	966
			823	965
			823	964
			823	963
			824	962
			824	961
			824	960
			825	959
			825	958
			825	957
			826	956
			826	955
			826	954
			826	953
			827	952
			827	951
			827	950
			827	949
			828	949
			828	948
			828	947
			828	946
			829	946
			829	945
			829	944
			829	943
			830	943
			830	942
			830	941
			830	940
			831	939
			831	938
			831	937
			832	936
			832	935
			832	934
			832	933
			833	932
			833	931
			833	930
			834	929
			834	928
			834	927
			835	926
			835	925
			835	924
			835	923
			836	922
			836	921
			836	920
			837	919
			837	918
			837	917
			838	916
			838	915
			838	914
			839	913
			839	912
			839	911
			839	910
			840	910
			840	909
			840	908
			840	907
			841	906
			841	905
			841	904
			841	903
			842	903
			842	902
			842	901
			842	900
			843	899
			843	898
			843	897
			844	896
			844	895
			844	894
			844	893
			845	892
			845	891
			846	890
			846	889
			846	888
			846	887
			847	887
			847	886
			847	885
			847	884
			848	883
			848	882
			848	881
			848	880
			849	879
			849	878
			849	877
			850	876
			850	875
			850	874
			851	873
			851	872
			851	871
			851	870
			852	870
			852	869
			852	868
			852	867
			853	866
			853	865
			853	864
			854	863
			854	862
			854	861
			854	860
			855	859
			855	858
			855	857
			856	856
			856	855
			856	854
			857	853
			857	852
			857	851
			857	850
			858	849
			858	848
			858	847
			859	846
			859	845
			859	844
			860	843
			860	842
			860	841
			860	840
			861	839
			861	838
			861	837
			862	836
			862	835
			862	834
			863	833
			863	832
			863	831
			863	830
			864	830
			864	829
			864	828
			864	827
			865	826
			865	825
			865	824
			866	823
			866	822
			866	821
			866	820
			867	819
			867	818
			867	817
			867	816
			868	816
			868	815
			868	814
			869	813
			869	812
			869	811
			869	810
			870	809
			870	808
			870	807
			871	806
			871	805
			872	804
			872	803
			872	802
			873	801
			873	800
			874	799
			874	798
			874	797
			875	796
			875	795
			875	794
			876	793
			876	792
			876	791
			877	790
			877	789
			877	788
			878	787
			878	786
			879	785
			879	784
			880	783
			880	782
			880	781
			881	780
			881	779
			882	778
			882	777
			882	776
			883	775
			883	774
			884	773
			884	772
			884	771
			885	770
			885	769
			885	768
			886	767
			886	766
			887	765
			887	764
			888	763
			888	762
			888	761
			889	760
			889	759
			890	758
			890	757
			890	756
			891	755
			891	754
			892	753
			892	752
			893	751
			893	750
			893	749
			894	748
			894	747
			895	746
			895	745
			896	744
			896	743
			897	742
			897	741
			897	740
			898	739
			898	738
			899	738
			899	737
			899	736
			900	736
			900	735
		</curveLM12>
	</curves.pixel>
	<curves.scaled type=list>
		<curveLM07 type=matrix rownames=FALSE colnames=FALSE nrow=421 ncol=2 as.numeric=TRUE >
			7.6922961066085	-6.28204182039694
			7.70084310228251	-6.29058881607095
			7.70939009795652	-6.29058881607095
			7.70939009795652	-6.29913581174496
			7.71793709363053	-6.30768280741897
			7.72648408930454	-6.31622980309298
			7.72648408930454	-6.32477679876699
			7.73503108497855	-6.333323794441
			7.73503108497855	-6.34187079011501
			7.74357808065255	-6.35041778578902
			7.75212507632656	-6.35896478146303
			7.75212507632656	-6.36751177713703
			7.75212507632656	-6.37605877281104
			7.76067207200057	-6.38460576848505
			7.76067207200057	-6.39315276415906
			7.76921906767458	-6.40169975983307
			7.76921906767458	-6.41024675550708
			7.77776606334859	-6.41879375118109
			7.77776606334859	-6.4273407468551
			7.7863130590226	-6.43588774252911
			7.7863130590226	-6.44443473820312
			7.79486005469661	-6.45298173387713
			7.79486005469661	-6.46152872955114
			7.79486005469661	-6.47007572522515
			7.80340705037062	-6.47862272089916
			7.80340705037062	-6.48716971657317
			7.81195404604463	-6.49571671224718
			7.81195404604463	-6.50426370792119
			7.81195404604463	-6.51281070359519
			7.82050104171864	-6.5213576992692
			7.82050104171864	-6.52990469494321
			7.82904803739265	-6.53845169061722
			7.82904803739265	-6.54699868629123
			7.82904803739265	-6.55554568196524
			7.83759503306666	-6.56409267763925
			7.83759503306666	-6.57263967331326
			7.84614202874067	-6.58118666898727
			7.84614202874067	-6.58973366466128
			7.84614202874067	-6.59828066033529
			7.84614202874067	-6.6068276560093
			7.85468902441468	-6.6068276560093
			7.85468902441468	-6.61537465168331
			7.85468902441468	-6.62392164735732
			7.86323602008869	-6.63246864303133
			7.86323602008869	-6.64101563870534
			7.86323602008869	-6.64956263437935
			7.8717830157627	-6.65810963005335
			7.8717830157627	-6.66665662572736
			7.8717830157627	-6.67520362140137
			7.88033001143671	-6.67520362140137
			7.88033001143671	-6.68375061707538
			7.88033001143671	-6.69229761274939
			7.88887700711071	-6.7008446084234
			7.88887700711071	-6.70939160409741
			7.88887700711071	-6.71793859977142
			7.89742400278472	-6.72648559544543
			7.89742400278472	-6.73503259111944
			7.89742400278472	-6.74357958679345
			7.90597099845873	-6.75212658246746
			7.90597099845873	-6.76067357814147
			7.90597099845873	-6.76922057381548
			7.91451799413274	-6.77776756948949
			7.91451799413274	-6.7863145651635
			7.92306498980675	-6.79486156083751
			7.92306498980675	-6.80340855651152
			7.92306498980675	-6.81195555218553
			7.92306498980675	-6.82050254785953
			7.93161198548076	-6.82904954353354
			7.93161198548076	-6.83759653920755
			7.94015898115477	-6.84614353488156
			7.94015898115477	-6.85469053055557
			7.94015898115477	-6.86323752622958
			7.94015898115477	-6.87178452190359
			7.94870597682878	-6.8803315175776
			7.94870597682878	-6.88887851325161
			7.95725297250279	-6.89742550892562
			7.95725297250279	-6.90597250459963
			7.95725297250279	-6.91451950027364
			7.9657999681768	-6.92306649594765
			7.9657999681768	-6.93161349162166
			7.9657999681768	-6.94016048729567
			7.97434696385081	-6.94870748296968
			7.97434696385081	-6.95725447864369
			7.97434696385081	-6.9658014743177
			7.97434696385081	-6.9743484699917
			7.98289395952482	-6.98289546566571
			7.98289395952482	-6.99144246133972
			7.98289395952482	-6.99998945701373
			7.99144095519883	-7.00853645268774
			7.99144095519883	-7.01708344836175
			7.99144095519883	-7.02563044403576
			7.99998795087284	-7.03417743970977
			7.99998795087284	-7.04272443538378
			7.99998795087284	-7.05127143105779
			8.00853494654685	-7.0598184267318
			8.00853494654685	-7.06836542240581
			8.00853494654685	-7.07691241807982
			8.01708194222086	-7.08545941375383
			8.01708194222086	-7.09400640942784
			8.01708194222086	-7.10255340510185
			8.02562893789487	-7.11110040077586
			8.02562893789487	-7.11964739644987
			8.02562893789487	-7.12819439212387
			8.02562893789487	-7.13674138779788
			8.03417593356887	-7.14528838347189
			8.03417593356887	-7.1538353791459
			8.03417593356887	-7.16238237481991
			8.04272292924288	-7.17092937049392
			8.04272292924288	-7.17947636616793
			8.04272292924288	-7.18802336184194
			8.05126992491689	-7.19657035751595
			8.05126992491689	-7.20511735318996
			8.05126992491689	-7.21366434886397
			8.0598169205909	-7.22221134453798
			8.0598169205909	-7.23075834021199
			8.0598169205909	-7.239305335886
			8.0598169205909	-7.24785233156001
			8.06836391626491	-7.24785233156001
			8.06836391626491	-7.25639932723402
			8.06836391626491	-7.26494632290803
			8.06836391626491	-7.27349331858203
			8.07691091193892	-7.28204031425604
			8.07691091193892	-7.29058730993005
			8.07691091193892	-7.29913430560406
			8.08545790761293	-7.30768130127807
			8.08545790761293	-7.31622829695208
			8.08545790761293	-7.32477529262609
			8.09400490328694	-7.3333222883001
			8.09400490328694	-7.34186928397411
			8.09400490328694	-7.35041627964812
			8.10255189896095	-7.35896327532213
			8.10255189896095	-7.36751027099614
			8.10255189896095	-7.37605726667015
			8.10255189896095	-7.38460426234416
			8.11109889463496	-7.39315125801817
			8.11109889463496	-7.40169825369218
			8.11109889463496	-7.41024524936619
			8.11964589030897	-7.4187922450402
			8.11964589030897	-7.4273392407142
			8.11964589030897	-7.43588623638821
			8.12819288598298	-7.44443323206222
			8.12819288598298	-7.45298022773623
			8.12819288598298	-7.46152722341024
			8.12819288598298	-7.47007421908425
			8.13673988165699	-7.47862121475826
			8.13673988165699	-7.48716821043227
			8.13673988165699	-7.49571520610628
			8.145286877331	-7.50426220178029
			8.145286877331	-7.5128091974543
			8.145286877331	-7.52135619312831
			8.15383387300501	-7.52990318880232
			8.15383387300501	-7.53845018447633
			8.15383387300501	-7.54699718015034
			8.15383387300501	-7.55554417582435
			8.16238086867902	-7.56409117149836
			8.16238086867902	-7.57263816717237
			8.16238086867902	-7.58118516284638
			8.17092786435303	-7.58973215852038
			8.17092786435303	-7.59827915419439
			8.17092786435303	-7.6068261498684
			8.17947486002704	-7.61537314554241
			8.17947486002704	-7.62392014121642
			8.17947486002704	-7.63246713689043
			8.17947486002704	-7.64101413256444
			8.18802185570105	-7.64956112823845
			8.18802185570105	-7.65810812391246
			8.18802185570105	-7.66665511958647
			8.19656885137505	-7.67520211526048
			8.19656885137505	-7.68374911093449
			8.19656885137505	-7.6922961066085
			8.19656885137505	-7.70084310228251
			8.20511584704906	-7.70939009795652
			8.20511584704906	-7.71793709363053
			8.20511584704906	-7.72648408930454
			8.21366284272307	-7.73503108497855
			8.21366284272307	-7.74357808065255
			8.21366284272307	-7.75212507632656
			8.21366284272307	-7.76067207200057
			8.22220983839708	-7.76921906767458
			8.22220983839708	-7.77776606334859
			8.22220983839708	-7.7863130590226
			8.23075683407109	-7.79486005469661
			8.23075683407109	-7.80340705037062
			8.23075683407109	-7.81195404604463
			8.2393038297451	-7.82050104171864
			8.2393038297451	-7.82904803739265
			8.2393038297451	-7.83759503306666
			8.2393038297451	-7.84614202874067
			8.24785082541911	-7.84614202874067
			8.24785082541911	-7.85468902441468
			8.24785082541911	-7.86323602008869
			8.24785082541911	-7.8717830157627
			8.24785082541911	-7.88033001143671
			8.25639782109312	-7.88033001143671
			8.25639782109312	-7.88887700711071
			8.25639782109312	-7.89742400278472
			8.25639782109312	-7.90597099845873
			8.26494481676713	-7.90597099845873
			8.26494481676713	-7.91451799413274
			8.26494481676713	-7.92306498980675
			8.26494481676713	-7.93161198548076
			8.27349181244114	-7.94015898115477
			8.27349181244114	-7.94870597682878
			8.27349181244114	-7.95725297250279
			8.28203880811515	-7.9657999681768
			8.28203880811515	-7.97434696385081
			8.28203880811515	-7.98289395952482
			8.28203880811515	-7.99144095519883
			8.29058580378916	-7.99998795087284
			8.29058580378916	-8.00853494654685
			8.29058580378916	-8.01708194222086
			8.29913279946317	-8.02562893789487
			8.29913279946317	-8.03417593356887
			8.29913279946317	-8.04272292924288
			8.30767979513718	-8.05126992491689
			8.30767979513718	-8.0598169205909
			8.30767979513718	-8.06836391626491
			8.30767979513718	-8.07691091193892
			8.31622679081119	-8.08545790761293
			8.31622679081119	-8.09400490328694
			8.31622679081119	-8.10255189896095
			8.31622679081119	-8.11109889463496
			8.3247737864852	-8.11964589030897
			8.3247737864852	-8.12819288598298
			8.3247737864852	-8.13673988165699
			8.33332078215921	-8.145286877331
			8.33332078215921	-8.15383387300501
			8.33332078215921	-8.16238086867902
			8.34186777783322	-8.17092786435303
			8.34186777783322	-8.17947486002704
			8.34186777783322	-8.18802185570105
			8.34186777783322	-8.19656885137505
			8.35041477350723	-8.20511584704906
			8.35041477350723	-8.21366284272307
			8.35041477350723	-8.22220983839708
			8.35041477350723	-8.23075683407109
			8.35896176918124	-8.2393038297451
			8.35896176918124	-8.24785082541911
			8.35896176918124	-8.25639782109312
			8.36750876485524	-8.26494481676713
			8.36750876485524	-8.27349181244114
			8.36750876485524	-8.28203880811515
			8.37605576052925	-8.29058580378916
			8.37605576052925	-8.29913279946317
			8.37605576052925	-8.30767979513718
			8.37605576052925	-8.31622679081119
			8.38460275620326	-8.31622679081119
			8.38460275620326	-8.3247737864852
			8.38460275620326	-8.33332078215921
			8.38460275620326	-8.34186777783322
			8.39314975187727	-8.35041477350723
			8.39314975187727	-8.35896176918124
			8.39314975187727	-8.36750876485524
			8.39314975187727	-8.37605576052925
			8.40169674755128	-8.38460275620326
			8.40169674755128	-8.39314975187727
			8.40169674755128	-8.40169674755128
			8.41024374322529	-8.40169674755128
			8.41024374322529	-8.41024374322529
			8.41024374322529	-8.4187907388993
			8.41024374322529	-8.42733773457331
			8.4187907388993	-8.43588473024732
			8.4187907388993	-8.44443172592133
			8.4187907388993	-8.45297872159534
			8.4187907388993	-8.46152571726935
			8.42733773457331	-8.47007271294336
			8.42733773457331	-8.47861970861737
			8.42733773457331	-8.48716670429138
			8.43588473024732	-8.49571369996539
			8.43588473024732	-8.5042606956394
			8.43588473024732	-8.5128076913134
			8.43588473024732	-8.52135468698741
			8.44443172592133	-8.52990168266142
			8.44443172592133	-8.53844867833543
			8.44443172592133	-8.54699567400944
			8.45297872159534	-8.55554266968345
			8.45297872159534	-8.56408966535746
			8.45297872159534	-8.57263666103147
			8.46152571726935	-8.58118365670548
			8.46152571726935	-8.58973065237949
			8.46152571726935	-8.5982776480535
			8.46152571726935	-8.60682464372751
			8.47007271294336	-8.61537163940152
			8.47007271294336	-8.62391863507553
			8.47007271294336	-8.63246563074954
			8.47861970861737	-8.64101262642355
			8.47861970861737	-8.64955962209756
			8.47861970861737	-8.65810661777157
			8.47861970861737	-8.66665361344557
			8.48716670429138	-8.67520060911958
			8.48716670429138	-8.68374760479359
			8.48716670429138	-8.6922946004676
			8.49571369996539	-8.70084159614161
			8.49571369996539	-8.70938859181562
			8.49571369996539	-8.71793558748963
			8.5042606956394	-8.72648258316364
			8.5042606956394	-8.73502957883765
			8.5042606956394	-8.74357657451166
			8.5042606956394	-8.75212357018567
			8.5128076913134	-8.76067056585968
			8.5128076913134	-8.76921756153369
			8.5128076913134	-8.7777645572077
			8.52135468698741	-8.78631155288171
			8.52135468698741	-8.79485854855572
			8.52135468698741	-8.80340554422973
			8.52135468698741	-8.81195253990373
			8.52990168266142	-8.82049953557774
			8.52990168266142	-8.82904653125175
			8.52990168266142	-8.83759352692576
			8.52990168266142	-8.84614052259977
			8.53844867833543	-8.84614052259977
			8.53844867833543	-8.85468751827378
			8.53844867833543	-8.86323451394779
			8.53844867833543	-8.8717815096218
			8.54699567400944	-8.8717815096218
			8.54699567400944	-8.88032850529581
			8.54699567400944	-8.88887550096982
			8.54699567400944	-8.89742249664383
			8.55554266968345	-8.89742249664383
			8.55554266968345	-8.90596949231784
			8.55554266968345	-8.91451648799185
			8.55554266968345	-8.92306348366586
			8.55554266968345	-8.93161047933987
			8.56408966535746	-8.93161047933987
			8.56408966535746	-8.94015747501388
			8.56408966535746	-8.94870447068789
			8.56408966535746	-8.95725146636189
			8.57263666103147	-8.9657984620359
			8.57263666103147	-8.97434545770991
			8.57263666103147	-8.98289245338392
			8.57263666103147	-8.99143944905793
			8.58118365670548	-8.99998644473194
			8.58118365670548	-9.00853344040595
			8.58973065237949	-9.01708043607996
			8.58973065237949	-9.02562743175397
			8.58973065237949	-9.03417442742798
			8.58973065237949	-9.04272142310199
			8.5982776480535	-9.051268418776
			8.5982776480535	-9.05981541445001
			8.5982776480535	-9.06836241012402
			8.5982776480535	-9.07690940579803
			8.60682464372751	-9.08545640147204
			8.60682464372751	-9.09400339714605
			8.60682464372751	-9.10255039282006
			8.61537163940152	-9.11109738849406
			8.61537163940152	-9.11964438416807
			8.61537163940152	-9.12819137984208
			8.61537163940152	-9.13673837551609
			8.62391863507553	-9.13673837551609
			8.62391863507553	-9.1452853711901
			8.62391863507553	-9.15383236686411
			8.62391863507553	-9.16237936253812
			8.63246563074954	-9.17092635821213
			8.63246563074954	-9.17947335388614
			8.63246563074954	-9.18802034956015
			8.64101262642355	-9.19656734523416
			8.64101262642355	-9.20511434090817
			8.64101262642355	-9.21366133658218
			8.64955962209756	-9.22220833225619
			8.64955962209756	-9.2307553279302
			8.64955962209756	-9.23930232360421
			8.64955962209756	-9.24784931927822
			8.65810661777157	-9.24784931927822
			8.65810661777157	-9.25639631495222
			8.65810661777157	-9.26494331062623
			8.65810661777157	-9.27349030630024
			8.66665361344557	-9.28203730197425
			8.66665361344557	-9.29058429764826
			8.66665361344557	-9.29913129332227
			8.67520060911958	-9.30767828899628
			8.67520060911958	-9.31622528467029
			8.67520060911958	-9.3247722803443
			8.67520060911958	-9.33331927601831
			8.68374760479359	-9.34186627169232
			8.68374760479359	-9.35041326736633
			8.68374760479359	-9.35896026304034
			8.68374760479359	-9.36750725871435
			8.6922946004676	-9.36750725871435
			8.6922946004676	-9.37605425438836
			8.6922946004676	-9.38460125006237
			8.6922946004676	-9.39314824573638
			8.70084159614161	-9.40169524141039
			8.70084159614161	-9.4102422370844
			8.70084159614161	-9.4187892327584
			8.70084159614161	-9.42733622843241
			8.70938859181562	-9.43588322410642
			8.70938859181562	-9.44443021978043
			8.70938859181562	-9.45297721545444
			8.70938859181562	-9.46152421112845
			8.71793558748963	-9.47007120680246
			8.71793558748963	-9.47861820247647
			8.71793558748963	-9.48716519815048
			8.71793558748963	-9.49571219382449
			8.71793558748963	-9.5042591894985
			8.71793558748963	-9.51280618517251
			8.72648258316364	-9.51280618517251
			8.72648258316364	-9.52135318084652
			8.72648258316364	-9.52990017652053
			8.72648258316364	-9.53844717219454
			8.72648258316364	-9.54699416786855
			8.72648258316364	-9.55554116354256
			8.72648258316364	-9.56408815921657
			8.72648258316364	-9.57263515489058
			8.72648258316364	-9.58118215056458
			8.72648258316364	-9.58972914623859
			8.72648258316364	-9.5982761419126
			8.72648258316364	-9.60682313758661
			8.72648258316364	-9.61537013326062
			8.72648258316364	-9.62391712893463
			8.72648258316364	-9.63246412460864
			8.72648258316364	-9.64101112028265
			8.72648258316364	-9.64955811595666
			8.72648258316364	-9.65810511163067
			8.72648258316364	-9.66665210730468
			8.72648258316364	-9.67519910297869
			8.71793558748963	-9.6837460986527
			8.71793558748963	-9.69229309432671
			8.71793558748963	-9.70084009000072
			8.71793558748963	-9.70938708567473
			8.70938859181562	-9.71793408134874
			8.70938859181562	-9.72648107702275
		</curveLM07>
		<curveLM08 type=matrix rownames=FALSE colnames=FALSE nrow=82 ncol=2 as.numeric=TRUE >
			8.70938859181562	-9.72648107702275
			8.70938859181562	-9.73502807269676
			8.70084159614161	-9.74357506837076
			8.6922946004676	-9.75212206404477
			8.68374760479359	-9.75212206404477
			8.67520060911958	-9.75212206404477
			8.66665361344557	-9.75212206404477
			8.65810661777157	-9.75212206404477
			8.64955962209756	-9.75212206404477
			8.64101262642355	-9.74357506837076
			8.63246563074954	-9.74357506837076
			8.62391863507553	-9.74357506837076
			8.61537163940152	-9.73502807269676
			8.60682464372751	-9.72648107702275
			8.5982776480535	-9.72648107702275
			8.58973065237949	-9.71793408134874
			8.58118365670548	-9.70938708567473
			8.57263666103147	-9.70084009000072
			8.56408966535746	-9.70084009000072
			8.55554266968345	-9.69229309432671
			8.54699567400944	-9.69229309432671
			8.53844867833543	-9.6837460986527
			8.53844867833543	-9.67519910297869
			8.52990168266142	-9.67519910297869
			8.52135468698741	-9.66665210730468
			8.5128076913134	-9.65810511163067
			8.5042606956394	-9.64955811595666
			8.49571369996539	-9.64101112028265
			8.48716670429138	-9.63246412460864
			8.47861970861737	-9.62391712893463
			8.47007271294336	-9.61537013326062
			8.46152571726935	-9.60682313758661
			8.45297872159534	-9.5982761419126
			8.44443172592133	-9.58972914623859
			8.43588473024732	-9.58972914623859
			8.42733773457331	-9.58118215056458
			8.4187907388993	-9.57263515489058
			8.41024374322529	-9.56408815921657
			8.40169674755128	-9.55554116354256
			8.39314975187727	-9.54699416786855
			8.39314975187727	-9.53844717219454
			8.38460275620326	-9.52990017652053
			8.37605576052925	-9.52135318084652
			8.36750876485524	-9.51280618517251
			8.35896176918124	-9.5042591894985
			8.35041477350723	-9.49571219382449
			8.34186777783322	-9.48716519815048
			8.33332078215921	-9.47861820247647
			8.3247737864852	-9.47007120680246
			8.31622679081119	-9.46152421112845
			8.30767979513718	-9.45297721545444
			8.29913279946317	-9.44443021978043
			8.29058580378916	-9.43588322410642
			8.28203880811515	-9.42733622843241
			8.27349181244114	-9.42733622843241
			8.26494481676713	-9.4187892327584
			8.26494481676713	-9.4102422370844
			8.25639782109312	-9.40169524141039
			8.24785082541911	-9.40169524141039
			8.2393038297451	-9.39314824573638
			8.23075683407109	-9.38460125006237
			8.22220983839708	-9.38460125006237
			8.21366284272307	-9.37605425438836
			8.20511584704906	-9.36750725871435
			8.19656885137505	-9.35896026304034
			8.18802185570105	-9.35896026304034
			8.17947486002704	-9.35041326736633
			8.17092786435303	-9.35041326736633
			8.16238086867902	-9.34186627169232
			8.15383387300501	-9.34186627169232
			8.145286877331	-9.34186627169232
			8.145286877331	-9.33331927601831
			8.13673988165699	-9.33331927601831
			8.12819288598298	-9.33331927601831
			8.11964589030897	-9.3247722803443
			8.11109889463496	-9.3247722803443
			8.10255189896095	-9.3247722803443
			8.09400490328694	-9.3247722803443
			8.08545790761293	-9.3247722803443
			8.07691091193892	-9.3247722803443
			8.06836391626491	-9.3247722803443
			8.0598169205909	-9.3247722803443
		</curveLM08>
		<curveLM09 type=matrix rownames=FALSE colnames=FALSE nrow=114 ncol=2 as.numeric=TRUE >
			8.0598169205909	-9.3247722803443
			8.05126992491689	-9.33331927601831
			8.04272292924288	-9.33331927601831
			8.03417593356887	-9.34186627169232
			8.03417593356887	-9.35041326736633
			8.02562893789487	-9.35041326736633
			8.01708194222086	-9.35896026304034
			8.00853494654685	-9.36750725871435
			8.00853494654685	-9.37605425438836
			7.99998795087284	-9.38460125006237
			7.99144095519883	-9.39314824573638
			7.99144095519883	-9.40169524141039
			7.98289395952482	-9.4102422370844
			7.98289395952482	-9.4187892327584
			7.98289395952482	-9.42733622843241
			7.97434696385081	-9.42733622843241
			7.97434696385081	-9.43588322410642
			7.97434696385081	-9.44443021978043
			7.9657999681768	-9.45297721545444
			7.9657999681768	-9.46152421112845
			7.9657999681768	-9.47007120680246
			7.95725297250279	-9.47861820247647
			7.95725297250279	-9.48716519815048
			7.95725297250279	-9.49571219382449
			7.94870597682878	-9.5042591894985
			7.94870597682878	-9.51280618517251
			7.94870597682878	-9.52135318084652
			7.94870597682878	-9.52990017652053
			7.94870597682878	-9.53844717219454
			7.94015898115477	-9.53844717219454
			7.94015898115477	-9.54699416786855
			7.94015898115477	-9.55554116354256
			7.94015898115477	-9.56408815921657
			7.94015898115477	-9.57263515489058
			7.94015898115477	-9.58118215056458
			7.94015898115477	-9.58972914623859
			7.93161198548076	-9.5982761419126
			7.93161198548076	-9.60682313758661
			7.93161198548076	-9.61537013326062
			7.93161198548076	-9.62391712893463
			7.93161198548076	-9.63246412460864
			7.93161198548076	-9.64101112028265
			7.93161198548076	-9.64955811595666
			7.92306498980675	-9.65810511163067
			7.92306498980675	-9.66665210730468
			7.92306498980675	-9.67519910297869
			7.92306498980675	-9.6837460986527
			7.92306498980675	-9.69229309432671
			7.92306498980675	-9.70084009000072
			7.92306498980675	-9.70938708567473
			7.92306498980675	-9.71793408134874
			7.91451799413274	-9.72648107702275
			7.91451799413274	-9.73502807269676
			7.91451799413274	-9.74357506837076
			7.91451799413274	-9.75212206404477
			7.90597099845873	-9.76066905971878
			7.90597099845873	-9.76921605539279
			7.90597099845873	-9.7777630510668
			7.90597099845873	-9.78631004674081
			7.90597099845873	-9.79485704241482
			7.89742400278472	-9.80340403808883
			7.89742400278472	-9.81195103376284
			7.89742400278472	-9.82049802943685
			7.89742400278472	-9.82904502511086
			7.88887700711071	-9.83759202078487
			7.88887700711071	-9.84613901645888
			7.88887700711071	-9.85468601213289
			7.88887700711071	-9.8632330078069
			7.88033001143671	-9.87178000348091
			7.88033001143671	-9.88032699915492
			7.88033001143671	-9.88887399482892
			7.88033001143671	-9.89742099050293
			7.8717830157627	-9.90596798617694
			7.8717830157627	-9.91451498185095
			7.8717830157627	-9.92306197752496
			7.8717830157627	-9.93160897319897
			7.86323602008869	-9.94015596887298
			7.86323602008869	-9.94870296454699
			7.86323602008869	-9.957249960221
			7.85468902441468	-9.96579695589501
			7.85468902441468	-9.97434395156902
			7.85468902441468	-9.98289094724303
			7.85468902441468	-9.99143794291704
			7.84614202874067	-9.99998493859105
			7.84614202874067	-10.0085319342651
			7.84614202874067	-10.0170789299391
			7.83759503306666	-10.0256259256131
			7.83759503306666	-10.0341729212871
			7.83759503306666	-10.0427199169611
			7.82904803739265	-10.0512669126351
			7.82904803739265	-10.0598139083091
			7.82904803739265	-10.0683609039831
			7.82050104171864	-10.0769078996571
			7.82050104171864	-10.0854548953311
			7.82050104171864	-10.0940018910052
			7.81195404604463	-10.0940018910052
			7.81195404604463	-10.1025488866792
			7.81195404604463	-10.1110958823532
			7.80340705037062	-10.1196428780272
			7.80340705037062	-10.1281898737012
			7.79486005469661	-10.1367368693752
			7.79486005469661	-10.1452838650492
			7.7863130590226	-10.1538308607232
			7.7863130590226	-10.1623778563972
			7.77776606334859	-10.1709248520712
			7.76921906767458	-10.1794718477452
			7.76921906767458	-10.1880188434193
			7.76067207200057	-10.1965658390933
			7.75212507632656	-10.1965658390933
			7.75212507632656	-10.2051128347673
			7.74357808065255	-10.2051128347673
			7.73503108497855	-10.2136598304413
			7.72648408930454	-10.2136598304413
			7.71793709363053	-10.2136598304413
		</curveLM09>
		<curveLM10 type=matrix rownames=FALSE colnames=FALSE nrow=115 ncol=2 as.numeric=TRUE >
			7.71793709363053	-10.2136598304413
			7.70939009795652	-10.2136598304413
			7.70084310228251	-10.2136598304413
			7.6922961066085	-10.2051128347673
			7.68374911093449	-10.2051128347673
			7.67520211526048	-10.1965658390933
			7.66665511958647	-10.1880188434193
			7.65810812391246	-10.1794718477452
			7.65810812391246	-10.1709248520712
			7.64956112823845	-10.1623778563972
			7.64101413256444	-10.1538308607232
			7.64101413256444	-10.1452838650492
			7.63246713689043	-10.1367368693752
			7.63246713689043	-10.1281898737012
			7.62392014121642	-10.1196428780272
			7.62392014121642	-10.1110958823532
			7.61537314554241	-10.1025488866792
			7.6068261498684	-10.0940018910052
			7.6068261498684	-10.0854548953311
			7.6068261498684	-10.0769078996571
			7.59827915419439	-10.0683609039831
			7.59827915419439	-10.0598139083091
			7.59827915419439	-10.0512669126351
			7.58973215852038	-10.0512669126351
			7.58973215852038	-10.0427199169611
			7.58118516284638	-10.0341729212871
			7.58118516284638	-10.0256259256131
			7.58118516284638	-10.0170789299391
			7.57263816717237	-10.0085319342651
			7.57263816717237	-9.99998493859105
			7.56409117149836	-9.99143794291704
			7.56409117149836	-9.98289094724303
			7.56409117149836	-9.97434395156902
			7.55554417582435	-9.96579695589501
			7.55554417582435	-9.957249960221
			7.55554417582435	-9.94870296454699
			7.54699718015034	-9.94015596887298
			7.54699718015034	-9.93160897319897
			7.54699718015034	-9.92306197752496
			7.53845018447633	-9.91451498185095
			7.53845018447633	-9.90596798617694
			7.53845018447633	-9.89742099050293
			7.52990318880232	-9.88887399482892
			7.52990318880232	-9.88032699915492
			7.52990318880232	-9.87178000348091
			7.52135619312831	-9.8632330078069
			7.52135619312831	-9.85468601213289
			7.52135619312831	-9.84613901645888
			7.5128091974543	-9.83759202078487
			7.5128091974543	-9.82904502511086
			7.5128091974543	-9.82049802943685
			7.5128091974543	-9.81195103376284
			7.5128091974543	-9.80340403808883
			7.5128091974543	-9.79485704241482
			7.5128091974543	-9.78631004674081
			7.50426220178029	-9.7777630510668
			7.50426220178029	-9.76921605539279
			7.50426220178029	-9.76066905971878
			7.50426220178029	-9.75212206404477
			7.50426220178029	-9.74357506837076
			7.50426220178029	-9.73502807269676
			7.50426220178029	-9.72648107702275
			7.50426220178029	-9.71793408134874
			7.49571520610628	-9.70938708567473
			7.49571520610628	-9.70084009000072
			7.49571520610628	-9.69229309432671
			7.49571520610628	-9.6837460986527
			7.49571520610628	-9.67519910297869
			7.49571520610628	-9.66665210730468
			7.49571520610628	-9.65810511163067
			7.48716821043227	-9.64955811595666
			7.48716821043227	-9.64101112028265
			7.48716821043227	-9.63246412460864
			7.48716821043227	-9.62391712893463
			7.47862121475826	-9.61537013326062
			7.47862121475826	-9.60682313758661
			7.47862121475826	-9.5982761419126
			7.47862121475826	-9.58972914623859
			7.47862121475826	-9.58118215056458
			7.47007421908425	-9.57263515489058
			7.47007421908425	-9.56408815921657
			7.47007421908425	-9.55554116354256
			7.47007421908425	-9.54699416786855
			7.46152722341024	-9.53844717219454
			7.46152722341024	-9.52990017652053
			7.46152722341024	-9.52135318084652
			7.46152722341024	-9.51280618517251
			7.46152722341024	-9.5042591894985
			7.45298022773623	-9.5042591894985
			7.45298022773623	-9.49571219382449
			7.45298022773623	-9.48716519815048
			7.45298022773623	-9.47861820247647
			7.44443323206222	-9.47007120680246
			7.44443323206222	-9.46152421112845
			7.44443323206222	-9.45297721545444
			7.43588623638821	-9.44443021978043
			7.43588623638821	-9.43588322410642
			7.43588623638821	-9.42733622843241
			7.4273392407142	-9.4187892327584
			7.4273392407142	-9.4102422370844
			7.4187922450402	-9.40169524141039
			7.4187922450402	-9.39314824573638
			7.4187922450402	-9.38460125006237
			7.41024524936619	-9.37605425438836
			7.41024524936619	-9.36750725871435
			7.40169825369218	-9.35896026304034
			7.40169825369218	-9.35041326736633
			7.39315125801817	-9.34186627169232
			7.39315125801817	-9.33331927601831
			7.39315125801817	-9.3247722803443
			7.38460426234416	-9.31622528467029
			7.38460426234416	-9.30767828899628
			7.37605726667015	-9.29913129332227
			7.36751027099614	-9.29058429764826
			7.36751027099614	-9.28203730197425
		</curveLM10>
		<curveLM11 type=matrix rownames=FALSE colnames=FALSE nrow=84 ncol=2 as.numeric=TRUE >
			7.36751027099614	-9.28203730197425
			7.35896327532213	-9.28203730197425
			7.35041627964812	-9.28203730197425
			7.34186928397411	-9.29058429764826
			7.3333222883001	-9.29058429764826
			7.32477529262609	-9.29058429764826
			7.31622829695208	-9.29058429764826
			7.30768130127807	-9.29913129332227
			7.29913430560406	-9.29913129332227
			7.29058730993005	-9.30767828899628
			7.28204031425604	-9.30767828899628
			7.27349331858203	-9.31622528467029
			7.26494632290803	-9.31622528467029
			7.25639932723402	-9.3247722803443
			7.24785233156001	-9.3247722803443
			7.239305335886	-9.3247722803443
			7.239305335886	-9.33331927601831
			7.23075834021199	-9.33331927601831
			7.22221134453798	-9.33331927601831
			7.21366434886397	-9.34186627169232
			7.20511735318996	-9.34186627169232
			7.19657035751595	-9.35041326736633
			7.18802336184194	-9.35041326736633
			7.17947636616793	-9.35896026304034
			7.17092937049392	-9.35896026304034
			7.16238237481991	-9.36750725871435
			7.1538353791459	-9.37605425438836
			7.14528838347189	-9.37605425438836
			7.13674138779788	-9.38460125006237
			7.12819439212387	-9.38460125006237
			7.11964739644987	-9.39314824573638
			7.11110040077586	-9.40169524141039
			7.10255340510185	-9.40169524141039
			7.09400640942784	-9.4102422370844
			7.08545941375383	-9.4102422370844
			7.07691241807982	-9.4187892327584
			7.06836542240581	-9.4187892327584
			7.06836542240581	-9.42733622843241
			7.0598184267318	-9.42733622843241
			7.05127143105779	-9.43588322410642
			7.04272443538378	-9.43588322410642
			7.03417743970977	-9.44443021978043
			7.02563044403576	-9.45297721545444
			7.01708344836175	-9.45297721545444
			7.00853645268774	-9.46152421112845
			6.99998945701373	-9.46152421112845
			6.99998945701373	-9.47007120680246
			6.99144246133972	-9.47007120680246
			6.98289546566571	-9.47861820247647
			6.9743484699917	-9.48716519815048
			6.9658014743177	-9.48716519815048
			6.95725447864369	-9.49571219382449
			6.94870748296968	-9.5042591894985
			6.94016048729567	-9.5042591894985
			6.93161349162166	-9.51280618517251
			6.92306649594765	-9.52135318084652
			6.91451950027364	-9.52135318084652
			6.90597250459963	-9.52990017652053
			6.89742550892562	-9.53844717219454
			6.88887851325161	-9.53844717219454
			6.8803315175776	-9.54699416786855
			6.87178452190359	-9.55554116354256
			6.86323752622958	-9.55554116354256
			6.85469053055557	-9.56408815921657
			6.84614353488156	-9.57263515489058
			6.83759653920755	-9.57263515489058
			6.82904954353354	-9.58118215056458
			6.82050254785953	-9.58972914623859
			6.81195555218553	-9.58972914623859
			6.80340855651152	-9.5982761419126
			6.79486156083751	-9.5982761419126
			6.7863145651635	-9.60682313758661
			6.7863145651635	-9.61537013326062
			6.77776756948949	-9.61537013326062
			6.76922057381548	-9.62391712893463
			6.76067357814147	-9.62391712893463
			6.75212658246746	-9.63246412460864
			6.74357958679345	-9.64101112028265
			6.73503259111944	-9.64955811595666
			6.72648559544543	-9.64955811595666
			6.71793859977142	-9.65810511163067
			6.70939160409741	-9.66665210730468
			6.7008446084234	-9.67519910297869
			6.69229761274939	-9.67519910297869
		</curveLM11>
		<curveLM12 type=matrix rownames=FALSE colnames=FALSE nrow=422 ncol=2 as.numeric=TRUE >
			6.69229761274939	-9.67519910297869
			6.69229761274939	-9.66665210730468
			6.69229761274939	-9.65810511163067
			6.68375061707538	-9.64955811595666
			6.68375061707538	-9.64101112028265
			6.68375061707538	-9.63246412460864
			6.67520362140137	-9.62391712893463
			6.67520362140137	-9.61537013326062
			6.67520362140137	-9.60682313758661
			6.67520362140137	-9.5982761419126
			6.67520362140137	-9.58972914623859
			6.67520362140137	-9.58118215056458
			6.67520362140137	-9.57263515489058
			6.67520362140137	-9.56408815921657
			6.66665662572736	-9.55554116354256
			6.66665662572736	-9.54699416786855
			6.66665662572736	-9.53844717219454
			6.66665662572736	-9.52990017652053
			6.66665662572736	-9.52135318084652
			6.66665662572736	-9.51280618517251
			6.66665662572736	-9.5042591894985
			6.67520362140137	-9.49571219382449
			6.67520362140137	-9.48716519815048
			6.67520362140137	-9.47861820247647
			6.67520362140137	-9.47007120680246
			6.67520362140137	-9.46152421112845
			6.67520362140137	-9.45297721545444
			6.67520362140137	-9.44443021978043
			6.67520362140137	-9.43588322410642
			6.67520362140137	-9.42733622843241
			6.68375061707538	-9.4187892327584
			6.68375061707538	-9.4102422370844
			6.68375061707538	-9.40169524141039
			6.68375061707538	-9.39314824573638
			6.68375061707538	-9.38460125006237
			6.69229761274939	-9.37605425438836
			6.69229761274939	-9.36750725871435
			6.69229761274939	-9.35896026304034
			6.69229761274939	-9.35041326736633
			6.69229761274939	-9.34186627169232
			6.7008446084234	-9.33331927601831
			6.7008446084234	-9.3247722803443
			6.70939160409741	-9.31622528467029
			6.70939160409741	-9.30767828899628
			6.70939160409741	-9.29913129332227
			6.70939160409741	-9.29058429764826
			6.71793859977142	-9.28203730197425
			6.71793859977142	-9.27349030630024
			6.71793859977142	-9.26494331062623
			6.71793859977142	-9.25639631495222
			6.72648559544543	-9.24784931927822
			6.72648559544543	-9.23930232360421
			6.73503259111944	-9.2307553279302
			6.73503259111944	-9.22220833225619
			6.73503259111944	-9.21366133658218
			6.73503259111944	-9.20511434090817
			6.74357958679345	-9.20511434090817
			6.74357958679345	-9.19656734523416
			6.74357958679345	-9.18802034956015
			6.74357958679345	-9.17947335388614
			6.75212658246746	-9.17092635821213
			6.75212658246746	-9.16237936253812
			6.75212658246746	-9.15383236686411
			6.75212658246746	-9.1452853711901
			6.76067357814147	-9.1452853711901
			6.76067357814147	-9.13673837551609
			6.76067357814147	-9.12819137984208
			6.76067357814147	-9.11964438416807
			6.76922057381548	-9.11964438416807
			6.76922057381548	-9.11109738849406
			6.76922057381548	-9.10255039282006
			6.76922057381548	-9.09400339714605
			6.77776756948949	-9.09400339714605
			6.77776756948949	-9.08545640147204
			6.77776756948949	-9.07690940579803
			6.77776756948949	-9.06836241012402
			6.77776756948949	-9.05981541445001
			6.7863145651635	-9.05981541445001
			6.7863145651635	-9.051268418776
			6.7863145651635	-9.04272142310199
			6.7863145651635	-9.03417442742798
			6.79486156083751	-9.03417442742798
			6.79486156083751	-9.02562743175397
			6.79486156083751	-9.01708043607996
			6.79486156083751	-9.00853344040595
			6.80340855651152	-9.00853344040595
			6.80340855651152	-8.99998644473194
			6.80340855651152	-8.99143944905793
			6.80340855651152	-8.98289245338392
			6.81195555218553	-8.98289245338392
			6.81195555218553	-8.97434545770991
			6.81195555218553	-8.9657984620359
			6.81195555218553	-8.95725146636189
			6.82050254785953	-8.94870447068789
			6.82050254785953	-8.94015747501388
			6.82050254785953	-8.93161047933987
			6.82904954353354	-8.92306348366586
			6.82904954353354	-8.91451648799185
			6.82904954353354	-8.90596949231784
			6.82904954353354	-8.89742249664383
			6.83759653920755	-8.89742249664383
			6.83759653920755	-8.88887550096982
			6.83759653920755	-8.88032850529581
			6.83759653920755	-8.8717815096218
			6.84614353488156	-8.86323451394779
			6.84614353488156	-8.85468751827378
			6.84614353488156	-8.84614052259977
			6.85469053055557	-8.83759352692576
			6.85469053055557	-8.82904653125175
			6.85469053055557	-8.82049953557774
			6.86323752622958	-8.81195253990373
			6.86323752622958	-8.80340554422973
			6.86323752622958	-8.79485854855572
			6.86323752622958	-8.78631155288171
			6.87178452190359	-8.7777645572077
			6.87178452190359	-8.76921756153369
			6.87178452190359	-8.76067056585968
			6.8803315175776	-8.75212357018567
			6.8803315175776	-8.74357657451166
			6.8803315175776	-8.73502957883765
			6.88887851325161	-8.72648258316364
			6.88887851325161	-8.71793558748963
			6.88887851325161	-8.70938859181562
			6.88887851325161	-8.70084159614161
			6.89742550892562	-8.6922946004676
			6.89742550892562	-8.68374760479359
			6.89742550892562	-8.67520060911958
			6.90597250459963	-8.67520060911958
			6.90597250459963	-8.66665361344557
			6.90597250459963	-8.65810661777157
			6.90597250459963	-8.64955962209756
			6.91451950027364	-8.64101262642355
			6.91451950027364	-8.63246563074954
			6.91451950027364	-8.62391863507553
			6.92306649594765	-8.61537163940152
			6.92306649594765	-8.60682464372751
			6.92306649594765	-8.5982776480535
			6.92306649594765	-8.58973065237949
			6.93161349162166	-8.58973065237949
			6.93161349162166	-8.58118365670548
			6.93161349162166	-8.57263666103147
			6.93161349162166	-8.56408966535746
			6.94016048729567	-8.55554266968345
			6.94016048729567	-8.54699567400944
			6.94016048729567	-8.53844867833543
			6.94870748296968	-8.52990168266142
			6.94870748296968	-8.52135468698741
			6.94870748296968	-8.5128076913134
			6.95725447864369	-8.5042606956394
			6.95725447864369	-8.49571369996539
			6.95725447864369	-8.48716670429138
			6.9658014743177	-8.47861970861737
			6.9658014743177	-8.47007271294336
			6.9658014743177	-8.46152571726935
			6.9658014743177	-8.45297872159534
			6.9743484699917	-8.44443172592133
			6.9743484699917	-8.43588473024732
			6.9743484699917	-8.42733773457331
			6.98289546566571	-8.4187907388993
			6.98289546566571	-8.41024374322529
			6.98289546566571	-8.40169674755128
			6.98289546566571	-8.39314975187727
			6.99144246133972	-8.38460275620326
			6.99144246133972	-8.37605576052925
			6.99144246133972	-8.36750876485524
			6.99998945701373	-8.36750876485524
			6.99998945701373	-8.35896176918124
			6.99998945701373	-8.35041477350723
			6.99998945701373	-8.34186777783322
			7.00853645268774	-8.33332078215921
			7.00853645268774	-8.3247737864852
			7.00853645268774	-8.31622679081119
			7.01708344836175	-8.30767979513718
			7.01708344836175	-8.29913279946317
			7.01708344836175	-8.29058580378916
			7.01708344836175	-8.28203880811515
			7.02563044403576	-8.28203880811515
			7.02563044403576	-8.27349181244114
			7.02563044403576	-8.26494481676713
			7.02563044403576	-8.25639782109312
			7.03417743970977	-8.24785082541911
			7.03417743970977	-8.2393038297451
			7.03417743970977	-8.23075683407109
			7.04272443538378	-8.22220983839708
			7.04272443538378	-8.21366284272307
			7.04272443538378	-8.20511584704906
			7.05127143105779	-8.19656885137505
			7.05127143105779	-8.18802185570105
			7.05127143105779	-8.17947486002704
			7.0598184267318	-8.17092786435303
			7.0598184267318	-8.16238086867902
			7.0598184267318	-8.15383387300501
			7.0598184267318	-8.145286877331
			7.06836542240581	-8.13673988165699
			7.06836542240581	-8.12819288598298
			7.06836542240581	-8.11964589030897
			7.06836542240581	-8.11109889463496
			7.07691241807982	-8.11109889463496
			7.07691241807982	-8.10255189896095
			7.07691241807982	-8.09400490328694
			7.07691241807982	-8.08545790761293
			7.08545941375383	-8.08545790761293
			7.08545941375383	-8.07691091193892
			7.08545941375383	-8.06836391626491
			7.08545941375383	-8.0598169205909
			7.09400640942784	-8.0598169205909
			7.09400640942784	-8.05126992491689
			7.09400640942784	-8.04272292924288
			7.09400640942784	-8.03417593356887
			7.10255340510185	-8.02562893789487
			7.10255340510185	-8.01708194222086
			7.10255340510185	-8.00853494654685
			7.11110040077586	-7.99998795087284
			7.11110040077586	-7.99144095519883
			7.11110040077586	-7.98289395952482
			7.11110040077586	-7.97434696385081
			7.11964739644987	-7.9657999681768
			7.11964739644987	-7.95725297250279
			7.11964739644987	-7.94870597682878
			7.12819439212387	-7.94015898115477
			7.12819439212387	-7.93161198548076
			7.12819439212387	-7.92306498980675
			7.13674138779788	-7.91451799413274
			7.13674138779788	-7.90597099845873
			7.13674138779788	-7.89742400278472
			7.13674138779788	-7.88887700711071
			7.14528838347189	-7.88033001143671
			7.14528838347189	-7.8717830157627
			7.14528838347189	-7.86323602008869
			7.1538353791459	-7.85468902441468
			7.1538353791459	-7.84614202874067
			7.1538353791459	-7.83759503306666
			7.16238237481991	-7.82904803739265
			7.16238237481991	-7.82050104171864
			7.16238237481991	-7.81195404604463
			7.17092937049392	-7.80340705037062
			7.17092937049392	-7.79486005469661
			7.17092937049392	-7.7863130590226
			7.17092937049392	-7.77776606334859
			7.17947636616793	-7.77776606334859
			7.17947636616793	-7.76921906767458
			7.17947636616793	-7.76067207200057
			7.17947636616793	-7.75212507632656
			7.18802336184194	-7.74357808065255
			7.18802336184194	-7.73503108497855
			7.18802336184194	-7.72648408930454
			7.18802336184194	-7.71793709363053
			7.19657035751595	-7.71793709363053
			7.19657035751595	-7.70939009795652
			7.19657035751595	-7.70084310228251
			7.19657035751595	-7.6922961066085
			7.20511735318996	-7.68374911093449
			7.20511735318996	-7.67520211526048
			7.20511735318996	-7.66665511958647
			7.21366434886397	-7.65810812391246
			7.21366434886397	-7.64956112823845
			7.21366434886397	-7.64101413256444
			7.21366434886397	-7.63246713689043
			7.22221134453798	-7.62392014121642
			7.22221134453798	-7.61537314554241
			7.23075834021199	-7.6068261498684
			7.23075834021199	-7.59827915419439
			7.23075834021199	-7.58973215852038
			7.23075834021199	-7.58118516284638
			7.239305335886	-7.58118516284638
			7.239305335886	-7.57263816717237
			7.239305335886	-7.56409117149836
			7.239305335886	-7.55554417582435
			7.24785233156001	-7.54699718015034
			7.24785233156001	-7.53845018447633
			7.24785233156001	-7.52990318880232
			7.24785233156001	-7.52135619312831
			7.25639932723402	-7.5128091974543
			7.25639932723402	-7.50426220178029
			7.25639932723402	-7.49571520610628
			7.26494632290803	-7.48716821043227
			7.26494632290803	-7.47862121475826
			7.26494632290803	-7.47007421908425
			7.27349331858203	-7.46152722341024
			7.27349331858203	-7.45298022773623
			7.27349331858203	-7.44443323206222
			7.27349331858203	-7.43588623638821
			7.28204031425604	-7.43588623638821
			7.28204031425604	-7.4273392407142
			7.28204031425604	-7.4187922450402
			7.28204031425604	-7.41024524936619
			7.29058730993005	-7.40169825369218
			7.29058730993005	-7.39315125801817
			7.29058730993005	-7.38460426234416
			7.29913430560406	-7.37605726667015
			7.29913430560406	-7.36751027099614
			7.29913430560406	-7.35896327532213
			7.29913430560406	-7.35041627964812
			7.30768130127807	-7.34186928397411
			7.30768130127807	-7.3333222883001
			7.30768130127807	-7.32477529262609
			7.31622829695208	-7.31622829695208
			7.31622829695208	-7.30768130127807
			7.31622829695208	-7.29913430560406
			7.32477529262609	-7.29058730993005
			7.32477529262609	-7.28204031425604
			7.32477529262609	-7.27349331858203
			7.32477529262609	-7.26494632290803
			7.3333222883001	-7.25639932723402
			7.3333222883001	-7.24785233156001
			7.3333222883001	-7.239305335886
			7.34186928397411	-7.23075834021199
			7.34186928397411	-7.22221134453798
			7.34186928397411	-7.21366434886397
			7.35041627964812	-7.20511735318996
			7.35041627964812	-7.19657035751595
			7.35041627964812	-7.18802336184194
			7.35041627964812	-7.17947636616793
			7.35896327532213	-7.17092937049392
			7.35896327532213	-7.16238237481991
			7.35896327532213	-7.1538353791459
			7.36751027099614	-7.14528838347189
			7.36751027099614	-7.13674138779788
			7.36751027099614	-7.12819439212387
			7.37605726667015	-7.11964739644987
			7.37605726667015	-7.11110040077586
			7.37605726667015	-7.10255340510185
			7.37605726667015	-7.09400640942784
			7.38460426234416	-7.09400640942784
			7.38460426234416	-7.08545941375383
			7.38460426234416	-7.07691241807982
			7.38460426234416	-7.06836542240581
			7.39315125801817	-7.0598184267318
			7.39315125801817	-7.05127143105779
			7.39315125801817	-7.04272443538378
			7.40169825369218	-7.03417743970977
			7.40169825369218	-7.02563044403576
			7.40169825369218	-7.01708344836175
			7.40169825369218	-7.00853645268774
			7.41024524936619	-6.99998945701373
			7.41024524936619	-6.99144246133972
			7.41024524936619	-6.98289546566571
			7.41024524936619	-6.9743484699917
			7.4187922450402	-6.9743484699917
			7.4187922450402	-6.9658014743177
			7.4187922450402	-6.95725447864369
			7.4273392407142	-6.94870748296968
			7.4273392407142	-6.94016048729567
			7.4273392407142	-6.93161349162166
			7.4273392407142	-6.92306649594765
			7.43588623638821	-6.91451950027364
			7.43588623638821	-6.90597250459963
			7.43588623638821	-6.89742550892562
			7.44443323206222	-6.88887851325161
			7.44443323206222	-6.8803315175776
			7.45298022773623	-6.87178452190359
			7.45298022773623	-6.86323752622958
			7.45298022773623	-6.85469053055557
			7.46152722341024	-6.84614353488156
			7.46152722341024	-6.83759653920755
			7.47007421908425	-6.82904954353354
			7.47007421908425	-6.82050254785953
			7.47007421908425	-6.81195555218553
			7.47862121475826	-6.80340855651152
			7.47862121475826	-6.79486156083751
			7.47862121475826	-6.7863145651635
			7.48716821043227	-6.77776756948949
			7.48716821043227	-6.76922057381548
			7.48716821043227	-6.76067357814147
			7.49571520610628	-6.75212658246746
			7.49571520610628	-6.74357958679345
			7.49571520610628	-6.73503259111944
			7.50426220178029	-6.72648559544543
			7.50426220178029	-6.71793859977142
			7.5128091974543	-6.70939160409741
			7.5128091974543	-6.7008446084234
			7.52135619312831	-6.69229761274939
			7.52135619312831	-6.68375061707538
			7.52135619312831	-6.67520362140137
			7.52990318880232	-6.66665662572736
			7.52990318880232	-6.65810963005335
			7.53845018447633	-6.64956263437935
			7.53845018447633	-6.64101563870534
			7.53845018447633	-6.63246864303133
			7.54699718015034	-6.62392164735732
			7.54699718015034	-6.61537465168331
			7.55554417582435	-6.6068276560093
			7.55554417582435	-6.59828066033529
			7.55554417582435	-6.58973366466128
			7.56409117149836	-6.58118666898727
			7.56409117149836	-6.57263967331326
			7.56409117149836	-6.56409267763925
			7.57263816717237	-6.55554568196524
			7.57263816717237	-6.54699868629123
			7.58118516284638	-6.53845169061722
			7.58118516284638	-6.52990469494321
			7.58973215852038	-6.5213576992692
			7.58973215852038	-6.51281070359519
			7.58973215852038	-6.50426370792119
			7.59827915419439	-6.49571671224718
			7.59827915419439	-6.48716971657317
			7.6068261498684	-6.47862272089916
			7.6068261498684	-6.47007572522515
			7.6068261498684	-6.46152872955114
			7.61537314554241	-6.45298173387713
			7.61537314554241	-6.44443473820312
			7.62392014121642	-6.43588774252911
			7.62392014121642	-6.4273407468551
			7.63246713689043	-6.41879375118109
			7.63246713689043	-6.41024675550708
			7.63246713689043	-6.40169975983307
			7.64101413256444	-6.39315276415906
			7.64101413256444	-6.38460576848505
			7.64956112823845	-6.37605877281104
			7.64956112823845	-6.36751177713703
			7.65810812391246	-6.35896478146303
			7.65810812391246	-6.35041778578902
			7.66665511958647	-6.34187079011501
			7.66665511958647	-6.333323794441
			7.66665511958647	-6.32477679876699
			7.67520211526048	-6.31622980309298
			7.67520211526048	-6.30768280741897
			7.68374911093449	-6.30768280741897
			7.68374911093449	-6.29913581174496
			7.68374911093449	-6.29058881607095
			7.6922961066085	-6.29058881607095
			7.6922961066085	-6.28204182039694
		</curveLM12>
	</curves.scaled>
	<ruler.points type=matrix rownames=TRUE colnames=FALSE nrow=5 ncol=2 as.numeric=TRUE >
		Ruler point 1	434	1409
		Ruler point 2	551	1408
		Ruler point 3	667	1408
		Ruler point 4	785	1409
		Ruler point 5	902	1408
	</ruler.points>
</shapes>

