<shapes type=list>
	<ruler.pixel type=vector names=FALSE length=1 as.numeric=TRUE >117</ruler.pixel>
	<ruler.interval type=vector names=FALSE length=1 as.numeric=TRUE >1</ruler.interval>
	<scaling.units type=vector names=FALSE length=1 as.numeric=FALSE >cm</scaling.units>
	<scaling type=vector names=FALSE length=1 as.numeric=TRUE >0.00854700854700855</scaling>
	<landmarks.pixel type=matrix rownames=TRUE colnames=FALSE nrow=6 ncol=2 as.numeric=TRUE >
		LM01	901	823
		LM02	984	1170
		LM03	936	1134
		LM04	899	1195
		LM05	870	1130
		LM06	820	1173
	</landmarks.pixel>
	<landmarks.scaled type=matrix rownames=TRUE colnames=FALSE nrow=6 ncol=2 as.numeric=TRUE >
		LM01	7.7008547008547	-7.03418803418803
		LM02	8.41025641025641	-10
		LM03	8	-9.69230769230769
		LM04	7.68376068376068	-10.2136752136752
		LM05	7.43589743589744	-9.65811965811966
		LM06	7.00854700854701	-10.025641025641
	</landmarks.scaled>
	<curves.control type=list>
		<curveLM07 type=matrix rownames=FALSE colnames=FALSE nrow=7 ncol=2 as.numeric=TRUE >
			901	823
			924	861
			951	950
			973	1048
			987	1109
			996	1162
			984	1170
		</curveLM07>
		<curveLM08 type=matrix rownames=FALSE colnames=FALSE nrow=5 ncol=2 as.numeric=TRUE >
			984	1170
			975	1171
			957	1148
			943	1132
			936	1134
		</curveLM08>
		<curveLM09 type=matrix rownames=FALSE colnames=FALSE nrow=5 ncol=2 as.numeric=TRUE >
			936	1134
			924	1137
			920	1169
			907	1196
			899	1195
		</curveLM09>
		<curveLM10 type=matrix rownames=FALSE colnames=FALSE nrow=5 ncol=2 as.numeric=TRUE >
			899	1195
			885	1188
			880	1154
			878	1133
			870	1130
		</curveLM10>
		<curveLM11 type=matrix rownames=FALSE colnames=FALSE nrow=5 ncol=2 as.numeric=TRUE >
			870	1130
			860	1127
			842	1152
			827	1178
			820	1173
		</curveLM11>
		<curveLM12 type=matrix rownames=FALSE colnames=FALSE nrow=5 ncol=2 as.numeric=TRUE >
			820	1173
			805	1166
			820	1086
			849	908
			901	823
		</curveLM12>
	</curves.control>
	<curves.pixel type=list>
		<curveLM07 type=matrix rownames=FALSE colnames=FALSE nrow=353 ncol=2 as.numeric=TRUE >
			901	823
			901	824
			902	824
			902	825
			903	826
			903	827
			904	828
			905	829
			905	830
			905	831
			906	832
			907	833
			907	834
			908	835
			908	836
			909	837
			909	838
			910	839
			910	840
			911	841
			911	842
			911	843
			912	843
			912	844
			913	845
			913	846
			914	847
			914	848
			914	849
			915	850
			916	851
			916	852
			916	853
			917	854
			917	855
			918	856
			918	857
			918	858
			919	859
			919	860
			920	861
			920	862
			921	863
			921	864
			922	865
			922	866
			922	867
			923	868
			923	869
			924	870
			924	871
			924	872
			925	873
			925	874
			926	875
			926	876
			926	877
			927	878
			927	879
			927	880
			928	881
			928	882
			929	883
			929	884
			929	885
			930	886
			930	887
			931	888
			931	889
			931	890
			932	891
			932	892
			932	893
			933	894
			933	895
			933	896
			934	897
			934	898
			934	899
			935	900
			935	901
			935	902
			936	903
			936	904
			936	905
			937	906
			937	907
			938	908
			938	909
			938	910
			939	911
			939	912
			939	913
			940	914
			940	915
			940	916
			941	917
			941	918
			941	919
			942	920
			942	921
			942	922
			943	923
			943	924
			943	925
			943	926
			944	927
			944	928
			945	929
			945	930
			945	931
			945	932
			946	933
			946	934
			946	935
			947	936
			947	937
			947	938
			948	939
			948	940
			948	941
			948	942
			949	943
			949	944
			949	945
			950	946
			950	947
			950	948
			951	949
			951	950
			951	951
			951	952
			952	953
			952	954
			952	955
			952	956
			953	957
			953	958
			953	959
			953	960
			953	961
			954	962
			954	963
			954	964
			954	965
			955	966
			955	967
			955	968
			955	969
			955	970
			956	971
			956	972
			956	973
			956	974
			957	975
			957	976
			957	977
			957	978
			958	979
			958	980
			958	981
			958	982
			958	983
			959	984
			959	985
			959	986
			959	987
			960	988
			960	989
			960	990
			960	991
			960	992
			961	993
			961	994
			961	995
			961	996
			962	997
			962	998
			962	999
			962	1000
			962	1001
			963	1002
			963	1003
			963	1004
			963	1005
			964	1006
			964	1007
			964	1008
			964	1009
			964	1010
			965	1011
			965	1012
			965	1013
			965	1014
			966	1015
			966	1016
			966	1017
			966	1018
			967	1019
			967	1020
			967	1021
			967	1022
			967	1023
			968	1024
			968	1025
			968	1026
			968	1027
			968	1028
			969	1028
			969	1029
			969	1030
			969	1031
			969	1032
			970	1033
			970	1034
			970	1035
			970	1036
			970	1037
			971	1037
			971	1038
			971	1039
			971	1040
			971	1041
			972	1042
			972	1043
			972	1044
			972	1045
			973	1046
			973	1047
			973	1048
			973	1049
			974	1050
			974	1051
			974	1052
			974	1053
			975	1054
			975	1055
			975	1056
			975	1057
			975	1058
			976	1059
			976	1060
			976	1061
			976	1062
			977	1063
			977	1064
			977	1065
			977	1066
			977	1067
			978	1068
			978	1069
			978	1070
			978	1071
			979	1072
			979	1073
			979	1074
			979	1075
			979	1076
			980	1077
			980	1078
			980	1079
			980	1080
			981	1081
			981	1082
			981	1083
			981	1084
			982	1085
			982	1086
			982	1087
			982	1088
			982	1089
			983	1090
			983	1091
			983	1092
			983	1093
			984	1094
			984	1095
			984	1096
			984	1097
			985	1098
			985	1099
			985	1100
			985	1101
			985	1102
			986	1103
			986	1104
			986	1105
			986	1106
			987	1107
			987	1108
			987	1109
			987	1110
			987	1111
			987	1112
			988	1113
			988	1114
			988	1115
			988	1116
			988	1117
			988	1118
			989	1119
			989	1120
			989	1121
			989	1122
			989	1123
			989	1124
			989	1125
			989	1126
			990	1127
			990	1128
			990	1129
			990	1130
			990	1131
			990	1132
			990	1133
			990	1134
			990	1135
			990	1136
			991	1137
			991	1138
			991	1139
			991	1140
			991	1141
			991	1142
			991	1143
			991	1144
			991	1145
			991	1146
			991	1147
			991	1148
			991	1149
			991	1150
			991	1151
			991	1152
			991	1153
			991	1154
			990	1154
			990	1155
			990	1156
			990	1157
			990	1158
			990	1159
			990	1160
			989	1161
			989	1162
			989	1163
			988	1164
			988	1165
			987	1166
			987	1167
			986	1168
			985	1169
			984	1170
		</curveLM07>
		<curveLM08 type=matrix rownames=FALSE colnames=FALSE nrow=65 ncol=2 as.numeric=TRUE >
			984	1170
			983	1170
			982	1170
			981	1170
			980	1169
			979	1169
			978	1169
			977	1168
			976	1168
			976	1167
			975	1166
			974	1166
			973	1165
			972	1165
			972	1164
			971	1164
			970	1163
			970	1162
			969	1162
			968	1161
			968	1160
			967	1160
			966	1159
			965	1158
			965	1157
			964	1156
			963	1156
			962	1155
			962	1154
			961	1153
			960	1152
			959	1151
			958	1150
			958	1149
			957	1148
			956	1147
			956	1146
			955	1146
			954	1145
			954	1144
			953	1144
			953	1143
			952	1143
			951	1142
			951	1141
			950	1141
			950	1140
			949	1140
			949	1139
			948	1139
			947	1139
			947	1138
			946	1138
			946	1137
			945	1137
			944	1136
			943	1136
			943	1135
			942	1135
			941	1134
			940	1134
			939	1134
			938	1134
			937	1134
			936	1134
		</curveLM08>
		<curveLM09 type=matrix rownames=FALSE colnames=FALSE nrow=71 ncol=2 as.numeric=TRUE >
			936	1134
			935	1134
			934	1135
			933	1135
			932	1136
			931	1137
			930	1138
			929	1139
			928	1140
			928	1141
			927	1142
			927	1143
			926	1144
			926	1145
			925	1146
			925	1147
			924	1148
			924	1149
			924	1150
			923	1151
			923	1152
			923	1153
			923	1154
			922	1155
			922	1156
			922	1157
			922	1158
			922	1159
			921	1160
			921	1161
			921	1162
			921	1163
			921	1164
			921	1165
			920	1166
			920	1167
			920	1168
			920	1169
			920	1170
			919	1171
			919	1172
			918	1173
			917	1174
			917	1175
			916	1176
			916	1177
			915	1178
			915	1179
			915	1180
			914	1180
			914	1181
			913	1182
			913	1183
			912	1183
			912	1184
			911	1185
			910	1186
			910	1187
			909	1188
			908	1189
			907	1190
			906	1191
			905	1192
			905	1193
			904	1193
			903	1194
			902	1194
			902	1195
			901	1195
			900	1195
			899	1195
		</curveLM09>
		<curveLM10 type=matrix rownames=FALSE colnames=FALSE nrow=73 ncol=2 as.numeric=TRUE >
			899	1195
			898	1195
			898	1194
			897	1194
			896	1193
			895	1193
			895	1192
			894	1191
			893	1191
			893	1190
			892	1189
			891	1188
			890	1187
			890	1186
			889	1185
			889	1184
			888	1183
			888	1182
			887	1181
			887	1180
			886	1179
			886	1178
			885	1177
			885	1176
			885	1175
			884	1174
			884	1173
			884	1172
			884	1171
			883	1171
			883	1170
			883	1169
			883	1168
			882	1167
			882	1166
			882	1165
			882	1164
			882	1163
			881	1162
			881	1161
			881	1160
			881	1159
			881	1158
			880	1157
			880	1156
			880	1155
			880	1154
			880	1153
			880	1152
			880	1151
			880	1150
			879	1150
			879	1149
			879	1148
			879	1147
			879	1146
			879	1145
			878	1144
			878	1143
			878	1142
			878	1141
			877	1140
			877	1139
			877	1138
			876	1137
			876	1136
			875	1135
			874	1134
			874	1133
			873	1132
			872	1131
			871	1131
			870	1130
		</curveLM10>
		<curveLM11 type=matrix rownames=FALSE colnames=FALSE nrow=64 ncol=2 as.numeric=TRUE >
			870	1130
			869	1130
			868	1130
			867	1130
			866	1130
			865	1130
			864	1130
			863	1131
			862	1131
			861	1132
			860	1133
			859	1134
			858	1134
			857	1135
			856	1135
			856	1136
			855	1137
			854	1137
			853	1138
			853	1139
			852	1140
			851	1140
			850	1141
			850	1142
			849	1143
			848	1144
			847	1145
			846	1146
			845	1147
			845	1148
			844	1149
			844	1150
			843	1151
			842	1152
			841	1153
			841	1154
			840	1155
			840	1156
			839	1156
			839	1157
			838	1158
			838	1159
			837	1160
			836	1161
			835	1162
			835	1163
			834	1164
			834	1165
			833	1165
			833	1166
			832	1167
			831	1168
			830	1169
			829	1170
			828	1171
			827	1172
			826	1173
			825	1173
			824	1174
			823	1174
			822	1174
			821	1174
			821	1173
			820	1173
		</curveLM11>
		<curveLM12 type=matrix rownames=FALSE colnames=FALSE nrow=363 ncol=2 as.numeric=TRUE >
			820	1173
			819	1173
			819	1172
			818	1172
			818	1171
			817	1171
			817	1170
			816	1169
			816	1168
			815	1167
			815	1166
			815	1165
			814	1164
			814	1163
			814	1162
			813	1161
			813	1160
			813	1159
			813	1158
			813	1157
			813	1156
			813	1155
			813	1154
			813	1153
			813	1152
			813	1151
			813	1150
			813	1149
			813	1148
			813	1147
			813	1146
			813	1145
			813	1144
			813	1143
			813	1142
			813	1141
			813	1140
			813	1139
			813	1138
			813	1137
			813	1136
			813	1135
			813	1134
			813	1133
			813	1132
			813	1131
			813	1130
			814	1129
			814	1128
			814	1127
			814	1126
			814	1125
			814	1124
			814	1123
			814	1122
			814	1121
			815	1120
			815	1119
			815	1118
			815	1117
			815	1116
			815	1115
			815	1114
			815	1113
			816	1112
			816	1111
			816	1110
			816	1109
			816	1108
			816	1107
			817	1106
			817	1105
			817	1104
			817	1103
			817	1102
			817	1101
			818	1100
			818	1099
			818	1098
			818	1097
			818	1096
			818	1095
			819	1094
			819	1093
			819	1092
			819	1091
			819	1090
			819	1089
			820	1088
			820	1087
			820	1086
			820	1085
			820	1084
			820	1083
			821	1082
			821	1081
			821	1080
			821	1079
			821	1078
			821	1077
			822	1076
			822	1075
			822	1074
			822	1073
			822	1072
			823	1071
			823	1070
			823	1069
			823	1068
			823	1067
			823	1066
			824	1065
			824	1064
			824	1063
			824	1062
			824	1061
			824	1060
			825	1059
			825	1058
			825	1057
			825	1056
			825	1055
			825	1054
			826	1054
			826	1053
			826	1052
			826	1051
			826	1050
			826	1049
			827	1048
			827	1047
			827	1046
			827	1045
			827	1044
			828	1044
			828	1043
			828	1042
			828	1041
			828	1040
			828	1039
			829	1038
			829	1037
			829	1036
			829	1035
			829	1034
			830	1033
			830	1032
			830	1031
			830	1030
			830	1029
			831	1028
			831	1027
			831	1026
			831	1025
			831	1024
			831	1023
			832	1023
			832	1022
			832	1021
			832	1020
			832	1019
			833	1018
			833	1017
			833	1016
			833	1015
			833	1014
			834	1014
			834	1013
			834	1012
			834	1011
			834	1010
			835	1009
			835	1008
			835	1007
			835	1006
			836	1005
			836	1004
			836	1003
			836	1002
			836	1001
			837	1000
			837	999
			837	998
			837	997
			838	996
			838	995
			838	994
			838	993
			838	992
			839	991
			839	990
			839	989
			839	988
			840	987
			840	986
			840	985
			840	984
			841	983
			841	982
			841	981
			841	980
			842	979
			842	978
			842	977
			842	976
			843	975
			843	974
			843	973
			843	972
			843	971
			844	970
			844	969
			844	968
			845	967
			845	966
			845	965
			846	964
			846	963
			846	962
			846	961
			847	960
			847	959
			847	958
			847	957
			847	956
			848	956
			848	955
			848	954
			848	953
			849	952
			849	951
			849	950
			850	949
			850	948
			850	947
			850	946
			851	945
			851	944
			851	943
			852	942
			852	941
			852	940
			852	939
			853	938
			853	937
			853	936
			854	935
			854	934
			854	933
			855	932
			855	931
			855	930
			856	929
			856	928
			856	927
			856	926
			857	925
			857	924
			857	923
			858	922
			858	921
			858	920
			859	919
			859	918
			859	917
			860	916
			860	915
			860	914
			861	913
			861	912
			861	911
			862	910
			862	909
			862	908
			863	907
			863	906
			863	905
			864	905
			864	904
			864	903
			864	902
			865	901
			865	900
			866	899
			866	898
			866	897
			867	896
			867	895
			867	894
			868	893
			868	892
			868	891
			869	890
			869	889
			870	888
			870	887
			871	886
			871	885
			871	884
			872	883
			872	882
			872	881
			873	880
			873	879
			874	878
			874	877
			874	876
			875	875
			875	874
			876	873
			876	872
			877	871
			877	870
			878	869
			878	868
			878	867
			879	866
			879	865
			880	864
			880	863
			880	862
			881	861
			881	860
			882	859
			882	858
			883	857
			883	856
			884	856
			884	855
			884	854
			885	853
			885	852
			886	851
			886	850
			887	849
			887	848
			888	847
			888	846
			889	845
			889	844
			890	843
			890	842
			891	841
			891	840
			892	839
			892	838
			893	837
			893	836
			894	835
			894	834
			895	833
			896	832
			897	831
			897	830
			897	829
			898	829
			898	828
			898	827
			899	827
			899	826
			900	825
			900	824
			901	823
		</curveLM12>
	</curves.pixel>
	<curves.scaled type=list>
		<curveLM07 type=matrix rownames=FALSE colnames=FALSE nrow=353 ncol=2 as.numeric=TRUE >
			7.7008547008547	-7.03418803418803
			7.7008547008547	-7.04273504273504
			7.70940170940171	-7.04273504273504
			7.70940170940171	-7.05128205128205
			7.71794871794872	-7.05982905982906
			7.71794871794872	-7.06837606837607
			7.72649572649573	-7.07692307692308
			7.73504273504274	-7.08547008547009
			7.73504273504274	-7.09401709401709
			7.73504273504274	-7.1025641025641
			7.74358974358974	-7.11111111111111
			7.75213675213675	-7.11965811965812
			7.75213675213675	-7.12820512820513
			7.76068376068376	-7.13675213675214
			7.76068376068376	-7.14529914529915
			7.76923076923077	-7.15384615384615
			7.76923076923077	-7.16239316239316
			7.77777777777778	-7.17094017094017
			7.77777777777778	-7.17948717948718
			7.78632478632479	-7.18803418803419
			7.78632478632479	-7.1965811965812
			7.78632478632479	-7.20512820512821
			7.7948717948718	-7.20512820512821
			7.7948717948718	-7.21367521367521
			7.8034188034188	-7.22222222222222
			7.8034188034188	-7.23076923076923
			7.81196581196581	-7.23931623931624
			7.81196581196581	-7.24786324786325
			7.81196581196581	-7.25641025641026
			7.82051282051282	-7.26495726495727
			7.82905982905983	-7.27350427350427
			7.82905982905983	-7.28205128205128
			7.82905982905983	-7.29059829059829
			7.83760683760684	-7.2991452991453
			7.83760683760684	-7.30769230769231
			7.84615384615385	-7.31623931623932
			7.84615384615385	-7.32478632478633
			7.84615384615385	-7.33333333333333
			7.85470085470086	-7.34188034188034
			7.85470085470086	-7.35042735042735
			7.86324786324786	-7.35897435897436
			7.86324786324786	-7.36752136752137
			7.87179487179487	-7.37606837606838
			7.87179487179487	-7.38461538461539
			7.88034188034188	-7.39316239316239
			7.88034188034188	-7.4017094017094
			7.88034188034188	-7.41025641025641
			7.88888888888889	-7.41880341880342
			7.88888888888889	-7.42735042735043
			7.8974358974359	-7.43589743589744
			7.8974358974359	-7.44444444444445
			7.8974358974359	-7.45299145299145
			7.90598290598291	-7.46153846153846
			7.90598290598291	-7.47008547008547
			7.91452991452992	-7.47863247863248
			7.91452991452992	-7.48717948717949
			7.91452991452992	-7.4957264957265
			7.92307692307692	-7.50427350427351
			7.92307692307692	-7.51282051282051
			7.92307692307692	-7.52136752136752
			7.93162393162393	-7.52991452991453
			7.93162393162393	-7.53846153846154
			7.94017094017094	-7.54700854700855
			7.94017094017094	-7.55555555555556
			7.94017094017094	-7.56410256410256
			7.94871794871795	-7.57264957264957
			7.94871794871795	-7.58119658119658
			7.95726495726496	-7.58974358974359
			7.95726495726496	-7.5982905982906
			7.95726495726496	-7.60683760683761
			7.96581196581197	-7.61538461538462
			7.96581196581197	-7.62393162393162
			7.96581196581197	-7.63247863247863
			7.97435897435898	-7.64102564102564
			7.97435897435898	-7.64957264957265
			7.97435897435898	-7.65811965811966
			7.98290598290598	-7.66666666666667
			7.98290598290598	-7.67521367521368
			7.98290598290598	-7.68376068376068
			7.99145299145299	-7.69230769230769
			7.99145299145299	-7.7008547008547
			7.99145299145299	-7.70940170940171
			8	-7.71794871794872
			8	-7.72649572649573
			8	-7.73504273504274
			8.00854700854701	-7.74358974358974
			8.00854700854701	-7.75213675213675
			8.01709401709402	-7.76068376068376
			8.01709401709402	-7.76923076923077
			8.01709401709402	-7.77777777777778
			8.02564102564103	-7.78632478632479
			8.02564102564103	-7.7948717948718
			8.02564102564103	-7.8034188034188
			8.03418803418804	-7.81196581196581
			8.03418803418804	-7.82051282051282
			8.03418803418804	-7.82905982905983
			8.04273504273504	-7.83760683760684
			8.04273504273504	-7.84615384615385
			8.04273504273504	-7.85470085470086
			8.05128205128205	-7.86324786324786
			8.05128205128205	-7.87179487179487
			8.05128205128205	-7.88034188034188
			8.05982905982906	-7.88888888888889
			8.05982905982906	-7.8974358974359
			8.05982905982906	-7.90598290598291
			8.05982905982906	-7.91452991452992
			8.06837606837607	-7.92307692307692
			8.06837606837607	-7.93162393162393
			8.07692307692308	-7.94017094017094
			8.07692307692308	-7.94871794871795
			8.07692307692308	-7.95726495726496
			8.07692307692308	-7.96581196581197
			8.08547008547009	-7.97435897435898
			8.08547008547009	-7.98290598290598
			8.08547008547009	-7.99145299145299
			8.0940170940171	-8
			8.0940170940171	-8.00854700854701
			8.0940170940171	-8.01709401709402
			8.1025641025641	-8.02564102564103
			8.1025641025641	-8.03418803418804
			8.1025641025641	-8.04273504273504
			8.1025641025641	-8.05128205128205
			8.11111111111111	-8.05982905982906
			8.11111111111111	-8.06837606837607
			8.11111111111111	-8.07692307692308
			8.11965811965812	-8.08547008547009
			8.11965811965812	-8.0940170940171
			8.11965811965812	-8.1025641025641
			8.12820512820513	-8.11111111111111
			8.12820512820513	-8.11965811965812
			8.12820512820513	-8.12820512820513
			8.12820512820513	-8.13675213675214
			8.13675213675214	-8.14529914529915
			8.13675213675214	-8.15384615384616
			8.13675213675214	-8.16239316239316
			8.13675213675214	-8.17094017094017
			8.14529914529915	-8.17948717948718
			8.14529914529915	-8.18803418803419
			8.14529914529915	-8.1965811965812
			8.14529914529915	-8.20512820512821
			8.14529914529915	-8.21367521367521
			8.15384615384616	-8.22222222222222
			8.15384615384616	-8.23076923076923
			8.15384615384616	-8.23931623931624
			8.15384615384616	-8.24786324786325
			8.16239316239316	-8.25641025641026
			8.16239316239316	-8.26495726495727
			8.16239316239316	-8.27350427350427
			8.16239316239316	-8.28205128205128
			8.16239316239316	-8.29059829059829
			8.17094017094017	-8.2991452991453
			8.17094017094017	-8.30769230769231
			8.17094017094017	-8.31623931623932
			8.17094017094017	-8.32478632478633
			8.17948717948718	-8.33333333333333
			8.17948717948718	-8.34188034188034
			8.17948717948718	-8.35042735042735
			8.17948717948718	-8.35897435897436
			8.18803418803419	-8.36752136752137
			8.18803418803419	-8.37606837606838
			8.18803418803419	-8.38461538461539
			8.18803418803419	-8.39316239316239
			8.18803418803419	-8.4017094017094
			8.1965811965812	-8.41025641025641
			8.1965811965812	-8.41880341880342
			8.1965811965812	-8.42735042735043
			8.1965811965812	-8.43589743589744
			8.20512820512821	-8.44444444444444
			8.20512820512821	-8.45299145299145
			8.20512820512821	-8.46153846153846
			8.20512820512821	-8.47008547008547
			8.20512820512821	-8.47863247863248
			8.21367521367521	-8.48717948717949
			8.21367521367521	-8.4957264957265
			8.21367521367521	-8.5042735042735
			8.21367521367521	-8.51282051282051
			8.22222222222222	-8.52136752136752
			8.22222222222222	-8.52991452991453
			8.22222222222222	-8.53846153846154
			8.22222222222222	-8.54700854700855
			8.22222222222222	-8.55555555555556
			8.23076923076923	-8.56410256410257
			8.23076923076923	-8.57264957264957
			8.23076923076923	-8.58119658119658
			8.23076923076923	-8.58974358974359
			8.23931623931624	-8.5982905982906
			8.23931623931624	-8.60683760683761
			8.23931623931624	-8.61538461538462
			8.23931623931624	-8.62393162393163
			8.23931623931624	-8.63247863247863
			8.24786324786325	-8.64102564102564
			8.24786324786325	-8.64957264957265
			8.24786324786325	-8.65811965811966
			8.24786324786325	-8.66666666666667
			8.25641025641026	-8.67521367521368
			8.25641025641026	-8.68376068376068
			8.25641025641026	-8.69230769230769
			8.25641025641026	-8.7008547008547
			8.26495726495727	-8.70940170940171
			8.26495726495727	-8.71794871794872
			8.26495726495727	-8.72649572649573
			8.26495726495727	-8.73504273504274
			8.26495726495727	-8.74358974358974
			8.27350427350427	-8.75213675213675
			8.27350427350427	-8.76068376068376
			8.27350427350427	-8.76923076923077
			8.27350427350427	-8.77777777777778
			8.27350427350427	-8.78632478632479
			8.28205128205128	-8.78632478632479
			8.28205128205128	-8.7948717948718
			8.28205128205128	-8.8034188034188
			8.28205128205128	-8.81196581196581
			8.28205128205128	-8.82051282051282
			8.29059829059829	-8.82905982905983
			8.29059829059829	-8.83760683760684
			8.29059829059829	-8.84615384615385
			8.29059829059829	-8.85470085470086
			8.29059829059829	-8.86324786324786
			8.2991452991453	-8.86324786324786
			8.2991452991453	-8.87179487179487
			8.2991452991453	-8.88034188034188
			8.2991452991453	-8.88888888888889
			8.2991452991453	-8.8974358974359
			8.30769230769231	-8.90598290598291
			8.30769230769231	-8.91452991452991
			8.30769230769231	-8.92307692307692
			8.30769230769231	-8.93162393162393
			8.31623931623932	-8.94017094017094
			8.31623931623932	-8.94871794871795
			8.31623931623932	-8.95726495726496
			8.31623931623932	-8.96581196581197
			8.32478632478633	-8.97435897435897
			8.32478632478633	-8.98290598290598
			8.32478632478633	-8.99145299145299
			8.32478632478633	-9
			8.33333333333333	-9.00854700854701
			8.33333333333333	-9.01709401709402
			8.33333333333333	-9.02564102564103
			8.33333333333333	-9.03418803418804
			8.33333333333333	-9.04273504273504
			8.34188034188034	-9.05128205128205
			8.34188034188034	-9.05982905982906
			8.34188034188034	-9.06837606837607
			8.34188034188034	-9.07692307692308
			8.35042735042735	-9.08547008547009
			8.35042735042735	-9.0940170940171
			8.35042735042735	-9.1025641025641
			8.35042735042735	-9.11111111111111
			8.35042735042735	-9.11965811965812
			8.35897435897436	-9.12820512820513
			8.35897435897436	-9.13675213675214
			8.35897435897436	-9.14529914529915
			8.35897435897436	-9.15384615384616
			8.36752136752137	-9.16239316239316
			8.36752136752137	-9.17094017094017
			8.36752136752137	-9.17948717948718
			8.36752136752137	-9.18803418803419
			8.36752136752137	-9.1965811965812
			8.37606837606838	-9.20512820512821
			8.37606837606838	-9.21367521367521
			8.37606837606838	-9.22222222222222
			8.37606837606838	-9.23076923076923
			8.38461538461539	-9.23931623931624
			8.38461538461539	-9.24786324786325
			8.38461538461539	-9.25641025641026
			8.38461538461539	-9.26495726495727
			8.39316239316239	-9.27350427350427
			8.39316239316239	-9.28205128205128
			8.39316239316239	-9.29059829059829
			8.39316239316239	-9.2991452991453
			8.39316239316239	-9.30769230769231
			8.4017094017094	-9.31623931623932
			8.4017094017094	-9.32478632478633
			8.4017094017094	-9.33333333333333
			8.4017094017094	-9.34188034188034
			8.41025641025641	-9.35042735042735
			8.41025641025641	-9.35897435897436
			8.41025641025641	-9.36752136752137
			8.41025641025641	-9.37606837606838
			8.41880341880342	-9.38461538461539
			8.41880341880342	-9.39316239316239
			8.41880341880342	-9.4017094017094
			8.41880341880342	-9.41025641025641
			8.41880341880342	-9.41880341880342
			8.42735042735043	-9.42735042735043
			8.42735042735043	-9.43589743589744
			8.42735042735043	-9.44444444444444
			8.42735042735043	-9.45299145299145
			8.43589743589744	-9.46153846153846
			8.43589743589744	-9.47008547008547
			8.43589743589744	-9.47863247863248
			8.43589743589744	-9.48717948717949
			8.43589743589744	-9.4957264957265
			8.43589743589744	-9.50427350427351
			8.44444444444444	-9.51282051282051
			8.44444444444444	-9.52136752136752
			8.44444444444444	-9.52991452991453
			8.44444444444444	-9.53846153846154
			8.44444444444444	-9.54700854700855
			8.44444444444444	-9.55555555555556
			8.45299145299145	-9.56410256410257
			8.45299145299145	-9.57264957264957
			8.45299145299145	-9.58119658119658
			8.45299145299145	-9.58974358974359
			8.45299145299145	-9.5982905982906
			8.45299145299145	-9.60683760683761
			8.45299145299145	-9.61538461538462
			8.45299145299145	-9.62393162393163
			8.46153846153846	-9.63247863247863
			8.46153846153846	-9.64102564102564
			8.46153846153846	-9.64957264957265
			8.46153846153846	-9.65811965811966
			8.46153846153846	-9.66666666666667
			8.46153846153846	-9.67521367521368
			8.46153846153846	-9.68376068376068
			8.46153846153846	-9.69230769230769
			8.46153846153846	-9.7008547008547
			8.46153846153846	-9.70940170940171
			8.47008547008547	-9.71794871794872
			8.47008547008547	-9.72649572649573
			8.47008547008547	-9.73504273504274
			8.47008547008547	-9.74358974358974
			8.47008547008547	-9.75213675213675
			8.47008547008547	-9.76068376068376
			8.47008547008547	-9.76923076923077
			8.47008547008547	-9.77777777777778
			8.47008547008547	-9.78632478632479
			8.47008547008547	-9.7948717948718
			8.47008547008547	-9.8034188034188
			8.47008547008547	-9.81196581196581
			8.47008547008547	-9.82051282051282
			8.47008547008547	-9.82905982905983
			8.47008547008547	-9.83760683760684
			8.47008547008547	-9.84615384615385
			8.47008547008547	-9.85470085470086
			8.47008547008547	-9.86324786324786
			8.46153846153846	-9.86324786324786
			8.46153846153846	-9.87179487179487
			8.46153846153846	-9.88034188034188
			8.46153846153846	-9.88888888888889
			8.46153846153846	-9.8974358974359
			8.46153846153846	-9.90598290598291
			8.46153846153846	-9.91452991452991
			8.45299145299145	-9.92307692307692
			8.45299145299145	-9.93162393162393
			8.45299145299145	-9.94017094017094
			8.44444444444444	-9.94871794871795
			8.44444444444444	-9.95726495726496
			8.43589743589744	-9.96581196581197
			8.43589743589744	-9.97435897435898
			8.42735042735043	-9.98290598290598
			8.41880341880342	-9.99145299145299
			8.41025641025641	-10
		</curveLM07>
		<curveLM08 type=matrix rownames=FALSE colnames=FALSE nrow=65 ncol=2 as.numeric=TRUE >
			8.41025641025641	-10
			8.4017094017094	-10
			8.39316239316239	-10
			8.38461538461539	-10
			8.37606837606838	-9.99145299145299
			8.36752136752137	-9.99145299145299
			8.35897435897436	-9.99145299145299
			8.35042735042735	-9.98290598290598
			8.34188034188034	-9.98290598290598
			8.34188034188034	-9.97435897435898
			8.33333333333333	-9.96581196581197
			8.32478632478633	-9.96581196581197
			8.31623931623932	-9.95726495726496
			8.30769230769231	-9.95726495726496
			8.30769230769231	-9.94871794871795
			8.2991452991453	-9.94871794871795
			8.29059829059829	-9.94017094017094
			8.29059829059829	-9.93162393162393
			8.28205128205128	-9.93162393162393
			8.27350427350427	-9.92307692307692
			8.27350427350427	-9.91452991452991
			8.26495726495727	-9.91452991452991
			8.25641025641026	-9.90598290598291
			8.24786324786325	-9.8974358974359
			8.24786324786325	-9.88888888888889
			8.23931623931624	-9.88034188034188
			8.23076923076923	-9.88034188034188
			8.22222222222222	-9.87179487179487
			8.22222222222222	-9.86324786324786
			8.21367521367521	-9.85470085470086
			8.20512820512821	-9.84615384615385
			8.1965811965812	-9.83760683760684
			8.18803418803419	-9.82905982905983
			8.18803418803419	-9.82051282051282
			8.17948717948718	-9.81196581196581
			8.17094017094017	-9.8034188034188
			8.17094017094017	-9.7948717948718
			8.16239316239316	-9.7948717948718
			8.15384615384616	-9.78632478632479
			8.15384615384616	-9.77777777777778
			8.14529914529915	-9.77777777777778
			8.14529914529915	-9.76923076923077
			8.13675213675214	-9.76923076923077
			8.12820512820513	-9.76068376068376
			8.12820512820513	-9.75213675213675
			8.11965811965812	-9.75213675213675
			8.11965811965812	-9.74358974358974
			8.11111111111111	-9.74358974358974
			8.11111111111111	-9.73504273504274
			8.1025641025641	-9.73504273504274
			8.0940170940171	-9.73504273504274
			8.0940170940171	-9.72649572649573
			8.08547008547009	-9.72649572649573
			8.08547008547009	-9.71794871794872
			8.07692307692308	-9.71794871794872
			8.06837606837607	-9.70940170940171
			8.05982905982906	-9.70940170940171
			8.05982905982906	-9.7008547008547
			8.05128205128205	-9.7008547008547
			8.04273504273504	-9.69230769230769
			8.03418803418804	-9.69230769230769
			8.02564102564103	-9.69230769230769
			8.01709401709402	-9.69230769230769
			8.00854700854701	-9.69230769230769
			8	-9.69230769230769
		</curveLM08>
		<curveLM09 type=matrix rownames=FALSE colnames=FALSE nrow=71 ncol=2 as.numeric=TRUE >
			8	-9.69230769230769
			7.99145299145299	-9.69230769230769
			7.98290598290598	-9.7008547008547
			7.97435897435898	-9.7008547008547
			7.96581196581197	-9.70940170940171
			7.95726495726496	-9.71794871794872
			7.94871794871795	-9.72649572649573
			7.94017094017094	-9.73504273504274
			7.93162393162393	-9.74358974358974
			7.93162393162393	-9.75213675213675
			7.92307692307692	-9.76068376068376
			7.92307692307692	-9.76923076923077
			7.91452991452992	-9.77777777777778
			7.91452991452992	-9.78632478632479
			7.90598290598291	-9.7948717948718
			7.90598290598291	-9.8034188034188
			7.8974358974359	-9.81196581196581
			7.8974358974359	-9.82051282051282
			7.8974358974359	-9.82905982905983
			7.88888888888889	-9.83760683760684
			7.88888888888889	-9.84615384615385
			7.88888888888889	-9.85470085470086
			7.88888888888889	-9.86324786324786
			7.88034188034188	-9.87179487179487
			7.88034188034188	-9.88034188034188
			7.88034188034188	-9.88888888888889
			7.88034188034188	-9.8974358974359
			7.88034188034188	-9.90598290598291
			7.87179487179487	-9.91452991452991
			7.87179487179487	-9.92307692307692
			7.87179487179487	-9.93162393162393
			7.87179487179487	-9.94017094017094
			7.87179487179487	-9.94871794871795
			7.87179487179487	-9.95726495726496
			7.86324786324786	-9.96581196581197
			7.86324786324786	-9.97435897435898
			7.86324786324786	-9.98290598290598
			7.86324786324786	-9.99145299145299
			7.86324786324786	-10
			7.85470085470086	-10.008547008547
			7.85470085470086	-10.017094017094
			7.84615384615385	-10.025641025641
			7.83760683760684	-10.034188034188
			7.83760683760684	-10.042735042735
			7.82905982905983	-10.0512820512821
			7.82905982905983	-10.0598290598291
			7.82051282051282	-10.0683760683761
			7.82051282051282	-10.0769230769231
			7.82051282051282	-10.0854700854701
			7.81196581196581	-10.0854700854701
			7.81196581196581	-10.0940170940171
			7.8034188034188	-10.1025641025641
			7.8034188034188	-10.1111111111111
			7.7948717948718	-10.1111111111111
			7.7948717948718	-10.1196581196581
			7.78632478632479	-10.1282051282051
			7.77777777777778	-10.1367521367521
			7.77777777777778	-10.1452991452991
			7.76923076923077	-10.1538461538462
			7.76068376068376	-10.1623931623932
			7.75213675213675	-10.1709401709402
			7.74358974358974	-10.1794871794872
			7.73504273504274	-10.1880341880342
			7.73504273504274	-10.1965811965812
			7.72649572649573	-10.1965811965812
			7.71794871794872	-10.2051282051282
			7.70940170940171	-10.2051282051282
			7.70940170940171	-10.2136752136752
			7.7008547008547	-10.2136752136752
			7.69230769230769	-10.2136752136752
			7.68376068376068	-10.2136752136752
		</curveLM09>
		<curveLM10 type=matrix rownames=FALSE colnames=FALSE nrow=73 ncol=2 as.numeric=TRUE >
			7.68376068376068	-10.2136752136752
			7.67521367521368	-10.2136752136752
			7.67521367521368	-10.2051282051282
			7.66666666666667	-10.2051282051282
			7.65811965811966	-10.1965811965812
			7.64957264957265	-10.1965811965812
			7.64957264957265	-10.1880341880342
			7.64102564102564	-10.1794871794872
			7.63247863247863	-10.1794871794872
			7.63247863247863	-10.1709401709402
			7.62393162393162	-10.1623931623932
			7.61538461538462	-10.1538461538462
			7.60683760683761	-10.1452991452991
			7.60683760683761	-10.1367521367521
			7.5982905982906	-10.1282051282051
			7.5982905982906	-10.1196581196581
			7.58974358974359	-10.1111111111111
			7.58974358974359	-10.1025641025641
			7.58119658119658	-10.0940170940171
			7.58119658119658	-10.0854700854701
			7.57264957264957	-10.0769230769231
			7.57264957264957	-10.0683760683761
			7.56410256410256	-10.0598290598291
			7.56410256410256	-10.0512820512821
			7.56410256410256	-10.042735042735
			7.55555555555556	-10.034188034188
			7.55555555555556	-10.025641025641
			7.55555555555556	-10.017094017094
			7.55555555555556	-10.008547008547
			7.54700854700855	-10.008547008547
			7.54700854700855	-10
			7.54700854700855	-9.99145299145299
			7.54700854700855	-9.98290598290598
			7.53846153846154	-9.97435897435898
			7.53846153846154	-9.96581196581197
			7.53846153846154	-9.95726495726496
			7.53846153846154	-9.94871794871795
			7.53846153846154	-9.94017094017094
			7.52991452991453	-9.93162393162393
			7.52991452991453	-9.92307692307692
			7.52991452991453	-9.91452991452991
			7.52991452991453	-9.90598290598291
			7.52991452991453	-9.8974358974359
			7.52136752136752	-9.88888888888889
			7.52136752136752	-9.88034188034188
			7.52136752136752	-9.87179487179487
			7.52136752136752	-9.86324786324786
			7.52136752136752	-9.85470085470086
			7.52136752136752	-9.84615384615385
			7.52136752136752	-9.83760683760684
			7.52136752136752	-9.82905982905983
			7.51282051282051	-9.82905982905983
			7.51282051282051	-9.82051282051282
			7.51282051282051	-9.81196581196581
			7.51282051282051	-9.8034188034188
			7.51282051282051	-9.7948717948718
			7.51282051282051	-9.78632478632479
			7.50427350427351	-9.77777777777778
			7.50427350427351	-9.76923076923077
			7.50427350427351	-9.76068376068376
			7.50427350427351	-9.75213675213675
			7.4957264957265	-9.74358974358974
			7.4957264957265	-9.73504273504274
			7.4957264957265	-9.72649572649573
			7.48717948717949	-9.71794871794872
			7.48717948717949	-9.70940170940171
			7.47863247863248	-9.7008547008547
			7.47008547008547	-9.69230769230769
			7.47008547008547	-9.68376068376068
			7.46153846153846	-9.67521367521368
			7.45299145299145	-9.66666666666667
			7.44444444444445	-9.66666666666667
			7.43589743589744	-9.65811965811966
		</curveLM10>
		<curveLM11 type=matrix rownames=FALSE colnames=FALSE nrow=64 ncol=2 as.numeric=TRUE >
			7.43589743589744	-9.65811965811966
			7.42735042735043	-9.65811965811966
			7.41880341880342	-9.65811965811966
			7.41025641025641	-9.65811965811966
			7.4017094017094	-9.65811965811966
			7.39316239316239	-9.65811965811966
			7.38461538461539	-9.65811965811966
			7.37606837606838	-9.66666666666667
			7.36752136752137	-9.66666666666667
			7.35897435897436	-9.67521367521368
			7.35042735042735	-9.68376068376068
			7.34188034188034	-9.69230769230769
			7.33333333333333	-9.69230769230769
			7.32478632478633	-9.7008547008547
			7.31623931623932	-9.7008547008547
			7.31623931623932	-9.70940170940171
			7.30769230769231	-9.71794871794872
			7.2991452991453	-9.71794871794872
			7.29059829059829	-9.72649572649573
			7.29059829059829	-9.73504273504274
			7.28205128205128	-9.74358974358974
			7.27350427350427	-9.74358974358974
			7.26495726495727	-9.75213675213675
			7.26495726495727	-9.76068376068376
			7.25641025641026	-9.76923076923077
			7.24786324786325	-9.77777777777778
			7.23931623931624	-9.78632478632479
			7.23076923076923	-9.7948717948718
			7.22222222222222	-9.8034188034188
			7.22222222222222	-9.81196581196581
			7.21367521367521	-9.82051282051282
			7.21367521367521	-9.82905982905983
			7.20512820512821	-9.83760683760684
			7.1965811965812	-9.84615384615385
			7.18803418803419	-9.85470085470086
			7.18803418803419	-9.86324786324786
			7.17948717948718	-9.87179487179487
			7.17948717948718	-9.88034188034188
			7.17094017094017	-9.88034188034188
			7.17094017094017	-9.88888888888889
			7.16239316239316	-9.8974358974359
			7.16239316239316	-9.90598290598291
			7.15384615384615	-9.91452991452991
			7.14529914529915	-9.92307692307692
			7.13675213675214	-9.93162393162393
			7.13675213675214	-9.94017094017094
			7.12820512820513	-9.94871794871795
			7.12820512820513	-9.95726495726496
			7.11965811965812	-9.95726495726496
			7.11965811965812	-9.96581196581197
			7.11111111111111	-9.97435897435898
			7.1025641025641	-9.98290598290598
			7.09401709401709	-9.99145299145299
			7.08547008547009	-10
			7.07692307692308	-10.008547008547
			7.06837606837607	-10.017094017094
			7.05982905982906	-10.025641025641
			7.05128205128205	-10.025641025641
			7.04273504273504	-10.034188034188
			7.03418803418803	-10.034188034188
			7.02564102564103	-10.034188034188
			7.01709401709402	-10.034188034188
			7.01709401709402	-10.025641025641
			7.00854700854701	-10.025641025641
		</curveLM11>
		<curveLM12 type=matrix rownames=FALSE colnames=FALSE nrow=363 ncol=2 as.numeric=TRUE >
			7.00854700854701	-10.025641025641
			7	-10.025641025641
			7	-10.017094017094
			6.99145299145299	-10.017094017094
			6.99145299145299	-10.008547008547
			6.98290598290598	-10.008547008547
			6.98290598290598	-10
			6.97435897435898	-9.99145299145299
			6.97435897435898	-9.98290598290598
			6.96581196581197	-9.97435897435898
			6.96581196581197	-9.96581196581197
			6.96581196581197	-9.95726495726496
			6.95726495726496	-9.94871794871795
			6.95726495726496	-9.94017094017094
			6.95726495726496	-9.93162393162393
			6.94871794871795	-9.92307692307692
			6.94871794871795	-9.91452991452991
			6.94871794871795	-9.90598290598291
			6.94871794871795	-9.8974358974359
			6.94871794871795	-9.88888888888889
			6.94871794871795	-9.88034188034188
			6.94871794871795	-9.87179487179487
			6.94871794871795	-9.86324786324786
			6.94871794871795	-9.85470085470086
			6.94871794871795	-9.84615384615385
			6.94871794871795	-9.83760683760684
			6.94871794871795	-9.82905982905983
			6.94871794871795	-9.82051282051282
			6.94871794871795	-9.81196581196581
			6.94871794871795	-9.8034188034188
			6.94871794871795	-9.7948717948718
			6.94871794871795	-9.78632478632479
			6.94871794871795	-9.77777777777778
			6.94871794871795	-9.76923076923077
			6.94871794871795	-9.76068376068376
			6.94871794871795	-9.75213675213675
			6.94871794871795	-9.74358974358974
			6.94871794871795	-9.73504273504274
			6.94871794871795	-9.72649572649573
			6.94871794871795	-9.71794871794872
			6.94871794871795	-9.70940170940171
			6.94871794871795	-9.7008547008547
			6.94871794871795	-9.69230769230769
			6.94871794871795	-9.68376068376068
			6.94871794871795	-9.67521367521368
			6.94871794871795	-9.66666666666667
			6.94871794871795	-9.65811965811966
			6.95726495726496	-9.64957264957265
			6.95726495726496	-9.64102564102564
			6.95726495726496	-9.63247863247863
			6.95726495726496	-9.62393162393163
			6.95726495726496	-9.61538461538462
			6.95726495726496	-9.60683760683761
			6.95726495726496	-9.5982905982906
			6.95726495726496	-9.58974358974359
			6.95726495726496	-9.58119658119658
			6.96581196581197	-9.57264957264957
			6.96581196581197	-9.56410256410257
			6.96581196581197	-9.55555555555556
			6.96581196581197	-9.54700854700855
			6.96581196581197	-9.53846153846154
			6.96581196581197	-9.52991452991453
			6.96581196581197	-9.52136752136752
			6.96581196581197	-9.51282051282051
			6.97435897435898	-9.50427350427351
			6.97435897435898	-9.4957264957265
			6.97435897435898	-9.48717948717949
			6.97435897435898	-9.47863247863248
			6.97435897435898	-9.47008547008547
			6.97435897435898	-9.46153846153846
			6.98290598290598	-9.45299145299145
			6.98290598290598	-9.44444444444444
			6.98290598290598	-9.43589743589744
			6.98290598290598	-9.42735042735043
			6.98290598290598	-9.41880341880342
			6.98290598290598	-9.41025641025641
			6.99145299145299	-9.4017094017094
			6.99145299145299	-9.39316239316239
			6.99145299145299	-9.38461538461539
			6.99145299145299	-9.37606837606838
			6.99145299145299	-9.36752136752137
			6.99145299145299	-9.35897435897436
			7	-9.35042735042735
			7	-9.34188034188034
			7	-9.33333333333333
			7	-9.32478632478633
			7	-9.31623931623932
			7	-9.30769230769231
			7.00854700854701	-9.2991452991453
			7.00854700854701	-9.29059829059829
			7.00854700854701	-9.28205128205128
			7.00854700854701	-9.27350427350427
			7.00854700854701	-9.26495726495727
			7.00854700854701	-9.25641025641026
			7.01709401709402	-9.24786324786325
			7.01709401709402	-9.23931623931624
			7.01709401709402	-9.23076923076923
			7.01709401709402	-9.22222222222222
			7.01709401709402	-9.21367521367521
			7.01709401709402	-9.20512820512821
			7.02564102564103	-9.1965811965812
			7.02564102564103	-9.18803418803419
			7.02564102564103	-9.17948717948718
			7.02564102564103	-9.17094017094017
			7.02564102564103	-9.16239316239316
			7.03418803418803	-9.15384615384616
			7.03418803418803	-9.14529914529915
			7.03418803418803	-9.13675213675214
			7.03418803418803	-9.12820512820513
			7.03418803418803	-9.11965811965812
			7.03418803418803	-9.11111111111111
			7.04273504273504	-9.1025641025641
			7.04273504273504	-9.0940170940171
			7.04273504273504	-9.08547008547009
			7.04273504273504	-9.07692307692308
			7.04273504273504	-9.06837606837607
			7.04273504273504	-9.05982905982906
			7.05128205128205	-9.05128205128205
			7.05128205128205	-9.04273504273504
			7.05128205128205	-9.03418803418804
			7.05128205128205	-9.02564102564103
			7.05128205128205	-9.01709401709402
			7.05128205128205	-9.00854700854701
			7.05982905982906	-9.00854700854701
			7.05982905982906	-9
			7.05982905982906	-8.99145299145299
			7.05982905982906	-8.98290598290598
			7.05982905982906	-8.97435897435897
			7.05982905982906	-8.96581196581197
			7.06837606837607	-8.95726495726496
			7.06837606837607	-8.94871794871795
			7.06837606837607	-8.94017094017094
			7.06837606837607	-8.93162393162393
			7.06837606837607	-8.92307692307692
			7.07692307692308	-8.92307692307692
			7.07692307692308	-8.91452991452991
			7.07692307692308	-8.90598290598291
			7.07692307692308	-8.8974358974359
			7.07692307692308	-8.88888888888889
			7.07692307692308	-8.88034188034188
			7.08547008547009	-8.87179487179487
			7.08547008547009	-8.86324786324786
			7.08547008547009	-8.85470085470086
			7.08547008547009	-8.84615384615385
			7.08547008547009	-8.83760683760684
			7.09401709401709	-8.82905982905983
			7.09401709401709	-8.82051282051282
			7.09401709401709	-8.81196581196581
			7.09401709401709	-8.8034188034188
			7.09401709401709	-8.7948717948718
			7.1025641025641	-8.78632478632479
			7.1025641025641	-8.77777777777778
			7.1025641025641	-8.76923076923077
			7.1025641025641	-8.76068376068376
			7.1025641025641	-8.75213675213675
			7.1025641025641	-8.74358974358974
			7.11111111111111	-8.74358974358974
			7.11111111111111	-8.73504273504274
			7.11111111111111	-8.72649572649573
			7.11111111111111	-8.71794871794872
			7.11111111111111	-8.70940170940171
			7.11965811965812	-8.7008547008547
			7.11965811965812	-8.69230769230769
			7.11965811965812	-8.68376068376068
			7.11965811965812	-8.67521367521368
			7.11965811965812	-8.66666666666667
			7.12820512820513	-8.66666666666667
			7.12820512820513	-8.65811965811966
			7.12820512820513	-8.64957264957265
			7.12820512820513	-8.64102564102564
			7.12820512820513	-8.63247863247863
			7.13675213675214	-8.62393162393163
			7.13675213675214	-8.61538461538462
			7.13675213675214	-8.60683760683761
			7.13675213675214	-8.5982905982906
			7.14529914529915	-8.58974358974359
			7.14529914529915	-8.58119658119658
			7.14529914529915	-8.57264957264957
			7.14529914529915	-8.56410256410257
			7.14529914529915	-8.55555555555556
			7.15384615384615	-8.54700854700855
			7.15384615384615	-8.53846153846154
			7.15384615384615	-8.52991452991453
			7.15384615384615	-8.52136752136752
			7.16239316239316	-8.51282051282051
			7.16239316239316	-8.5042735042735
			7.16239316239316	-8.4957264957265
			7.16239316239316	-8.48717948717949
			7.16239316239316	-8.47863247863248
			7.17094017094017	-8.47008547008547
			7.17094017094017	-8.46153846153846
			7.17094017094017	-8.45299145299145
			7.17094017094017	-8.44444444444444
			7.17948717948718	-8.43589743589744
			7.17948717948718	-8.42735042735043
			7.17948717948718	-8.41880341880342
			7.17948717948718	-8.41025641025641
			7.18803418803419	-8.4017094017094
			7.18803418803419	-8.39316239316239
			7.18803418803419	-8.38461538461539
			7.18803418803419	-8.37606837606838
			7.1965811965812	-8.36752136752137
			7.1965811965812	-8.35897435897436
			7.1965811965812	-8.35042735042735
			7.1965811965812	-8.34188034188034
			7.20512820512821	-8.33333333333333
			7.20512820512821	-8.32478632478633
			7.20512820512821	-8.31623931623932
			7.20512820512821	-8.30769230769231
			7.20512820512821	-8.2991452991453
			7.21367521367521	-8.29059829059829
			7.21367521367521	-8.28205128205128
			7.21367521367521	-8.27350427350427
			7.22222222222222	-8.26495726495727
			7.22222222222222	-8.25641025641026
			7.22222222222222	-8.24786324786325
			7.23076923076923	-8.23931623931624
			7.23076923076923	-8.23076923076923
			7.23076923076923	-8.22222222222222
			7.23076923076923	-8.21367521367521
			7.23931623931624	-8.20512820512821
			7.23931623931624	-8.1965811965812
			7.23931623931624	-8.18803418803419
			7.23931623931624	-8.17948717948718
			7.23931623931624	-8.17094017094017
			7.24786324786325	-8.17094017094017
			7.24786324786325	-8.16239316239316
			7.24786324786325	-8.15384615384616
			7.24786324786325	-8.14529914529915
			7.25641025641026	-8.13675213675214
			7.25641025641026	-8.12820512820513
			7.25641025641026	-8.11965811965812
			7.26495726495727	-8.11111111111111
			7.26495726495727	-8.1025641025641
			7.26495726495727	-8.0940170940171
			7.26495726495727	-8.08547008547009
			7.27350427350427	-8.07692307692308
			7.27350427350427	-8.06837606837607
			7.27350427350427	-8.05982905982906
			7.28205128205128	-8.05128205128205
			7.28205128205128	-8.04273504273504
			7.28205128205128	-8.03418803418804
			7.28205128205128	-8.02564102564103
			7.29059829059829	-8.01709401709402
			7.29059829059829	-8.00854700854701
			7.29059829059829	-8
			7.2991452991453	-7.99145299145299
			7.2991452991453	-7.98290598290598
			7.2991452991453	-7.97435897435898
			7.30769230769231	-7.96581196581197
			7.30769230769231	-7.95726495726496
			7.30769230769231	-7.94871794871795
			7.31623931623932	-7.94017094017094
			7.31623931623932	-7.93162393162393
			7.31623931623932	-7.92307692307692
			7.31623931623932	-7.91452991452992
			7.32478632478633	-7.90598290598291
			7.32478632478633	-7.8974358974359
			7.32478632478633	-7.88888888888889
			7.33333333333333	-7.88034188034188
			7.33333333333333	-7.87179487179487
			7.33333333333333	-7.86324786324786
			7.34188034188034	-7.85470085470086
			7.34188034188034	-7.84615384615385
			7.34188034188034	-7.83760683760684
			7.35042735042735	-7.82905982905983
			7.35042735042735	-7.82051282051282
			7.35042735042735	-7.81196581196581
			7.35897435897436	-7.8034188034188
			7.35897435897436	-7.7948717948718
			7.35897435897436	-7.78632478632479
			7.36752136752137	-7.77777777777778
			7.36752136752137	-7.76923076923077
			7.36752136752137	-7.76068376068376
			7.37606837606838	-7.75213675213675
			7.37606837606838	-7.74358974358974
			7.37606837606838	-7.73504273504274
			7.38461538461539	-7.73504273504274
			7.38461538461539	-7.72649572649573
			7.38461538461539	-7.71794871794872
			7.38461538461539	-7.70940170940171
			7.39316239316239	-7.7008547008547
			7.39316239316239	-7.69230769230769
			7.4017094017094	-7.68376068376068
			7.4017094017094	-7.67521367521368
			7.4017094017094	-7.66666666666667
			7.41025641025641	-7.65811965811966
			7.41025641025641	-7.64957264957265
			7.41025641025641	-7.64102564102564
			7.41880341880342	-7.63247863247863
			7.41880341880342	-7.62393162393162
			7.41880341880342	-7.61538461538462
			7.42735042735043	-7.60683760683761
			7.42735042735043	-7.5982905982906
			7.43589743589744	-7.58974358974359
			7.43589743589744	-7.58119658119658
			7.44444444444445	-7.57264957264957
			7.44444444444445	-7.56410256410256
			7.44444444444445	-7.55555555555556
			7.45299145299145	-7.54700854700855
			7.45299145299145	-7.53846153846154
			7.45299145299145	-7.52991452991453
			7.46153846153846	-7.52136752136752
			7.46153846153846	-7.51282051282051
			7.47008547008547	-7.50427350427351
			7.47008547008547	-7.4957264957265
			7.47008547008547	-7.48717948717949
			7.47863247863248	-7.47863247863248
			7.47863247863248	-7.47008547008547
			7.48717948717949	-7.46153846153846
			7.48717948717949	-7.45299145299145
			7.4957264957265	-7.44444444444445
			7.4957264957265	-7.43589743589744
			7.50427350427351	-7.42735042735043
			7.50427350427351	-7.41880341880342
			7.50427350427351	-7.41025641025641
			7.51282051282051	-7.4017094017094
			7.51282051282051	-7.39316239316239
			7.52136752136752	-7.38461538461539
			7.52136752136752	-7.37606837606838
			7.52136752136752	-7.36752136752137
			7.52991452991453	-7.35897435897436
			7.52991452991453	-7.35042735042735
			7.53846153846154	-7.34188034188034
			7.53846153846154	-7.33333333333333
			7.54700854700855	-7.32478632478633
			7.54700854700855	-7.31623931623932
			7.55555555555556	-7.31623931623932
			7.55555555555556	-7.30769230769231
			7.55555555555556	-7.2991452991453
			7.56410256410256	-7.29059829059829
			7.56410256410256	-7.28205128205128
			7.57264957264957	-7.27350427350427
			7.57264957264957	-7.26495726495727
			7.58119658119658	-7.25641025641026
			7.58119658119658	-7.24786324786325
			7.58974358974359	-7.23931623931624
			7.58974358974359	-7.23076923076923
			7.5982905982906	-7.22222222222222
			7.5982905982906	-7.21367521367521
			7.60683760683761	-7.20512820512821
			7.60683760683761	-7.1965811965812
			7.61538461538462	-7.18803418803419
			7.61538461538462	-7.17948717948718
			7.62393162393162	-7.17094017094017
			7.62393162393162	-7.16239316239316
			7.63247863247863	-7.15384615384615
			7.63247863247863	-7.14529914529915
			7.64102564102564	-7.13675213675214
			7.64102564102564	-7.12820512820513
			7.64957264957265	-7.11965811965812
			7.65811965811966	-7.11111111111111
			7.66666666666667	-7.1025641025641
			7.66666666666667	-7.09401709401709
			7.66666666666667	-7.08547008547009
			7.67521367521368	-7.08547008547009
			7.67521367521368	-7.07692307692308
			7.67521367521368	-7.06837606837607
			7.68376068376068	-7.06837606837607
			7.68376068376068	-7.05982905982906
			7.69230769230769	-7.05128205128205
			7.69230769230769	-7.04273504273504
			7.7008547008547	-7.03418803418803
		</curveLM12>
	</curves.scaled>
	<ruler.points type=matrix rownames=TRUE colnames=FALSE nrow=5 ncol=2 as.numeric=TRUE >
		Ruler point 1	434	1409
		Ruler point 2	551	1409
		Ruler point 3	668	1409
		Ruler point 4	785	1410
		Ruler point 5	902	1409
	</ruler.points>
</shapes>

