<shapes type=list>
	<ruler.interval type=vector names=FALSE length=1 as.numeric=TRUE >1</ruler.interval>
	<scaling.units type=vector names=FALSE length=1 as.numeric=FALSE >cm</scaling.units>
	<scaling type=vector names=FALSE length=1 as.numeric=TRUE >0.00851063831683339</scaling>
	<landmarks.pixel type=matrix rownames=TRUE colnames=FALSE nrow=6 ncol=2 as.numeric=TRUE >
		LM01	902	818
		LM02	1010	1160
		LM03	936	1123
		LM04	902	1196
		LM05	871	1122
		LM06	798	1162
	</landmarks.pixel>
	<landmarks.scaled type=matrix rownames=TRUE colnames=FALSE nrow=6 ncol=2 as.numeric=TRUE >
		LM01	7.67659576178372	-6.96170214316971
		LM02	8.59574470000172	-9.87234044752673
		LM03	7.96595746455605	-9.5574468298039
		LM04	7.67659576178372	-10.1787234269327
		LM05	7.41276597396188	-9.54893619148706
		LM06	6.79148937683304	-9.8893617241604
	</landmarks.scaled>
	<curves.control type=list>
		<curveLM07 type=matrix rownames=FALSE colnames=FALSE nrow=5 ncol=2 as.numeric=TRUE >
			902	818
			931	852
			980	1020
			1022	1135
			1010	1160
		</curveLM07>
		<curveLM08 type=matrix rownames=FALSE colnames=FALSE nrow=5 ncol=2 as.numeric=TRUE >
			1010	1160
			1002	1163
			970	1146
			953	1125
			936	1123
		</curveLM08>
		<curveLM09 type=matrix rownames=FALSE colnames=FALSE nrow=5 ncol=2 as.numeric=TRUE >
			936	1123
			930	1136
			922	1172
			921	1199
			902	1196
		</curveLM09>
		<curveLM10 type=matrix rownames=FALSE colnames=FALSE nrow=5 ncol=2 as.numeric=TRUE >
			902	1196
			878	1194
			879	1166
			878	1133
			871	1122
		</curveLM10>
		<curveLM11 type=matrix rownames=FALSE colnames=FALSE nrow=5 ncol=2 as.numeric=TRUE >
			871	1122
			862	1118
			835	1144
			810	1165
			798	1162
		</curveLM11>
		<curveLM12 type=matrix rownames=FALSE colnames=FALSE nrow=5 ncol=2 as.numeric=TRUE >
			798	1162
			790	1145
			805	1086
			868	869
			902	818
		</curveLM12>
	</curves.control>
	<curves.pixel type=list>
		<curveLM07 type=matrix rownames=FALSE colnames=FALSE nrow=352 ncol=2 as.numeric=TRUE >
			902	818
			903	819
			903	820
			904	820
			905	821
			905	822
			906	823
			907	824
			907	825
			908	826
			909	827
			909	828
			910	829
			910	830
			911	831
			912	832
			912	833
			913	834
			913	835
			914	836
			914	837
			915	838
			915	839
			916	840
			916	841
			917	842
			918	843
			918	844
			919	845
			919	846
			920	847
			920	848
			921	849
			921	850
			921	851
			922	851
			922	852
			922	853
			923	853
			923	854
			923	855
			924	856
			924	857
			925	858
			925	859
			926	860
			926	861
			926	862
			927	863
			927	864
			928	865
			928	866
			928	867
			929	868
			929	869
			930	870
			930	871
			931	872
			931	873
			931	874
			932	875
			932	876
			933	877
			933	878
			934	879
			934	880
			934	881
			935	882
			935	883
			936	884
			936	885
			936	886
			936	887
			937	888
			937	889
			938	890
			938	891
			939	892
			939	893
			939	894
			939	895
			940	895
			940	896
			940	897
			941	898
			941	899
			941	900
			942	901
			942	902
			943	903
			943	904
			943	905
			944	906
			944	907
			944	908
			945	909
			945	910
			945	911
			946	912
			946	913
			946	914
			947	915
			947	916
			948	917
			948	918
			948	919
			949	920
			949	921
			949	922
			950	923
			950	924
			950	925
			951	926
			951	927
			951	928
			952	929
			952	930
			952	931
			953	932
			953	933
			953	934
			954	935
			954	936
			954	937
			955	938
			955	939
			955	940
			956	941
			956	942
			956	943
			957	944
			957	945
			957	946
			958	947
			958	948
			958	949
			959	950
			959	951
			959	952
			960	953
			960	954
			960	955
			961	956
			961	957
			961	958
			962	959
			962	960
			962	961
			963	962
			963	963
			963	964
			964	965
			964	966
			964	967
			964	968
			965	969
			965	970
			965	971
			965	972
			966	972
			966	973
			966	974
			966	975
			967	976
			967	977
			967	978
			968	979
			968	980
			968	981
			969	982
			969	983
			969	984
			970	985
			970	986
			970	987
			970	988
			971	989
			971	990
			971	991
			972	992
			972	993
			972	994
			973	995
			973	996
			973	997
			973	998
			974	999
			974	1000
			974	1001
			975	1002
			975	1003
			975	1004
			976	1005
			976	1006
			976	1007
			977	1008
			977	1009
			977	1010
			977	1011
			978	1012
			978	1013
			978	1014
			979	1015
			979	1016
			979	1017
			980	1018
			980	1019
			980	1020
			980	1021
			981	1022
			981	1023
			981	1024
			982	1025
			982	1026
			983	1027
			983	1028
			983	1029
			984	1030
			984	1031
			984	1032
			985	1033
			985	1034
			985	1035
			986	1036
			986	1037
			987	1038
			987	1039
			987	1040
			988	1041
			988	1042
			988	1043
			989	1044
			989	1045
			989	1046
			990	1047
			990	1048
			990	1049
			991	1050
			991	1051
			991	1052
			991	1053
			992	1054
			992	1055
			993	1056
			993	1057
			993	1058
			993	1059
			994	1059
			994	1060
			994	1061
			995	1062
			995	1063
			995	1064
			995	1065
			996	1066
			996	1067
			996	1068
			997	1069
			997	1070
			997	1071
			998	1072
			998	1073
			998	1074
			999	1075
			999	1076
			999	1077
			1000	1078
			1000	1079
			1000	1080
			1000	1081
			1001	1082
			1001	1083
			1001	1084
			1002	1085
			1002	1086
			1002	1087
			1002	1088
			1003	1089
			1003	1090
			1003	1091
			1003	1092
			1004	1093
			1004	1094
			1004	1095
			1005	1096
			1005	1097
			1005	1098
			1005	1099
			1006	1100
			1006	1101
			1006	1102
			1006	1103
			1006	1104
			1007	1104
			1007	1105
			1007	1106
			1007	1107
			1007	1108
			1008	1109
			1008	1110
			1008	1111
			1008	1112
			1009	1113
			1009	1114
			1009	1115
			1009	1116
			1009	1117
			1010	1118
			1010	1119
			1010	1120
			1010	1121
			1010	1122
			1010	1123
			1011	1124
			1011	1125
			1011	1126
			1011	1127
			1011	1128
			1012	1129
			1012	1130
			1012	1131
			1012	1132
			1012	1133
			1012	1134
			1012	1135
			1012	1136
			1012	1137
			1012	1138
			1012	1139
			1013	1139
			1013	1140
			1013	1141
			1013	1142
			1013	1143
			1013	1144
			1013	1145
			1013	1146
			1013	1147
			1013	1148
			1013	1149
			1012	1149
			1012	1150
			1012	1151
			1012	1152
			1012	1153
			1012	1154
			1012	1155
			1011	1156
			1011	1157
			1011	1158
			1010	1159
			1010	1160
		</curveLM07>
		<curveLM08 type=matrix rownames=FALSE colnames=FALSE nrow=81 ncol=2 as.numeric=TRUE >
			1010	1160
			1009	1160
			1008	1160
			1007	1160
			1006	1160
			1005	1160
			1004	1160
			1003	1160
			1002	1160
			1001	1160
			1000	1159
			999	1159
			998	1159
			997	1158
			996	1158
			995	1157
			994	1157
			993	1157
			992	1157
			992	1156
			991	1156
			990	1156
			989	1155
			988	1155
			987	1154
			986	1154
			985	1153
			984	1153
			983	1152
			982	1152
			981	1152
			981	1151
			980	1151
			979	1151
			979	1150
			978	1150
			977	1150
			976	1149
			975	1149
			974	1148
			973	1148
			972	1147
			971	1147
			970	1146
			969	1145
			968	1144
			967	1143
			966	1142
			966	1141
			965	1140
			964	1140
			964	1139
			963	1138
			962	1137
			961	1136
			960	1135
			959	1134
			958	1134
			958	1133
			957	1133
			956	1132
			955	1131
			954	1130
			953	1129
			952	1129
			951	1128
			950	1128
			949	1127
			948	1127
			947	1126
			946	1126
			945	1125
			944	1125
			943	1124
			942	1124
			941	1124
			940	1124
			939	1124
			938	1123
			937	1123
			936	1123
		</curveLM08>
		<curveLM09 type=matrix rownames=FALSE colnames=FALSE nrow=85 ncol=2 as.numeric=TRUE >
			936	1123
			936	1124
			935	1124
			935	1125
			935	1126
			934	1127
			934	1128
			934	1129
			933	1130
			933	1131
			933	1132
			932	1133
			932	1134
			931	1135
			931	1136
			931	1137
			931	1138
			930	1139
			930	1140
			930	1141
			929	1142
			929	1143
			929	1144
			929	1145
			928	1146
			928	1147
			928	1148
			927	1149
			927	1150
			927	1151
			927	1152
			927	1153
			926	1154
			926	1155
			926	1156
			925	1157
			925	1158
			925	1159
			925	1160
			925	1161
			924	1162
			924	1163
			924	1164
			924	1165
			923	1166
			923	1167
			923	1168
			923	1169
			923	1170
			922	1171
			922	1172
			922	1173
			922	1174
			922	1175
			922	1176
			922	1177
			921	1178
			921	1179
			921	1180
			921	1181
			921	1182
			921	1183
			920	1184
			920	1185
			920	1186
			919	1187
			919	1188
			918	1189
			917	1190
			917	1191
			916	1192
			915	1193
			914	1194
			913	1195
			912	1195
			911	1196
			910	1196
			909	1196
			908	1196
			907	1196
			906	1196
			905	1196
			904	1196
			903	1196
			902	1196
		</curveLM09>
		<curveLM10 type=matrix rownames=FALSE colnames=FALSE nrow=86 ncol=2 as.numeric=TRUE >
			902	1196
			901	1196
			900	1196
			899	1196
			898	1195
			897	1195
			896	1195
			895	1195
			894	1194
			893	1194
			892	1194
			892	1193
			891	1193
			890	1193
			889	1192
			888	1191
			887	1190
			886	1189
			885	1189
			884	1188
			884	1187
			883	1186
			883	1185
			882	1184
			882	1183
			881	1182
			881	1181
			881	1180
			880	1179
			880	1178
			880	1177
			880	1176
			879	1175
			879	1174
			879	1173
			879	1172
			879	1171
			879	1170
			879	1169
			879	1168
			879	1167
			879	1166
			879	1165
			879	1164
			879	1163
			879	1162
			879	1161
			879	1160
			879	1159
			879	1158
			879	1157
			879	1156
			878	1155
			878	1154
			878	1153
			878	1152
			878	1151
			878	1150
			878	1149
			878	1148
			878	1147
			878	1146
			877	1145
			877	1144
			877	1143
			877	1142
			877	1141
			877	1140
			877	1139
			876	1138
			876	1137
			876	1136
			876	1135
			876	1134
			875	1133
			875	1132
			875	1131
			875	1130
			874	1129
			874	1128
			873	1127
			873	1126
			873	1125
			872	1124
			872	1123
			871	1122
		</curveLM10>
		<curveLM11 type=matrix rownames=FALSE colnames=FALSE nrow=76 ncol=2 as.numeric=TRUE >
			871	1122
			870	1122
			869	1122
			868	1121
			867	1122
			866	1122
			865	1122
			864	1122
			863	1123
			862	1123
			861	1123
			860	1124
			859	1124
			858	1125
			857	1126
			856	1126
			855	1127
			854	1128
			853	1128
			852	1129
			851	1130
			850	1131
			849	1132
			848	1132
			847	1133
			846	1134
			845	1135
			844	1136
			843	1137
			842	1137
			841	1138
			840	1139
			839	1140
			838	1141
			837	1142
			836	1143
			835	1144
			834	1145
			833	1146
			832	1147
			831	1147
			830	1148
			829	1149
			828	1150
			827	1150
			826	1151
			825	1152
			824	1152
			824	1153
			823	1153
			822	1154
			821	1155
			820	1155
			819	1156
			818	1156
			818	1157
			817	1157
			816	1158
			815	1158
			814	1159
			813	1159
			812	1160
			811	1160
			810	1160
			809	1161
			808	1161
			807	1161
			806	1162
			805	1162
			804	1162
			803	1162
			802	1162
			801	1162
			800	1162
			799	1162
			798	1162
		</curveLM11>
		<curveLM12 type=matrix rownames=FALSE colnames=FALSE nrow=358 ncol=2 as.numeric=TRUE >
			798	1162
			798	1161
			797	1160
			797	1159
			796	1158
			796	1157
			796	1156
			796	1155
			796	1154
			796	1153
			796	1152
			795	1151
			795	1150
			795	1149
			795	1148
			795	1147
			795	1146
			795	1145
			795	1144
			795	1143
			795	1142
			795	1141
			795	1140
			795	1139
			795	1138
			796	1137
			796	1136
			796	1135
			796	1134
			796	1133
			796	1132
			796	1131
			796	1130
			796	1129
			797	1128
			797	1127
			797	1126
			797	1125
			797	1124
			797	1123
			797	1122
			797	1121
			798	1120
			798	1119
			798	1118
			798	1117
			798	1116
			799	1115
			799	1114
			799	1113
			799	1112
			799	1111
			800	1110
			800	1109
			800	1108
			800	1107
			800	1106
			801	1105
			801	1104
			801	1103
			801	1102
			801	1101
			802	1101
			802	1100
			802	1099
			802	1098
			802	1097
			803	1096
			803	1095
			803	1094
			803	1093
			803	1092
			804	1092
			804	1091
			804	1090
			804	1089
			804	1088
			805	1087
			805	1086
			805	1085
			806	1084
			806	1083
			806	1082
			806	1081
			807	1080
			807	1079
			807	1078
			808	1077
			808	1076
			808	1075
			809	1074
			809	1073
			809	1072
			809	1071
			810	1070
			810	1069
			810	1068
			811	1067
			811	1066
			811	1065
			811	1064
			812	1063
			812	1062
			812	1061
			813	1060
			813	1059
			813	1058
			814	1057
			814	1056
			814	1055
			814	1054
			815	1053
			815	1052
			815	1051
			816	1050
			816	1049
			816	1048
			817	1047
			817	1046
			817	1045
			817	1044
			818	1043
			818	1042
			818	1041
			819	1040
			819	1039
			819	1038
			819	1037
			820	1036
			820	1035
			820	1034
			821	1034
			821	1033
			821	1032
			821	1031
			822	1030
			822	1029
			822	1028
			823	1027
			823	1026
			823	1025
			823	1024
			824	1023
			824	1022
			824	1021
			825	1020
			825	1019
			825	1018
			826	1017
			826	1016
			826	1015
			827	1014
			827	1013
			827	1012
			827	1011
			828	1010
			828	1009
			828	1008
			829	1007
			829	1006
			829	1005
			829	1004
			830	1004
			830	1003
			830	1002
			831	1001
			831	1000
			831	999
			831	998
			832	997
			832	996
			833	995
			833	994
			833	993
			833	992
			834	991
			834	990
			834	989
			835	988
			835	987
			835	986
			836	985
			836	984
			836	983
			837	982
			837	981
			837	980
			837	979
			838	979
			838	978
			838	977
			839	976
			839	975
			839	974
			839	973
			840	972
			840	971
			841	970
			841	969
			841	968
			842	967
			842	966
			842	965
			843	964
			843	963
			843	962
			843	961
			844	960
			844	959
			844	958
			845	957
			845	956
			845	955
			846	954
			846	953
			846	952
			847	951
			847	950
			847	949
			848	948
			848	947
			848	946
			849	945
			849	944
			849	943
			850	942
			850	941
			850	940
			851	940
			851	939
			851	938
			852	937
			852	936
			852	935
			852	934
			853	933
			853	932
			853	931
			854	930
			854	929
			855	928
			855	927
			855	926
			855	925
			856	925
			856	924
			856	923
			857	922
			857	921
			857	920
			858	919
			858	918
			858	917
			859	917
			859	916
			859	915
			860	914
			860	913
			860	912
			860	911
			861	910
			861	909
			862	908
			862	907
			863	906
			863	905
			863	904
			864	903
			864	902
			864	901
			865	900
			865	899
			865	898
			866	897
			866	896
			866	895
			867	894
			867	893
			868	892
			868	891
			868	890
			869	889
			869	888
			870	887
			870	886
			870	885
			871	884
			871	883
			872	882
			872	881
			872	880
			872	879
			873	879
			873	878
			873	877
			874	877
			874	876
			874	875
			875	874
			875	873
			875	872
			876	871
			876	870
			877	869
			877	868
			878	867
			878	866
			878	865
			879	864
			879	863
			880	862
			880	861
			880	860
			881	859
			881	858
			882	857
			882	856
			882	855
			883	855
			883	854
			884	853
			884	852
			884	851
			885	850
			885	849
			886	849
			886	848
			886	847
			887	846
			887	845
			888	844
			888	843
			889	842
			889	841
			890	840
			890	839
			891	838
			891	837
			892	836
			892	835
			893	834
			893	833
			894	832
			894	831
			895	830
			895	829
			896	828
			896	827
			897	826
			897	825
			898	825
			898	824
			899	823
			899	822
			900	821
			901	820
			901	819
			902	818
		</curveLM12>
	</curves.pixel>
	<curves.scaled type=list>
		<curveLM07 type=matrix rownames=FALSE colnames=FALSE nrow=352 ncol=2 as.numeric=TRUE >
			7.67659576178372	-6.96170214316971
			7.68510640010055	-6.97021278148654
			7.68510640010055	-6.97872341980338
			7.69361703841738	-6.97872341980338
			7.70212767673422	-6.98723405812021
			7.70212767673422	-6.99574469643705
			7.71063831505105	-7.00425533475388
			7.71914895336788	-7.01276597307071
			7.71914895336788	-7.02127661138755
			7.72765959168472	-7.02978724970438
			7.73617023000155	-7.03829788802121
			7.73617023000155	-7.04680852633805
			7.74468086831838	-7.05531916465488
			7.74468086831838	-7.06382980297171
			7.75319150663522	-7.07234044128855
			7.76170214495205	-7.08085107960538
			7.76170214495205	-7.08936171792221
			7.77021278326888	-7.09787235623905
			7.77021278326888	-7.10638299455588
			7.77872342158572	-7.11489363287271
			7.77872342158572	-7.12340427118955
			7.78723405990255	-7.13191490950638
			7.78723405990255	-7.14042554782321
			7.79574469821938	-7.14893618614005
			7.79574469821938	-7.15744682445688
			7.80425533653622	-7.16595746277371
			7.81276597485305	-7.17446810109055
			7.81276597485305	-7.18297873940738
			7.82127661316988	-7.19148937772421
			7.82127661316988	-7.20000001604105
			7.82978725148672	-7.20851065435788
			7.82978725148672	-7.21702129267471
			7.83829788980355	-7.22553193099155
			7.83829788980355	-7.23404256930838
			7.83829788980355	-7.24255320762521
			7.84680852812038	-7.24255320762521
			7.84680852812038	-7.25106384594205
			7.84680852812038	-7.25957448425888
			7.85531916643722	-7.25957448425888
			7.85531916643722	-7.26808512257571
			7.85531916643722	-7.27659576089255
			7.86382980475405	-7.28510639920938
			7.86382980475405	-7.29361703752621
			7.87234044307088	-7.30212767584305
			7.87234044307088	-7.31063831415988
			7.88085108138772	-7.31914895247671
			7.88085108138772	-7.32765959079355
			7.88085108138772	-7.33617022911038
			7.88936171970455	-7.34468086742721
			7.88936171970455	-7.35319150574405
			7.89787235802138	-7.36170214406088
			7.89787235802138	-7.37021278237771
			7.89787235802138	-7.37872342069455
			7.90638299633822	-7.38723405901138
			7.90638299633822	-7.39574469732821
			7.91489363465505	-7.40425533564505
			7.91489363465505	-7.41276597396188
			7.92340427297188	-7.42127661227871
			7.92340427297188	-7.42978725059555
			7.92340427297188	-7.43829788891238
			7.93191491128872	-7.44680852722921
			7.93191491128872	-7.45531916554605
			7.94042554960555	-7.46382980386288
			7.94042554960555	-7.47234044217972
			7.94893618792238	-7.48085108049655
			7.94893618792238	-7.48936171881338
			7.94893618792238	-7.49787235713022
			7.95744682623922	-7.50638299544705
			7.95744682623922	-7.51489363376388
			7.96595746455605	-7.52340427208072
			7.96595746455605	-7.53191491039755
			7.96595746455605	-7.54042554871438
			7.96595746455605	-7.54893618703122
			7.97446810287289	-7.55744682534805
			7.97446810287289	-7.56595746366488
			7.98297874118972	-7.57446810198172
			7.98297874118972	-7.58297874029855
			7.99148937950655	-7.59148937861538
			7.99148937950655	-7.60000001693222
			7.99148937950655	-7.60851065524905
			7.99148937950655	-7.61702129356588
			8.00000001782339	-7.61702129356588
			8.00000001782339	-7.62553193188272
			8.00000001782339	-7.63404257019955
			8.00851065614022	-7.64255320851638
			8.00851065614022	-7.65106384683322
			8.00851065614022	-7.65957448515005
			8.01702129445705	-7.66808512346688
			8.01702129445705	-7.67659576178372
			8.02553193277389	-7.68510640010055
			8.02553193277389	-7.69361703841738
			8.02553193277389	-7.70212767673422
			8.03404257109072	-7.71063831505105
			8.03404257109072	-7.71914895336788
			8.03404257109072	-7.72765959168472
			8.04255320940755	-7.73617023000155
			8.04255320940755	-7.74468086831838
			8.04255320940755	-7.75319150663522
			8.05106384772439	-7.76170214495205
			8.05106384772439	-7.77021278326888
			8.05106384772439	-7.77872342158572
			8.05957448604122	-7.78723405990255
			8.05957448604122	-7.79574469821938
			8.06808512435805	-7.80425533653622
			8.06808512435805	-7.81276597485305
			8.06808512435805	-7.82127661316988
			8.07659576267489	-7.82978725148672
			8.07659576267489	-7.83829788980355
			8.07659576267489	-7.84680852812038
			8.08510640099172	-7.85531916643722
			8.08510640099172	-7.86382980475405
			8.08510640099172	-7.87234044307088
			8.09361703930855	-7.88085108138772
			8.09361703930855	-7.88936171970455
			8.09361703930855	-7.89787235802138
			8.10212767762539	-7.90638299633822
			8.10212767762539	-7.91489363465505
			8.10212767762539	-7.92340427297188
			8.11063831594222	-7.93191491128872
			8.11063831594222	-7.94042554960555
			8.11063831594222	-7.94893618792238
			8.11914895425905	-7.95744682623922
			8.11914895425905	-7.96595746455605
			8.11914895425905	-7.97446810287289
			8.12765959257589	-7.98297874118972
			8.12765959257589	-7.99148937950655
			8.12765959257589	-8.00000001782339
			8.13617023089272	-8.00851065614022
			8.13617023089272	-8.01702129445705
			8.13617023089272	-8.02553193277389
			8.14468086920955	-8.03404257109072
			8.14468086920955	-8.04255320940755
			8.14468086920955	-8.05106384772439
			8.15319150752639	-8.05957448604122
			8.15319150752639	-8.06808512435805
			8.15319150752639	-8.07659576267489
			8.16170214584322	-8.08510640099172
			8.16170214584322	-8.09361703930855
			8.16170214584322	-8.10212767762539
			8.17021278416005	-8.11063831594222
			8.17021278416005	-8.11914895425905
			8.17021278416005	-8.12765959257589
			8.17872342247689	-8.13617023089272
			8.17872342247689	-8.14468086920955
			8.17872342247689	-8.15319150752639
			8.18723406079372	-8.16170214584322
			8.18723406079372	-8.17021278416005
			8.18723406079372	-8.17872342247689
			8.19574469911055	-8.18723406079372
			8.19574469911055	-8.19574469911055
			8.19574469911055	-8.20425533742739
			8.20425533742739	-8.21276597574422
			8.20425533742739	-8.22127661406105
			8.20425533742739	-8.22978725237789
			8.20425533742739	-8.23829789069472
			8.21276597574422	-8.24680852901155
			8.21276597574422	-8.25531916732839
			8.21276597574422	-8.26382980564522
			8.21276597574422	-8.27234044396205
			8.22127661406105	-8.27234044396205
			8.22127661406105	-8.28085108227889
			8.22127661406105	-8.28936172059572
			8.22127661406105	-8.29787235891255
			8.22978725237789	-8.30638299722939
			8.22978725237789	-8.31489363554622
			8.22978725237789	-8.32340427386305
			8.23829789069472	-8.33191491217989
			8.23829789069472	-8.34042555049672
			8.23829789069472	-8.34893618881355
			8.24680852901155	-8.35744682713039
			8.24680852901155	-8.36595746544722
			8.24680852901155	-8.37446810376405
			8.25531916732839	-8.38297874208089
			8.25531916732839	-8.39148938039772
			8.25531916732839	-8.40000001871455
			8.25531916732839	-8.40851065703139
			8.26382980564522	-8.41702129534822
			8.26382980564522	-8.42553193366505
			8.26382980564522	-8.43404257198189
			8.27234044396205	-8.44255321029872
			8.27234044396205	-8.45106384861555
			8.27234044396205	-8.45957448693239
			8.28085108227889	-8.46808512524922
			8.28085108227889	-8.47659576356605
			8.28085108227889	-8.48510640188289
			8.28085108227889	-8.49361704019972
			8.28936172059572	-8.50212767851655
			8.28936172059572	-8.51063831683339
			8.28936172059572	-8.51914895515022
			8.29787235891255	-8.52765959346705
			8.29787235891255	-8.53617023178389
			8.29787235891255	-8.54468087010072
			8.30638299722939	-8.55319150841756
			8.30638299722939	-8.56170214673439
			8.30638299722939	-8.57021278505122
			8.31489363554622	-8.57872342336806
			8.31489363554622	-8.58723406168489
			8.31489363554622	-8.59574470000172
			8.31489363554622	-8.60425533831856
			8.32340427386305	-8.61276597663539
			8.32340427386305	-8.62127661495222
			8.32340427386305	-8.62978725326906
			8.33191491217989	-8.63829789158589
			8.33191491217989	-8.64680852990272
			8.33191491217989	-8.65531916821956
			8.34042555049672	-8.66382980653639
			8.34042555049672	-8.67234044485322
			8.34042555049672	-8.68085108317006
			8.34042555049672	-8.68936172148689
			8.34893618881355	-8.69787235980372
			8.34893618881355	-8.70638299812056
			8.34893618881355	-8.71489363643739
			8.35744682713039	-8.72340427475422
			8.35744682713039	-8.73191491307106
			8.36595746544722	-8.74042555138789
			8.36595746544722	-8.74893618970472
			8.36595746544722	-8.75744682802156
			8.37446810376405	-8.76595746633839
			8.37446810376405	-8.77446810465522
			8.37446810376405	-8.78297874297206
			8.38297874208089	-8.79148938128889
			8.38297874208089	-8.80000001960572
			8.38297874208089	-8.80851065792256
			8.39148938039772	-8.81702129623939
			8.39148938039772	-8.82553193455622
			8.40000001871455	-8.83404257287306
			8.40000001871455	-8.84255321118989
			8.40000001871455	-8.85106384950672
			8.40851065703139	-8.85957448782356
			8.40851065703139	-8.86808512614039
			8.40851065703139	-8.87659576445722
			8.41702129534822	-8.88510640277406
			8.41702129534822	-8.89361704109089
			8.41702129534822	-8.90212767940772
			8.42553193366505	-8.91063831772456
			8.42553193366505	-8.91914895604139
			8.42553193366505	-8.92765959435823
			8.43404257198189	-8.93617023267506
			8.43404257198189	-8.94468087099189
			8.43404257198189	-8.95319150930873
			8.43404257198189	-8.96170214762556
			8.44255321029872	-8.97021278594239
			8.44255321029872	-8.97872342425923
			8.45106384861555	-8.98723406257606
			8.45106384861555	-8.99574470089289
			8.45106384861555	-9.00425533920973
			8.45106384861555	-9.01276597752656
			8.45957448693239	-9.01276597752656
			8.45957448693239	-9.02127661584339
			8.45957448693239	-9.02978725416023
			8.46808512524922	-9.03829789247706
			8.46808512524922	-9.04680853079389
			8.46808512524922	-9.05531916911073
			8.46808512524922	-9.06382980742756
			8.47659576356605	-9.07234044574439
			8.47659576356605	-9.08085108406123
			8.47659576356605	-9.08936172237806
			8.48510640188289	-9.09787236069489
			8.48510640188289	-9.10638299901173
			8.48510640188289	-9.11489363732856
			8.49361704019972	-9.12340427564539
			8.49361704019972	-9.13191491396223
			8.49361704019972	-9.14042555227906
			8.50212767851655	-9.14893619059589
			8.50212767851655	-9.15744682891273
			8.50212767851655	-9.16595746722956
			8.51063831683339	-9.17446810554639
			8.51063831683339	-9.18297874386323
			8.51063831683339	-9.19148938218006
			8.51063831683339	-9.20000002049689
			8.51914895515022	-9.20851065881373
			8.51914895515022	-9.21702129713056
			8.51914895515022	-9.22553193544739
			8.52765959346705	-9.23404257376423
			8.52765959346705	-9.24255321208106
			8.52765959346705	-9.25106385039789
			8.52765959346705	-9.25957448871473
			8.53617023178389	-9.26808512703156
			8.53617023178389	-9.27659576534839
			8.53617023178389	-9.28510640366523
			8.53617023178389	-9.29361704198206
			8.54468087010072	-9.30212768029889
			8.54468087010072	-9.31063831861573
			8.54468087010072	-9.31914895693256
			8.55319150841756	-9.32765959524939
			8.55319150841756	-9.33617023356623
			8.55319150841756	-9.34468087188306
			8.55319150841756	-9.35319151019989
			8.56170214673439	-9.36170214851673
			8.56170214673439	-9.37021278683356
			8.56170214673439	-9.37872342515039
			8.56170214673439	-9.38723406346723
			8.56170214673439	-9.39574470178406
			8.57021278505122	-9.39574470178406
			8.57021278505122	-9.40425534010089
			8.57021278505122	-9.41276597841773
			8.57021278505122	-9.42127661673456
			8.57021278505122	-9.42978725505139
			8.57872342336806	-9.43829789336823
			8.57872342336806	-9.44680853168506
			8.57872342336806	-9.45531917000189
			8.57872342336806	-9.46382980831873
			8.58723406168489	-9.47234044663556
			8.58723406168489	-9.48085108495239
			8.58723406168489	-9.48936172326923
			8.58723406168489	-9.49787236158606
			8.58723406168489	-9.5063829999029
			8.59574470000172	-9.51489363821973
			8.59574470000172	-9.52340427653656
			8.59574470000172	-9.5319149148534
			8.59574470000172	-9.54042555317023
			8.59574470000172	-9.54893619148706
			8.59574470000172	-9.5574468298039
			8.60425533831856	-9.56595746812073
			8.60425533831856	-9.57446810643756
			8.60425533831856	-9.5829787447544
			8.60425533831856	-9.59148938307123
			8.60425533831856	-9.60000002138806
			8.61276597663539	-9.6085106597049
			8.61276597663539	-9.61702129802173
			8.61276597663539	-9.62553193633856
			8.61276597663539	-9.6340425746554
			8.61276597663539	-9.64255321297223
			8.61276597663539	-9.65106385128906
			8.61276597663539	-9.6595744896059
			8.61276597663539	-9.66808512792273
			8.61276597663539	-9.67659576623956
			8.61276597663539	-9.6851064045564
			8.61276597663539	-9.69361704287323
			8.62127661495222	-9.69361704287323
			8.62127661495222	-9.70212768119006
			8.62127661495222	-9.7106383195069
			8.62127661495222	-9.71914895782373
			8.62127661495222	-9.72765959614056
			8.62127661495222	-9.7361702344574
			8.62127661495222	-9.74468087277423
			8.62127661495222	-9.75319151109106
			8.62127661495222	-9.7617021494079
			8.62127661495222	-9.77021278772473
			8.62127661495222	-9.77872342604156
			8.61276597663539	-9.77872342604156
			8.61276597663539	-9.7872340643584
			8.61276597663539	-9.79574470267523
			8.61276597663539	-9.80425534099206
			8.61276597663539	-9.8127659793089
			8.61276597663539	-9.82127661762573
			8.61276597663539	-9.82978725594256
			8.60425533831856	-9.8382978942594
			8.60425533831856	-9.84680853257623
			8.60425533831856	-9.85531917089306
			8.59574470000172	-9.8638298092099
			8.59574470000172	-9.87234044752673
		</curveLM07>
		<curveLM08 type=matrix rownames=FALSE colnames=FALSE nrow=81 ncol=2 as.numeric=TRUE >
			8.59574470000172	-9.87234044752673
			8.58723406168489	-9.87234044752673
			8.57872342336806	-9.87234044752673
			8.57021278505122	-9.87234044752673
			8.56170214673439	-9.87234044752673
			8.55319150841756	-9.87234044752673
			8.54468087010072	-9.87234044752673
			8.53617023178389	-9.87234044752673
			8.52765959346705	-9.87234044752673
			8.51914895515022	-9.87234044752673
			8.51063831683339	-9.8638298092099
			8.50212767851655	-9.8638298092099
			8.49361704019972	-9.8638298092099
			8.48510640188289	-9.85531917089306
			8.47659576356605	-9.85531917089306
			8.46808512524922	-9.84680853257623
			8.45957448693239	-9.84680853257623
			8.45106384861555	-9.84680853257623
			8.44255321029872	-9.84680853257623
			8.44255321029872	-9.8382978942594
			8.43404257198189	-9.8382978942594
			8.42553193366505	-9.8382978942594
			8.41702129534822	-9.82978725594256
			8.40851065703139	-9.82978725594256
			8.40000001871455	-9.82127661762573
			8.39148938039772	-9.82127661762573
			8.38297874208089	-9.8127659793089
			8.37446810376405	-9.8127659793089
			8.36595746544722	-9.80425534099206
			8.35744682713039	-9.80425534099206
			8.34893618881355	-9.80425534099206
			8.34893618881355	-9.79574470267523
			8.34042555049672	-9.79574470267523
			8.33191491217989	-9.79574470267523
			8.33191491217989	-9.7872340643584
			8.32340427386305	-9.7872340643584
			8.31489363554622	-9.7872340643584
			8.30638299722939	-9.77872342604156
			8.29787235891255	-9.77872342604156
			8.28936172059572	-9.77021278772473
			8.28085108227889	-9.77021278772473
			8.27234044396205	-9.7617021494079
			8.26382980564522	-9.7617021494079
			8.25531916732839	-9.75319151109106
			8.24680852901155	-9.74468087277423
			8.23829789069472	-9.7361702344574
			8.22978725237789	-9.72765959614056
			8.22127661406105	-9.71914895782373
			8.22127661406105	-9.7106383195069
			8.21276597574422	-9.70212768119006
			8.20425533742739	-9.70212768119006
			8.20425533742739	-9.69361704287323
			8.19574469911055	-9.6851064045564
			8.18723406079372	-9.67659576623956
			8.17872342247689	-9.66808512792273
			8.17021278416005	-9.6595744896059
			8.16170214584322	-9.65106385128906
			8.15319150752639	-9.65106385128906
			8.15319150752639	-9.64255321297223
			8.14468086920955	-9.64255321297223
			8.13617023089272	-9.6340425746554
			8.12765959257589	-9.62553193633856
			8.11914895425905	-9.61702129802173
			8.11063831594222	-9.6085106597049
			8.10212767762539	-9.6085106597049
			8.09361703930855	-9.60000002138806
			8.08510640099172	-9.60000002138806
			8.07659576267489	-9.59148938307123
			8.06808512435805	-9.59148938307123
			8.05957448604122	-9.5829787447544
			8.05106384772439	-9.5829787447544
			8.04255320940755	-9.57446810643756
			8.03404257109072	-9.57446810643756
			8.02553193277389	-9.56595746812073
			8.01702129445705	-9.56595746812073
			8.00851065614022	-9.56595746812073
			8.00000001782339	-9.56595746812073
			7.99148937950655	-9.56595746812073
			7.98297874118972	-9.5574468298039
			7.97446810287289	-9.5574468298039
			7.96595746455605	-9.5574468298039
		</curveLM08>
		<curveLM09 type=matrix rownames=FALSE colnames=FALSE nrow=85 ncol=2 as.numeric=TRUE >
			7.96595746455605	-9.5574468298039
			7.96595746455605	-9.56595746812073
			7.95744682623922	-9.56595746812073
			7.95744682623922	-9.57446810643756
			7.95744682623922	-9.5829787447544
			7.94893618792238	-9.59148938307123
			7.94893618792238	-9.60000002138806
			7.94893618792238	-9.6085106597049
			7.94042554960555	-9.61702129802173
			7.94042554960555	-9.62553193633856
			7.94042554960555	-9.6340425746554
			7.93191491128872	-9.64255321297223
			7.93191491128872	-9.65106385128906
			7.92340427297188	-9.6595744896059
			7.92340427297188	-9.66808512792273
			7.92340427297188	-9.67659576623956
			7.92340427297188	-9.6851064045564
			7.91489363465505	-9.69361704287323
			7.91489363465505	-9.70212768119006
			7.91489363465505	-9.7106383195069
			7.90638299633822	-9.71914895782373
			7.90638299633822	-9.72765959614056
			7.90638299633822	-9.7361702344574
			7.90638299633822	-9.74468087277423
			7.89787235802138	-9.75319151109106
			7.89787235802138	-9.7617021494079
			7.89787235802138	-9.77021278772473
			7.88936171970455	-9.77872342604156
			7.88936171970455	-9.7872340643584
			7.88936171970455	-9.79574470267523
			7.88936171970455	-9.80425534099206
			7.88936171970455	-9.8127659793089
			7.88085108138772	-9.82127661762573
			7.88085108138772	-9.82978725594256
			7.88085108138772	-9.8382978942594
			7.87234044307088	-9.84680853257623
			7.87234044307088	-9.85531917089306
			7.87234044307088	-9.8638298092099
			7.87234044307088	-9.87234044752673
			7.87234044307088	-9.88085108584356
			7.86382980475405	-9.8893617241604
			7.86382980475405	-9.89787236247723
			7.86382980475405	-9.90638300079406
			7.86382980475405	-9.9148936391109
			7.85531916643722	-9.92340427742773
			7.85531916643722	-9.93191491574456
			7.85531916643722	-9.9404255540614
			7.85531916643722	-9.94893619237823
			7.85531916643722	-9.95744683069506
			7.84680852812038	-9.9659574690119
			7.84680852812038	-9.97446810732873
			7.84680852812038	-9.98297874564556
			7.84680852812038	-9.9914893839624
			7.84680852812038	-10.0000000222792
			7.84680852812038	-10.0085106605961
			7.84680852812038	-10.0170212989129
			7.83829788980355	-10.0255319372297
			7.83829788980355	-10.0340425755466
			7.83829788980355	-10.0425532138634
			7.83829788980355	-10.0510638521802
			7.83829788980355	-10.0595744904971
			7.83829788980355	-10.0680851288139
			7.82978725148672	-10.0765957671307
			7.82978725148672	-10.0851064054476
			7.82978725148672	-10.0936170437644
			7.82127661316988	-10.1021276820812
			7.82127661316988	-10.1106383203981
			7.81276597485305	-10.1191489587149
			7.80425533653622	-10.1276595970317
			7.80425533653622	-10.1361702353486
			7.79574469821938	-10.1446808736654
			7.78723405990255	-10.1531915119822
			7.77872342158572	-10.1617021502991
			7.77021278326888	-10.1702127886159
			7.76170214495205	-10.1702127886159
			7.75319150663522	-10.1787234269327
			7.74468086831838	-10.1787234269327
			7.73617023000155	-10.1787234269327
			7.72765959168472	-10.1787234269327
			7.71914895336788	-10.1787234269327
			7.71063831505105	-10.1787234269327
			7.70212767673422	-10.1787234269327
			7.69361703841738	-10.1787234269327
			7.68510640010055	-10.1787234269327
			7.67659576178372	-10.1787234269327
		</curveLM09>
		<curveLM10 type=matrix rownames=FALSE colnames=FALSE nrow=86 ncol=2 as.numeric=TRUE >
			7.67659576178372	-10.1787234269327
			7.66808512346688	-10.1787234269327
			7.65957448515005	-10.1787234269327
			7.65106384683322	-10.1787234269327
			7.64255320851638	-10.1702127886159
			7.63404257019955	-10.1702127886159
			7.62553193188272	-10.1702127886159
			7.61702129356588	-10.1702127886159
			7.60851065524905	-10.1617021502991
			7.60000001693222	-10.1617021502991
			7.59148937861538	-10.1617021502991
			7.59148937861538	-10.1531915119822
			7.58297874029855	-10.1531915119822
			7.57446810198172	-10.1531915119822
			7.56595746366488	-10.1446808736654
			7.55744682534805	-10.1361702353486
			7.54893618703122	-10.1276595970317
			7.54042554871438	-10.1191489587149
			7.53191491039755	-10.1191489587149
			7.52340427208072	-10.1106383203981
			7.52340427208072	-10.1021276820812
			7.51489363376388	-10.0936170437644
			7.51489363376388	-10.0851064054476
			7.50638299544705	-10.0765957671307
			7.50638299544705	-10.0680851288139
			7.49787235713022	-10.0595744904971
			7.49787235713022	-10.0510638521802
			7.49787235713022	-10.0425532138634
			7.48936171881338	-10.0340425755466
			7.48936171881338	-10.0255319372297
			7.48936171881338	-10.0170212989129
			7.48936171881338	-10.0085106605961
			7.48085108049655	-10.0000000222792
			7.48085108049655	-9.9914893839624
			7.48085108049655	-9.98297874564556
			7.48085108049655	-9.97446810732873
			7.48085108049655	-9.9659574690119
			7.48085108049655	-9.95744683069506
			7.48085108049655	-9.94893619237823
			7.48085108049655	-9.9404255540614
			7.48085108049655	-9.93191491574456
			7.48085108049655	-9.92340427742773
			7.48085108049655	-9.9148936391109
			7.48085108049655	-9.90638300079406
			7.48085108049655	-9.89787236247723
			7.48085108049655	-9.8893617241604
			7.48085108049655	-9.88085108584356
			7.48085108049655	-9.87234044752673
			7.48085108049655	-9.8638298092099
			7.48085108049655	-9.85531917089306
			7.48085108049655	-9.84680853257623
			7.48085108049655	-9.8382978942594
			7.47234044217972	-9.82978725594256
			7.47234044217972	-9.82127661762573
			7.47234044217972	-9.8127659793089
			7.47234044217972	-9.80425534099206
			7.47234044217972	-9.79574470267523
			7.47234044217972	-9.7872340643584
			7.47234044217972	-9.77872342604156
			7.47234044217972	-9.77021278772473
			7.47234044217972	-9.7617021494079
			7.47234044217972	-9.75319151109106
			7.46382980386288	-9.74468087277423
			7.46382980386288	-9.7361702344574
			7.46382980386288	-9.72765959614056
			7.46382980386288	-9.71914895782373
			7.46382980386288	-9.7106383195069
			7.46382980386288	-9.70212768119006
			7.46382980386288	-9.69361704287323
			7.45531916554605	-9.6851064045564
			7.45531916554605	-9.67659576623956
			7.45531916554605	-9.66808512792273
			7.45531916554605	-9.6595744896059
			7.45531916554605	-9.65106385128906
			7.44680852722921	-9.64255321297223
			7.44680852722921	-9.6340425746554
			7.44680852722921	-9.62553193633856
			7.44680852722921	-9.61702129802173
			7.43829788891238	-9.6085106597049
			7.43829788891238	-9.60000002138806
			7.42978725059555	-9.59148938307123
			7.42978725059555	-9.5829787447544
			7.42978725059555	-9.57446810643756
			7.42127661227871	-9.56595746812073
			7.42127661227871	-9.5574468298039
			7.41276597396188	-9.54893619148706
		</curveLM10>
		<curveLM11 type=matrix rownames=FALSE colnames=FALSE nrow=76 ncol=2 as.numeric=TRUE >
			7.41276597396188	-9.54893619148706
			7.40425533564505	-9.54893619148706
			7.39574469732821	-9.54893619148706
			7.38723405901138	-9.54042555317023
			7.37872342069455	-9.54893619148706
			7.37021278237771	-9.54893619148706
			7.36170214406088	-9.54893619148706
			7.35319150574405	-9.54893619148706
			7.34468086742721	-9.5574468298039
			7.33617022911038	-9.5574468298039
			7.32765959079355	-9.5574468298039
			7.31914895247671	-9.56595746812073
			7.31063831415988	-9.56595746812073
			7.30212767584305	-9.57446810643756
			7.29361703752621	-9.5829787447544
			7.28510639920938	-9.5829787447544
			7.27659576089255	-9.59148938307123
			7.26808512257571	-9.60000002138806
			7.25957448425888	-9.60000002138806
			7.25106384594205	-9.6085106597049
			7.24255320762521	-9.61702129802173
			7.23404256930838	-9.62553193633856
			7.22553193099155	-9.6340425746554
			7.21702129267471	-9.6340425746554
			7.20851065435788	-9.64255321297223
			7.20000001604105	-9.65106385128906
			7.19148937772421	-9.6595744896059
			7.18297873940738	-9.66808512792273
			7.17446810109055	-9.67659576623956
			7.16595746277371	-9.67659576623956
			7.15744682445688	-9.6851064045564
			7.14893618614005	-9.69361704287323
			7.14042554782321	-9.70212768119006
			7.13191490950638	-9.7106383195069
			7.12340427118955	-9.71914895782373
			7.11489363287271	-9.72765959614056
			7.10638299455588	-9.7361702344574
			7.09787235623905	-9.74468087277423
			7.08936171792221	-9.75319151109106
			7.08085107960538	-9.7617021494079
			7.07234044128855	-9.7617021494079
			7.06382980297171	-9.77021278772473
			7.05531916465488	-9.77872342604156
			7.04680852633805	-9.7872340643584
			7.03829788802121	-9.7872340643584
			7.02978724970438	-9.79574470267523
			7.02127661138755	-9.80425534099206
			7.01276597307071	-9.80425534099206
			7.01276597307071	-9.8127659793089
			7.00425533475388	-9.8127659793089
			6.99574469643705	-9.82127661762573
			6.98723405812021	-9.82978725594256
			6.97872341980338	-9.82978725594256
			6.97021278148654	-9.8382978942594
			6.96170214316971	-9.8382978942594
			6.96170214316971	-9.84680853257623
			6.95319150485288	-9.84680853257623
			6.94468086653604	-9.85531917089306
			6.93617022821921	-9.85531917089306
			6.92765958990238	-9.8638298092099
			6.91914895158555	-9.8638298092099
			6.91063831326871	-9.87234044752673
			6.90212767495188	-9.87234044752673
			6.89361703663505	-9.87234044752673
			6.88510639831821	-9.88085108584356
			6.87659576000138	-9.88085108584356
			6.86808512168454	-9.88085108584356
			6.85957448336771	-9.8893617241604
			6.85106384505088	-9.8893617241604
			6.84255320673404	-9.8893617241604
			6.83404256841721	-9.8893617241604
			6.82553193010038	-9.8893617241604
			6.81702129178354	-9.8893617241604
			6.80851065346671	-9.8893617241604
			6.80000001514988	-9.8893617241604
			6.79148937683304	-9.8893617241604
		</curveLM11>
		<curveLM12 type=matrix rownames=FALSE colnames=FALSE nrow=358 ncol=2 as.numeric=TRUE >
			6.79148937683304	-9.8893617241604
			6.79148937683304	-9.88085108584356
			6.78297873851621	-9.87234044752673
			6.78297873851621	-9.8638298092099
			6.77446810019938	-9.85531917089306
			6.77446810019938	-9.84680853257623
			6.77446810019938	-9.8382978942594
			6.77446810019938	-9.82978725594256
			6.77446810019938	-9.82127661762573
			6.77446810019938	-9.8127659793089
			6.77446810019938	-9.80425534099206
			6.76595746188254	-9.79574470267523
			6.76595746188254	-9.7872340643584
			6.76595746188254	-9.77872342604156
			6.76595746188254	-9.77021278772473
			6.76595746188254	-9.7617021494079
			6.76595746188254	-9.75319151109106
			6.76595746188254	-9.74468087277423
			6.76595746188254	-9.7361702344574
			6.76595746188254	-9.72765959614056
			6.76595746188254	-9.71914895782373
			6.76595746188254	-9.7106383195069
			6.76595746188254	-9.70212768119006
			6.76595746188254	-9.69361704287323
			6.76595746188254	-9.6851064045564
			6.77446810019938	-9.67659576623956
			6.77446810019938	-9.66808512792273
			6.77446810019938	-9.6595744896059
			6.77446810019938	-9.65106385128906
			6.77446810019938	-9.64255321297223
			6.77446810019938	-9.6340425746554
			6.77446810019938	-9.62553193633856
			6.77446810019938	-9.61702129802173
			6.77446810019938	-9.6085106597049
			6.78297873851621	-9.60000002138806
			6.78297873851621	-9.59148938307123
			6.78297873851621	-9.5829787447544
			6.78297873851621	-9.57446810643756
			6.78297873851621	-9.56595746812073
			6.78297873851621	-9.5574468298039
			6.78297873851621	-9.54893619148706
			6.78297873851621	-9.54042555317023
			6.79148937683304	-9.5319149148534
			6.79148937683304	-9.52340427653656
			6.79148937683304	-9.51489363821973
			6.79148937683304	-9.5063829999029
			6.79148937683304	-9.49787236158606
			6.80000001514988	-9.48936172326923
			6.80000001514988	-9.48085108495239
			6.80000001514988	-9.47234044663556
			6.80000001514988	-9.46382980831873
			6.80000001514988	-9.45531917000189
			6.80851065346671	-9.44680853168506
			6.80851065346671	-9.43829789336823
			6.80851065346671	-9.42978725505139
			6.80851065346671	-9.42127661673456
			6.80851065346671	-9.41276597841773
			6.81702129178354	-9.40425534010089
			6.81702129178354	-9.39574470178406
			6.81702129178354	-9.38723406346723
			6.81702129178354	-9.37872342515039
			6.81702129178354	-9.37021278683356
			6.82553193010038	-9.37021278683356
			6.82553193010038	-9.36170214851673
			6.82553193010038	-9.35319151019989
			6.82553193010038	-9.34468087188306
			6.82553193010038	-9.33617023356623
			6.83404256841721	-9.32765959524939
			6.83404256841721	-9.31914895693256
			6.83404256841721	-9.31063831861573
			6.83404256841721	-9.30212768029889
			6.83404256841721	-9.29361704198206
			6.84255320673404	-9.29361704198206
			6.84255320673404	-9.28510640366523
			6.84255320673404	-9.27659576534839
			6.84255320673404	-9.26808512703156
			6.84255320673404	-9.25957448871473
			6.85106384505088	-9.25106385039789
			6.85106384505088	-9.24255321208106
			6.85106384505088	-9.23404257376423
			6.85957448336771	-9.22553193544739
			6.85957448336771	-9.21702129713056
			6.85957448336771	-9.20851065881373
			6.85957448336771	-9.20000002049689
			6.86808512168454	-9.19148938218006
			6.86808512168454	-9.18297874386323
			6.86808512168454	-9.17446810554639
			6.87659576000138	-9.16595746722956
			6.87659576000138	-9.15744682891273
			6.87659576000138	-9.14893619059589
			6.88510639831821	-9.14042555227906
			6.88510639831821	-9.13191491396223
			6.88510639831821	-9.12340427564539
			6.88510639831821	-9.11489363732856
			6.89361703663505	-9.10638299901173
			6.89361703663505	-9.09787236069489
			6.89361703663505	-9.08936172237806
			6.90212767495188	-9.08085108406123
			6.90212767495188	-9.07234044574439
			6.90212767495188	-9.06382980742756
			6.90212767495188	-9.05531916911073
			6.91063831326871	-9.04680853079389
			6.91063831326871	-9.03829789247706
			6.91063831326871	-9.02978725416023
			6.91914895158555	-9.02127661584339
			6.91914895158555	-9.01276597752656
			6.91914895158555	-9.00425533920973
			6.92765958990238	-8.99574470089289
			6.92765958990238	-8.98723406257606
			6.92765958990238	-8.97872342425923
			6.92765958990238	-8.97021278594239
			6.93617022821921	-8.96170214762556
			6.93617022821921	-8.95319150930873
			6.93617022821921	-8.94468087099189
			6.94468086653604	-8.93617023267506
			6.94468086653604	-8.92765959435823
			6.94468086653604	-8.91914895604139
			6.95319150485288	-8.91063831772456
			6.95319150485288	-8.90212767940772
			6.95319150485288	-8.89361704109089
			6.95319150485288	-8.88510640277406
			6.96170214316971	-8.87659576445722
			6.96170214316971	-8.86808512614039
			6.96170214316971	-8.85957448782356
			6.97021278148654	-8.85106384950672
			6.97021278148654	-8.84255321118989
			6.97021278148654	-8.83404257287306
			6.97021278148654	-8.82553193455622
			6.97872341980338	-8.81702129623939
			6.97872341980338	-8.80851065792256
			6.97872341980338	-8.80000001960572
			6.98723405812021	-8.80000001960572
			6.98723405812021	-8.79148938128889
			6.98723405812021	-8.78297874297206
			6.98723405812021	-8.77446810465522
			6.99574469643705	-8.76595746633839
			6.99574469643705	-8.75744682802156
			6.99574469643705	-8.74893618970472
			7.00425533475388	-8.74042555138789
			7.00425533475388	-8.73191491307106
			7.00425533475388	-8.72340427475422
			7.00425533475388	-8.71489363643739
			7.01276597307071	-8.70638299812056
			7.01276597307071	-8.69787235980372
			7.01276597307071	-8.68936172148689
			7.02127661138755	-8.68085108317006
			7.02127661138755	-8.67234044485322
			7.02127661138755	-8.66382980653639
			7.02978724970438	-8.65531916821956
			7.02978724970438	-8.64680852990272
			7.02978724970438	-8.63829789158589
			7.03829788802121	-8.62978725326906
			7.03829788802121	-8.62127661495222
			7.03829788802121	-8.61276597663539
			7.03829788802121	-8.60425533831856
			7.04680852633805	-8.59574470000172
			7.04680852633805	-8.58723406168489
			7.04680852633805	-8.57872342336806
			7.05531916465488	-8.57021278505122
			7.05531916465488	-8.56170214673439
			7.05531916465488	-8.55319150841756
			7.05531916465488	-8.54468087010072
			7.06382980297171	-8.54468087010072
			7.06382980297171	-8.53617023178389
			7.06382980297171	-8.52765959346705
			7.07234044128855	-8.51914895515022
			7.07234044128855	-8.51063831683339
			7.07234044128855	-8.50212767851655
			7.07234044128855	-8.49361704019972
			7.08085107960538	-8.48510640188289
			7.08085107960538	-8.47659576356605
			7.08936171792221	-8.46808512524922
			7.08936171792221	-8.45957448693239
			7.08936171792221	-8.45106384861555
			7.08936171792221	-8.44255321029872
			7.09787235623905	-8.43404257198189
			7.09787235623905	-8.42553193366505
			7.09787235623905	-8.41702129534822
			7.10638299455588	-8.40851065703139
			7.10638299455588	-8.40000001871455
			7.10638299455588	-8.39148938039772
			7.11489363287271	-8.38297874208089
			7.11489363287271	-8.37446810376405
			7.11489363287271	-8.36595746544722
			7.12340427118955	-8.35744682713039
			7.12340427118955	-8.34893618881355
			7.12340427118955	-8.34042555049672
			7.12340427118955	-8.33191491217989
			7.13191490950638	-8.33191491217989
			7.13191490950638	-8.32340427386305
			7.13191490950638	-8.31489363554622
			7.14042554782321	-8.30638299722939
			7.14042554782321	-8.29787235891255
			7.14042554782321	-8.28936172059572
			7.14042554782321	-8.28085108227889
			7.14893618614005	-8.27234044396205
			7.14893618614005	-8.26382980564522
			7.15744682445688	-8.25531916732839
			7.15744682445688	-8.24680852901155
			7.15744682445688	-8.23829789069472
			7.16595746277371	-8.22978725237789
			7.16595746277371	-8.22127661406105
			7.16595746277371	-8.21276597574422
			7.17446810109055	-8.20425533742739
			7.17446810109055	-8.19574469911055
			7.17446810109055	-8.18723406079372
			7.17446810109055	-8.17872342247689
			7.18297873940738	-8.17021278416005
			7.18297873940738	-8.16170214584322
			7.18297873940738	-8.15319150752639
			7.19148937772421	-8.14468086920955
			7.19148937772421	-8.13617023089272
			7.19148937772421	-8.12765959257589
			7.20000001604105	-8.11914895425905
			7.20000001604105	-8.11063831594222
			7.20000001604105	-8.10212767762539
			7.20851065435788	-8.09361703930855
			7.20851065435788	-8.08510640099172
			7.20851065435788	-8.07659576267489
			7.21702129267471	-8.06808512435805
			7.21702129267471	-8.05957448604122
			7.21702129267471	-8.05106384772439
			7.22553193099155	-8.04255320940755
			7.22553193099155	-8.03404257109072
			7.22553193099155	-8.02553193277389
			7.23404256930838	-8.01702129445705
			7.23404256930838	-8.00851065614022
			7.23404256930838	-8.00000001782339
			7.24255320762521	-8.00000001782339
			7.24255320762521	-7.99148937950655
			7.24255320762521	-7.98297874118972
			7.25106384594205	-7.97446810287289
			7.25106384594205	-7.96595746455605
			7.25106384594205	-7.95744682623922
			7.25106384594205	-7.94893618792238
			7.25957448425888	-7.94042554960555
			7.25957448425888	-7.93191491128872
			7.25957448425888	-7.92340427297188
			7.26808512257571	-7.91489363465505
			7.26808512257571	-7.90638299633822
			7.27659576089255	-7.89787235802138
			7.27659576089255	-7.88936171970455
			7.27659576089255	-7.88085108138772
			7.27659576089255	-7.87234044307088
			7.28510639920938	-7.87234044307088
			7.28510639920938	-7.86382980475405
			7.28510639920938	-7.85531916643722
			7.29361703752621	-7.84680852812038
			7.29361703752621	-7.83829788980355
			7.29361703752621	-7.82978725148672
			7.30212767584305	-7.82127661316988
			7.30212767584305	-7.81276597485305
			7.30212767584305	-7.80425533653622
			7.31063831415988	-7.80425533653622
			7.31063831415988	-7.79574469821938
			7.31063831415988	-7.78723405990255
			7.31914895247671	-7.77872342158572
			7.31914895247671	-7.77021278326888
			7.31914895247671	-7.76170214495205
			7.31914895247671	-7.75319150663522
			7.32765959079355	-7.74468086831838
			7.32765959079355	-7.73617023000155
			7.33617022911038	-7.72765959168472
			7.33617022911038	-7.71914895336788
			7.34468086742721	-7.71063831505105
			7.34468086742721	-7.70212767673422
			7.34468086742721	-7.69361703841738
			7.35319150574405	-7.68510640010055
			7.35319150574405	-7.67659576178372
			7.35319150574405	-7.66808512346688
			7.36170214406088	-7.65957448515005
			7.36170214406088	-7.65106384683322
			7.36170214406088	-7.64255320851638
			7.37021278237771	-7.63404257019955
			7.37021278237771	-7.62553193188272
			7.37021278237771	-7.61702129356588
			7.37872342069455	-7.60851065524905
			7.37872342069455	-7.60000001693222
			7.38723405901138	-7.59148937861538
			7.38723405901138	-7.58297874029855
			7.38723405901138	-7.57446810198172
			7.39574469732821	-7.56595746366488
			7.39574469732821	-7.55744682534805
			7.40425533564505	-7.54893618703122
			7.40425533564505	-7.54042554871438
			7.40425533564505	-7.53191491039755
			7.41276597396188	-7.52340427208072
			7.41276597396188	-7.51489363376388
			7.42127661227871	-7.50638299544705
			7.42127661227871	-7.49787235713022
			7.42127661227871	-7.48936171881338
			7.42127661227871	-7.48085108049655
			7.42978725059555	-7.48085108049655
			7.42978725059555	-7.47234044217972
			7.42978725059555	-7.46382980386288
			7.43829788891238	-7.46382980386288
			7.43829788891238	-7.45531916554605
			7.43829788891238	-7.44680852722921
			7.44680852722921	-7.43829788891238
			7.44680852722921	-7.42978725059555
			7.44680852722921	-7.42127661227871
			7.45531916554605	-7.41276597396188
			7.45531916554605	-7.40425533564505
			7.46382980386288	-7.39574469732821
			7.46382980386288	-7.38723405901138
			7.47234044217972	-7.37872342069455
			7.47234044217972	-7.37021278237771
			7.47234044217972	-7.36170214406088
			7.48085108049655	-7.35319150574405
			7.48085108049655	-7.34468086742721
			7.48936171881338	-7.33617022911038
			7.48936171881338	-7.32765959079355
			7.48936171881338	-7.31914895247671
			7.49787235713022	-7.31063831415988
			7.49787235713022	-7.30212767584305
			7.50638299544705	-7.29361703752621
			7.50638299544705	-7.28510639920938
			7.50638299544705	-7.27659576089255
			7.51489363376388	-7.27659576089255
			7.51489363376388	-7.26808512257571
			7.52340427208072	-7.25957448425888
			7.52340427208072	-7.25106384594205
			7.52340427208072	-7.24255320762521
			7.53191491039755	-7.23404256930838
			7.53191491039755	-7.22553193099155
			7.54042554871438	-7.22553193099155
			7.54042554871438	-7.21702129267471
			7.54042554871438	-7.20851065435788
			7.54893618703122	-7.20000001604105
			7.54893618703122	-7.19148937772421
			7.55744682534805	-7.18297873940738
			7.55744682534805	-7.17446810109055
			7.56595746366488	-7.16595746277371
			7.56595746366488	-7.15744682445688
			7.57446810198172	-7.14893618614005
			7.57446810198172	-7.14042554782321
			7.58297874029855	-7.13191490950638
			7.58297874029855	-7.12340427118955
			7.59148937861538	-7.11489363287271
			7.59148937861538	-7.10638299455588
			7.60000001693222	-7.09787235623905
			7.60000001693222	-7.08936171792221
			7.60851065524905	-7.08085107960538
			7.60851065524905	-7.07234044128855
			7.61702129356588	-7.06382980297171
			7.61702129356588	-7.05531916465488
			7.62553193188272	-7.04680852633805
			7.62553193188272	-7.03829788802121
			7.63404257019955	-7.02978724970438
			7.63404257019955	-7.02127661138755
			7.64255320851638	-7.02127661138755
			7.64255320851638	-7.01276597307071
			7.65106384683322	-7.00425533475388
			7.65106384683322	-6.99574469643705
			7.65957448515005	-6.98723405812021
			7.66808512346688	-6.97872341980338
			7.66808512346688	-6.97021278148654
			7.67659576178372	-6.96170214316971
		</curveLM12>
	</curves.scaled>
	<ruler.points type=matrix rownames=TRUE colnames=FALSE nrow=5 ncol=2 as.numeric=TRUE >
		Ruler point 1	433	1409
		Ruler point 2	551	1409
		Ruler point 3	667	1409
		Ruler point 4	786	1409
		Ruler point 5	903	1409
	</ruler.points>
</shapes>

