<shapes type=list>
	<ruler.pixel type=vector names=FALSE length=1 as.numeric=TRUE >117.000000000018</ruler.pixel>
	<ruler.interval type=vector names=FALSE length=1 as.numeric=TRUE >1</ruler.interval>
	<scaling.units type=vector names=FALSE length=1 as.numeric=FALSE >cm</scaling.units>
	<scaling type=vector names=FALSE length=1 as.numeric=TRUE >0.0085470085470072</scaling>
	<landmarks.pixel type=matrix rownames=TRUE colnames=FALSE nrow=6 ncol=2 as.numeric=TRUE >
		LM01	903	919
		LM02	985	1163
		LM03	932	1144
		LM04	899	1196
		LM05	875	1150
		LM06	817	1174
	</landmarks.pixel>
	<landmarks.scaled type=matrix rownames=TRUE colnames=FALSE nrow=6 ncol=2 as.numeric=TRUE >
		LM01	7.7179487179475	-7.85470085469962
		LM02	8.41880341880209	-9.94017094016937
		LM03	7.96581196581071	-9.77777777777623
		LM04	7.68376068375947	-10.2222222222206
		LM05	7.4786324786313	-9.82905982905828
		LM06	6.98290598290488	-10.0341880341865
	</landmarks.scaled>
	<curves.control type=list>
		<curveLM07 type=matrix rownames=FALSE colnames=FALSE nrow=5 ncol=2 as.numeric=TRUE >
			903	919
			908	919
			954	1022
			995	1143
			985	1163
		</curveLM07>
		<curveLM08 type=matrix rownames=FALSE colnames=FALSE nrow=5 ncol=2 as.numeric=TRUE >
			985	1163
			978	1168
			954	1152
			941	1142
			932	1144
		</curveLM08>
		<curveLM09 type=matrix rownames=FALSE colnames=FALSE nrow=5 ncol=2 as.numeric=TRUE >
			932	1144
			925	1154
			918	1166
			919	1194
			899	1196
		</curveLM09>
		<curveLM10 type=matrix rownames=FALSE colnames=FALSE nrow=5 ncol=2 as.numeric=TRUE >
			899	1196
			881	1192
			886	1163
			881	1153
			875	1150
		</curveLM10>
		<curveLM11 type=matrix rownames=FALSE colnames=FALSE nrow=5 ncol=2 as.numeric=TRUE >
			875	1150
			866	1143
			853	1157
			825	1176
			817	1174
		</curveLM11>
		<curveLM12 type=matrix rownames=FALSE colnames=FALSE nrow=5 ncol=2 as.numeric=TRUE >
			817	1174
			808	1160
			849	1058
			893	920
			903	919
		</curveLM12>
	</curves.control>
	<curves.pixel type=list>
		<curveLM07 type=matrix rownames=FALSE colnames=FALSE nrow=259 ncol=2 as.numeric=TRUE >
			903	919
			904	919
			904	920
			905	921
			906	922
			907	923
			907	924
			908	925
			908	926
			909	927
			910	928
			910	929
			911	930
			911	931
			912	932
			912	933
			913	934
			913	935
			914	936
			914	937
			915	938
			915	939
			916	940
			917	941
			917	942
			917	943
			918	944
			918	945
			919	946
			919	947
			920	948
			920	949
			921	950
			921	951
			922	951
			922	952
			922	953
			923	954
			923	955
			924	956
			924	957
			925	958
			925	959
			926	960
			926	961
			927	962
			927	963
			927	964
			928	964
			928	965
			929	966
			929	967
			929	968
			930	969
			930	970
			931	971
			931	972
			932	973
			932	974
			933	975
			933	976
			934	977
			934	978
			935	979
			935	980
			935	981
			936	981
			936	982
			936	983
			937	984
			937	985
			938	986
			938	987
			939	988
			939	989
			940	990
			940	991
			940	992
			941	992
			941	993
			941	994
			942	994
			942	995
			942	996
			943	997
			943	998
			944	999
			944	1000
			944	1001
			945	1001
			945	1002
			946	1003
			946	1004
			946	1005
			947	1006
			947	1007
			948	1008
			948	1009
			949	1010
			949	1011
			950	1012
			950	1013
			950	1014
			951	1015
			951	1016
			952	1017
			952	1018
			953	1019
			953	1020
			954	1021
			954	1022
			954	1023
			955	1024
			955	1025
			955	1026
			956	1027
			956	1028
			956	1029
			957	1030
			957	1031
			957	1032
			958	1032
			958	1033
			958	1034
			958	1035
			959	1036
			959	1037
			959	1038
			960	1039
			960	1040
			960	1041
			961	1042
			961	1043
			961	1044
			962	1045
			962	1046
			962	1047
			963	1048
			963	1049
			963	1050
			964	1051
			964	1052
			964	1053
			965	1054
			965	1055
			965	1056
			965	1057
			966	1058
			966	1059
			967	1060
			967	1061
			967	1062
			967	1063
			968	1064
			968	1065
			968	1066
			969	1067
			969	1068
			969	1069
			970	1070
			970	1071
			970	1072
			970	1073
			971	1074
			971	1075
			971	1076
			972	1077
			972	1078
			972	1079
			972	1080
			973	1081
			973	1082
			973	1083
			973	1084
			974	1084
			974	1085
			974	1086
			974	1087
			975	1088
			975	1089
			975	1090
			975	1091
			976	1091
			976	1092
			976	1093
			976	1094
			977	1095
			977	1096
			977	1097
			977	1098
			978	1099
			978	1100
			978	1101
			979	1102
			979	1103
			979	1104
			979	1105
			979	1106
			980	1107
			980	1108
			980	1109
			980	1110
			981	1110
			981	1111
			981	1112
			981	1113
			981	1114
			982	1115
			982	1116
			982	1117
			982	1118
			983	1119
			983	1120
			983	1121
			983	1122
			983	1123
			984	1124
			984	1125
			984	1126
			984	1127
			984	1128
			984	1129
			985	1129
			985	1130
			985	1131
			985	1132
			985	1133
			985	1134
			985	1135
			986	1135
			986	1136
			986	1137
			986	1138
			986	1139
			986	1140
			986	1141
			986	1142
			986	1143
			987	1144
			987	1145
			987	1146
			987	1147
			987	1148
			987	1149
			987	1150
			987	1151
			987	1152
			987	1153
			987	1154
			987	1155
			987	1156
			987	1157
			986	1158
			986	1159
			986	1160
			986	1161
			986	1162
			985	1162
			985	1163
		</curveLM07>
		<curveLM08 type=matrix rownames=FALSE colnames=FALSE nrow=58 ncol=2 as.numeric=TRUE >
			985	1163
			984	1163
			984	1164
			983	1164
			982	1164
			981	1164
			980	1164
			979	1164
			978	1164
			977	1164
			976	1163
			975	1163
			974	1163
			973	1162
			972	1162
			971	1162
			970	1161
			969	1161
			968	1160
			967	1160
			966	1159
			965	1159
			964	1158
			963	1158
			963	1157
			962	1157
			961	1157
			960	1156
			959	1155
			958	1155
			957	1154
			956	1153
			955	1153
			954	1152
			953	1152
			953	1151
			952	1151
			952	1150
			951	1150
			950	1149
			949	1149
			948	1148
			947	1147
			946	1147
			945	1146
			944	1146
			943	1145
			942	1145
			941	1145
			940	1144
			939	1144
			938	1144
			937	1144
			936	1144
			935	1144
			934	1144
			933	1144
			932	1144
		</curveLM08>
		<curveLM09 type=matrix rownames=FALSE colnames=FALSE nrow=64 ncol=2 as.numeric=TRUE >
			932	1144
			932	1145
			931	1145
			931	1146
			930	1146
			930	1147
			929	1148
			929	1149
			928	1150
			927	1151
			927	1152
			926	1153
			925	1154
			925	1155
			924	1156
			923	1157
			923	1158
			922	1159
			922	1160
			921	1161
			920	1162
			920	1163
			919	1164
			918	1165
			918	1166
			918	1167
			918	1168
			918	1169
			918	1170
			918	1171
			918	1172
			918	1173
			918	1174
			918	1175
			918	1176
			917	1177
			917	1178
			917	1179
			917	1180
			917	1181
			916	1182
			916	1183
			916	1184
			915	1184
			915	1185
			915	1186
			914	1187
			913	1188
			912	1189
			911	1190
			911	1191
			910	1192
			909	1192
			909	1193
			908	1193
			907	1194
			906	1194
			905	1195
			904	1195
			903	1195
			902	1195
			901	1196
			900	1196
			899	1196
		</curveLM09>
		<curveLM10 type=matrix rownames=FALSE colnames=FALSE nrow=56 ncol=2 as.numeric=TRUE >
			899	1196
			898	1196
			897	1195
			896	1195
			895	1195
			895	1194
			894	1194
			893	1194
			893	1193
			892	1193
			891	1192
			890	1191
			889	1190
			889	1189
			888	1188
			887	1187
			887	1186
			886	1185
			886	1184
			886	1183
			886	1182
			886	1181
			885	1180
			885	1179
			885	1178
			885	1177
			885	1176
			885	1175
			885	1174
			885	1173
			885	1172
			885	1171
			885	1170
			885	1169
			885	1168
			885	1167
			886	1166
			886	1165
			886	1164
			886	1163
			886	1162
			885	1162
			885	1161
			885	1160
			884	1160
			884	1159
			883	1158
			883	1157
			882	1156
			881	1155
			880	1154
			879	1153
			878	1152
			877	1151
			876	1150
			875	1150
		</curveLM10>
		<curveLM11 type=matrix rownames=FALSE colnames=FALSE nrow=60 ncol=2 as.numeric=TRUE >
			875	1150
			874	1150
			874	1149
			873	1149
			872	1148
			871	1148
			870	1148
			869	1148
			868	1148
			867	1148
			866	1148
			865	1148
			864	1149
			863	1149
			862	1150
			861	1150
			860	1151
			859	1152
			858	1152
			857	1153
			856	1154
			855	1155
			854	1156
			853	1157
			852	1158
			851	1159
			850	1159
			849	1160
			848	1161
			847	1161
			846	1162
			845	1162
			844	1163
			843	1164
			842	1164
			841	1165
			840	1165
			839	1166
			838	1167
			837	1167
			836	1168
			835	1168
			834	1169
			833	1169
			832	1170
			831	1170
			830	1171
			829	1171
			828	1172
			827	1172
			826	1172
			825	1173
			824	1173
			823	1174
			822	1174
			821	1174
			820	1174
			819	1174
			818	1174
			817	1174
		</curveLM11>
		<curveLM12 type=matrix rownames=FALSE colnames=FALSE nrow=264 ncol=2 as.numeric=TRUE >
			817	1174
			817	1173
			816	1172
			816	1171
			816	1170
			816	1169
			815	1168
			815	1167
			815	1166
			815	1165
			815	1164
			816	1163
			816	1162
			816	1161
			816	1160
			816	1159
			816	1158
			816	1157
			816	1156
			817	1155
			817	1154
			817	1153
			817	1152
			817	1151
			817	1150
			818	1149
			818	1148
			818	1147
			818	1146
			819	1146
			819	1145
			819	1144
			819	1143
			819	1142
			820	1141
			820	1140
			820	1139
			821	1138
			821	1137
			821	1136
			821	1135
			822	1134
			822	1133
			822	1132
			822	1131
			823	1130
			823	1129
			823	1128
			824	1127
			824	1126
			824	1125
			825	1124
			825	1123
			825	1122
			826	1121
			826	1120
			826	1119
			827	1118
			827	1117
			827	1116
			828	1115
			828	1114
			828	1113
			829	1112
			829	1111
			829	1110
			830	1109
			830	1108
			830	1107
			831	1107
			831	1106
			831	1105
			831	1104
			832	1103
			832	1102
			832	1101
			833	1100
			833	1099
			834	1098
			834	1097
			834	1096
			835	1095
			835	1094
			835	1093
			836	1092
			836	1091
			837	1090
			837	1089
			837	1088
			838	1087
			838	1086
			839	1085
			839	1084
			839	1083
			839	1082
			840	1082
			840	1081
			840	1080
			841	1079
			841	1078
			842	1077
			842	1076
			842	1075
			842	1074
			843	1074
			843	1073
			843	1072
			844	1071
			844	1070
			845	1069
			845	1068
			845	1067
			846	1066
			846	1065
			847	1064
			847	1063
			848	1062
			848	1061
			848	1060
			849	1059
			849	1058
			849	1057
			850	1056
			850	1055
			850	1054
			851	1053
			851	1052
			851	1051
			852	1050
			852	1049
			852	1048
			853	1047
			853	1046
			853	1045
			853	1044
			854	1043
			854	1042
			854	1041
			855	1040
			855	1039
			855	1038
			856	1037
			856	1036
			856	1035
			857	1035
			857	1034
			857	1033
			857	1032
			858	1031
			858	1030
			858	1029
			859	1028
			859	1027
			859	1026
			860	1026
			860	1025
			860	1024
			860	1023
			861	1022
			861	1021
			861	1020
			862	1019
			862	1018
			862	1017
			863	1016
			863	1015
			863	1014
			864	1013
			864	1012
			864	1011
			865	1010
			865	1009
			865	1008
			866	1007
			866	1006
			866	1005
			867	1004
			867	1003
			867	1002
			868	1001
			868	1000
			868	999
			869	998
			869	997
			869	996
			870	995
			870	994
			871	993
			871	992
			871	991
			872	990
			872	989
			872	988
			873	987
			873	986
			873	985
			874	984
			874	983
			874	982
			875	981
			875	980
			875	979
			876	978
			876	977
			876	976
			877	976
			877	975
			877	974
			877	973
			878	972
			878	971
			879	970
			879	969
			879	968
			880	967
			880	966
			881	965
			881	964
			881	963
			882	962
			882	961
			882	960
			883	959
			883	958
			884	957
			884	956
			884	955
			885	954
			885	953
			885	952
			886	951
			886	950
			887	949
			887	948
			888	947
			888	946
			888	945
			889	944
			889	943
			889	942
			890	941
			890	940
			891	939
			891	938
			892	937
			892	936
			892	935
			893	934
			893	933
			894	932
			894	931
			895	930
			895	929
			896	928
			897	927
			897	926
			898	925
			898	924
			899	923
			900	922
			900	921
			901	920
			902	919
			903	919
		</curveLM12>
	</curves.pixel>
	<curves.scaled type=list>
		<curveLM07 type=matrix rownames=FALSE colnames=FALSE nrow=259 ncol=2 as.numeric=TRUE >
			7.7179487179475	-7.85470085469962
			7.72649572649451	-7.85470085469962
			7.72649572649451	-7.86324786324662
			7.73504273504151	-7.87179487179363
			7.74358974358852	-7.88034188034064
			7.75213675213553	-7.88888888888764
			7.75213675213553	-7.89743589743465
			7.76068376068254	-7.90598290598166
			7.76068376068254	-7.91452991452867
			7.76923076922954	-7.92307692307567
			7.77777777777655	-7.93162393162268
			7.77777777777655	-7.94017094016969
			7.78632478632356	-7.94871794871669
			7.78632478632356	-7.9572649572637
			7.79487179487056	-7.96581196581071
			7.79487179487056	-7.97435897435772
			7.80341880341757	-7.98290598290472
			7.80341880341757	-7.99145299145173
			7.81196581196458	-7.99999999999874
			7.81196581196458	-8.00854700854575
			7.82051282051159	-8.01709401709275
			7.82051282051159	-8.02564102563976
			7.82905982905859	-8.03418803418677
			7.8376068376056	-8.04273504273377
			7.8376068376056	-8.05128205128078
			7.8376068376056	-8.05982905982779
			7.84615384615261	-8.06837606837479
			7.84615384615261	-8.0769230769218
			7.85470085469962	-8.08547008546881
			7.85470085469962	-8.09401709401582
			7.86324786324662	-8.10256410256282
			7.86324786324662	-8.11111111110983
			7.87179487179363	-8.11965811965684
			7.87179487179363	-8.12820512820385
			7.88034188034064	-8.12820512820385
			7.88034188034064	-8.13675213675085
			7.88034188034064	-8.14529914529786
			7.88888888888764	-8.15384615384487
			7.88888888888764	-8.16239316239187
			7.89743589743465	-8.17094017093888
			7.89743589743465	-8.17948717948589
			7.90598290598166	-8.1880341880329
			7.90598290598166	-8.1965811965799
			7.91452991452867	-8.20512820512691
			7.91452991452867	-8.21367521367392
			7.92307692307567	-8.22222222222092
			7.92307692307567	-8.23076923076793
			7.92307692307567	-8.23931623931494
			7.93162393162268	-8.23931623931494
			7.93162393162268	-8.24786324786195
			7.94017094016969	-8.25641025640895
			7.94017094016969	-8.26495726495596
			7.94017094016969	-8.27350427350297
			7.94871794871669	-8.28205128204998
			7.94871794871669	-8.29059829059698
			7.9572649572637	-8.29914529914399
			7.9572649572637	-8.307692307691
			7.96581196581071	-8.316239316238
			7.96581196581071	-8.32478632478501
			7.97435897435772	-8.33333333333202
			7.97435897435772	-8.34188034187903
			7.98290598290472	-8.35042735042603
			7.98290598290472	-8.35897435897304
			7.99145299145173	-8.36752136752005
			7.99145299145173	-8.37606837606705
			7.99145299145173	-8.38461538461406
			7.99999999999874	-8.38461538461406
			7.99999999999874	-8.39316239316107
			7.99999999999874	-8.40170940170808
			8.00854700854575	-8.41025641025508
			8.00854700854575	-8.41880341880209
			8.01709401709275	-8.4273504273491
			8.01709401709275	-8.4358974358961
			8.02564102563976	-8.44444444444311
			8.02564102563976	-8.45299145299012
			8.03418803418677	-8.46153846153713
			8.03418803418677	-8.47008547008413
			8.03418803418677	-8.47863247863114
			8.04273504273377	-8.47863247863114
			8.04273504273377	-8.48717948717815
			8.04273504273377	-8.49572649572515
			8.05128205128078	-8.49572649572515
			8.05128205128078	-8.50427350427216
			8.05128205128078	-8.51282051281917
			8.05982905982779	-8.52136752136618
			8.05982905982779	-8.52991452991318
			8.06837606837479	-8.53846153846019
			8.06837606837479	-8.5470085470072
			8.06837606837479	-8.55555555555421
			8.0769230769218	-8.55555555555421
			8.0769230769218	-8.56410256410121
			8.08547008546881	-8.57264957264822
			8.08547008546881	-8.58119658119523
			8.08547008546881	-8.58974358974223
			8.09401709401582	-8.59829059828924
			8.09401709401582	-8.60683760683625
			8.10256410256282	-8.61538461538326
			8.10256410256282	-8.62393162393026
			8.11111111110983	-8.63247863247727
			8.11111111110983	-8.64102564102428
			8.11965811965684	-8.64957264957128
			8.11965811965684	-8.65811965811829
			8.11965811965684	-8.6666666666653
			8.12820512820385	-8.67521367521231
			8.12820512820385	-8.68376068375931
			8.13675213675085	-8.69230769230632
			8.13675213675085	-8.70085470085333
			8.14529914529786	-8.70940170940034
			8.14529914529786	-8.71794871794734
			8.15384615384487	-8.72649572649435
			8.15384615384487	-8.73504273504136
			8.15384615384487	-8.74358974358836
			8.16239316239187	-8.75213675213537
			8.16239316239187	-8.76068376068238
			8.16239316239187	-8.76923076922939
			8.17094017093888	-8.77777777777639
			8.17094017093888	-8.7863247863234
			8.17094017093888	-8.79487179487041
			8.17948717948589	-8.80341880341742
			8.17948717948589	-8.81196581196442
			8.17948717948589	-8.82051282051143
			8.1880341880329	-8.82051282051143
			8.1880341880329	-8.82905982905844
			8.1880341880329	-8.83760683760544
			8.1880341880329	-8.84615384615245
			8.1965811965799	-8.85470085469946
			8.1965811965799	-8.86324786324646
			8.1965811965799	-8.87179487179347
			8.20512820512691	-8.88034188034048
			8.20512820512691	-8.88888888888749
			8.20512820512691	-8.89743589743449
			8.21367521367392	-8.9059829059815
			8.21367521367392	-8.91452991452851
			8.21367521367392	-8.92307692307551
			8.22222222222092	-8.93162393162252
			8.22222222222092	-8.94017094016953
			8.22222222222092	-8.94871794871654
			8.23076923076793	-8.95726495726354
			8.23076923076793	-8.96581196581055
			8.23076923076793	-8.97435897435756
			8.23931623931494	-8.98290598290457
			8.23931623931494	-8.99145299145157
			8.23931623931494	-8.99999999999858
			8.24786324786195	-9.00854700854559
			8.24786324786195	-9.01709401709259
			8.24786324786195	-9.0256410256396
			8.24786324786195	-9.03418803418661
			8.25641025640895	-9.04273504273362
			8.25641025640895	-9.05128205128062
			8.26495726495596	-9.05982905982763
			8.26495726495596	-9.06837606837464
			8.26495726495596	-9.07692307692164
			8.26495726495596	-9.08547008546865
			8.27350427350297	-9.09401709401566
			8.27350427350297	-9.10256410256267
			8.27350427350297	-9.11111111110967
			8.28205128204998	-9.11965811965668
			8.28205128204998	-9.12820512820369
			8.28205128204998	-9.1367521367507
			8.29059829059698	-9.1452991452977
			8.29059829059698	-9.15384615384471
			8.29059829059698	-9.16239316239172
			8.29059829059698	-9.17094017093872
			8.29914529914399	-9.17948717948573
			8.29914529914399	-9.18803418803274
			8.29914529914399	-9.19658119657974
			8.307692307691	-9.20512820512675
			8.307692307691	-9.21367521367376
			8.307692307691	-9.22222222222077
			8.307692307691	-9.23076923076777
			8.316239316238	-9.23931623931478
			8.316239316238	-9.24786324786179
			8.316239316238	-9.2564102564088
			8.316239316238	-9.2649572649558
			8.32478632478501	-9.2649572649558
			8.32478632478501	-9.27350427350281
			8.32478632478501	-9.28205128204982
			8.32478632478501	-9.29059829059682
			8.33333333333202	-9.29914529914383
			8.33333333333202	-9.30769230769084
			8.33333333333202	-9.31623931623785
			8.33333333333202	-9.32478632478485
			8.34188034187903	-9.32478632478485
			8.34188034187903	-9.33333333333186
			8.34188034187903	-9.34188034187887
			8.34188034187903	-9.35042735042587
			8.35042735042603	-9.35897435897288
			8.35042735042603	-9.36752136751989
			8.35042735042603	-9.3760683760669
			8.35042735042603	-9.3846153846139
			8.35897435897304	-9.39316239316091
			8.35897435897304	-9.40170940170792
			8.35897435897304	-9.41025641025493
			8.36752136752005	-9.41880341880193
			8.36752136752005	-9.42735042734894
			8.36752136752005	-9.43589743589595
			8.36752136752005	-9.44444444444295
			8.36752136752005	-9.45299145298996
			8.37606837606705	-9.46153846153697
			8.37606837606705	-9.47008547008398
			8.37606837606705	-9.47863247863098
			8.37606837606705	-9.48717948717799
			8.38461538461406	-9.48717948717799
			8.38461538461406	-9.495726495725
			8.38461538461406	-9.50427350427201
			8.38461538461406	-9.51282051281901
			8.38461538461406	-9.52136752136602
			8.39316239316107	-9.52991452991303
			8.39316239316107	-9.53846153846003
			8.39316239316107	-9.54700854700704
			8.39316239316107	-9.55555555555405
			8.40170940170808	-9.56410256410105
			8.40170940170808	-9.57264957264806
			8.40170940170808	-9.58119658119507
			8.40170940170808	-9.58974358974208
			8.40170940170808	-9.59829059828908
			8.41025641025508	-9.60683760683609
			8.41025641025508	-9.6153846153831
			8.41025641025508	-9.6239316239301
			8.41025641025508	-9.63247863247711
			8.41025641025508	-9.64102564102412
			8.41025641025508	-9.64957264957113
			8.41880341880209	-9.64957264957113
			8.41880341880209	-9.65811965811813
			8.41880341880209	-9.66666666666514
			8.41880341880209	-9.67521367521215
			8.41880341880209	-9.68376068375916
			8.41880341880209	-9.69230769230616
			8.41880341880209	-9.70085470085317
			8.4273504273491	-9.70085470085317
			8.4273504273491	-9.70940170940018
			8.4273504273491	-9.71794871794718
			8.4273504273491	-9.72649572649419
			8.4273504273491	-9.7350427350412
			8.4273504273491	-9.74358974358821
			8.4273504273491	-9.75213675213521
			8.4273504273491	-9.76068376068222
			8.4273504273491	-9.76923076922923
			8.4358974358961	-9.77777777777623
			8.4358974358961	-9.78632478632324
			8.4358974358961	-9.79487179487025
			8.4358974358961	-9.80341880341726
			8.4358974358961	-9.81196581196426
			8.4358974358961	-9.82051282051127
			8.4358974358961	-9.82905982905828
			8.4358974358961	-9.83760683760529
			8.4358974358961	-9.84615384615229
			8.4358974358961	-9.8547008546993
			8.4358974358961	-9.86324786324631
			8.4358974358961	-9.87179487179331
			8.4358974358961	-9.88034188034032
			8.4358974358961	-9.88888888888733
			8.4273504273491	-9.89743589743434
			8.4273504273491	-9.90598290598134
			8.4273504273491	-9.91452991452835
			8.4273504273491	-9.92307692307536
			8.4273504273491	-9.93162393162237
			8.41880341880209	-9.93162393162237
			8.41880341880209	-9.94017094016937
		</curveLM07>
		<curveLM08 type=matrix rownames=FALSE colnames=FALSE nrow=58 ncol=2 as.numeric=TRUE >
			8.41880341880209	-9.94017094016937
			8.41025641025508	-9.94017094016937
			8.41025641025508	-9.94871794871638
			8.40170940170808	-9.94871794871638
			8.39316239316107	-9.94871794871638
			8.38461538461406	-9.94871794871638
			8.37606837606705	-9.94871794871638
			8.36752136752005	-9.94871794871638
			8.35897435897304	-9.94871794871638
			8.35042735042603	-9.94871794871638
			8.34188034187903	-9.94017094016937
			8.33333333333202	-9.94017094016937
			8.32478632478501	-9.94017094016937
			8.316239316238	-9.93162393162237
			8.307692307691	-9.93162393162237
			8.29914529914399	-9.93162393162237
			8.29059829059698	-9.92307692307536
			8.28205128204998	-9.92307692307536
			8.27350427350297	-9.91452991452835
			8.26495726495596	-9.91452991452835
			8.25641025640895	-9.90598290598134
			8.24786324786195	-9.90598290598134
			8.23931623931494	-9.89743589743434
			8.23076923076793	-9.89743589743434
			8.23076923076793	-9.88888888888733
			8.22222222222092	-9.88888888888733
			8.21367521367392	-9.88888888888733
			8.20512820512691	-9.88034188034032
			8.1965811965799	-9.87179487179331
			8.1880341880329	-9.87179487179331
			8.17948717948589	-9.86324786324631
			8.17094017093888	-9.8547008546993
			8.16239316239187	-9.8547008546993
			8.15384615384487	-9.84615384615229
			8.14529914529786	-9.84615384615229
			8.14529914529786	-9.83760683760529
			8.13675213675085	-9.83760683760529
			8.13675213675085	-9.82905982905828
			8.12820512820385	-9.82905982905828
			8.11965811965684	-9.82051282051127
			8.11111111110983	-9.82051282051127
			8.10256410256282	-9.81196581196426
			8.09401709401582	-9.80341880341726
			8.08547008546881	-9.80341880341726
			8.0769230769218	-9.79487179487025
			8.06837606837479	-9.79487179487025
			8.05982905982779	-9.78632478632324
			8.05128205128078	-9.78632478632324
			8.04273504273377	-9.78632478632324
			8.03418803418677	-9.77777777777623
			8.02564102563976	-9.77777777777623
			8.01709401709275	-9.77777777777623
			8.00854700854575	-9.77777777777623
			7.99999999999874	-9.77777777777623
			7.99145299145173	-9.77777777777623
			7.98290598290472	-9.77777777777623
			7.97435897435772	-9.77777777777623
			7.96581196581071	-9.77777777777623
		</curveLM08>
		<curveLM09 type=matrix rownames=FALSE colnames=FALSE nrow=64 ncol=2 as.numeric=TRUE >
			7.96581196581071	-9.77777777777623
			7.96581196581071	-9.78632478632324
			7.9572649572637	-9.78632478632324
			7.9572649572637	-9.79487179487025
			7.94871794871669	-9.79487179487025
			7.94871794871669	-9.80341880341726
			7.94017094016969	-9.81196581196426
			7.94017094016969	-9.82051282051127
			7.93162393162268	-9.82905982905828
			7.92307692307567	-9.83760683760529
			7.92307692307567	-9.84615384615229
			7.91452991452867	-9.8547008546993
			7.90598290598166	-9.86324786324631
			7.90598290598166	-9.87179487179331
			7.89743589743465	-9.88034188034032
			7.88888888888764	-9.88888888888733
			7.88888888888764	-9.89743589743434
			7.88034188034064	-9.90598290598134
			7.88034188034064	-9.91452991452835
			7.87179487179363	-9.92307692307536
			7.86324786324662	-9.93162393162237
			7.86324786324662	-9.94017094016937
			7.85470085469962	-9.94871794871638
			7.84615384615261	-9.95726495726339
			7.84615384615261	-9.96581196581039
			7.84615384615261	-9.9743589743574
			7.84615384615261	-9.98290598290441
			7.84615384615261	-9.99145299145141
			7.84615384615261	-9.99999999999842
			7.84615384615261	-10.0085470085454
			7.84615384615261	-10.0170940170924
			7.84615384615261	-10.0256410256394
			7.84615384615261	-10.0341880341865
			7.84615384615261	-10.0427350427335
			7.84615384615261	-10.0512820512805
			7.8376068376056	-10.0598290598275
			7.8376068376056	-10.0683760683745
			7.8376068376056	-10.0769230769215
			7.8376068376056	-10.0854700854685
			7.8376068376056	-10.0940170940155
			7.82905982905859	-10.1025641025625
			7.82905982905859	-10.1111111111095
			7.82905982905859	-10.1196581196565
			7.82051282051159	-10.1196581196565
			7.82051282051159	-10.1282051282035
			7.82051282051159	-10.1367521367505
			7.81196581196458	-10.1452991452975
			7.80341880341757	-10.1538461538446
			7.79487179487056	-10.1623931623916
			7.78632478632356	-10.1709401709386
			7.78632478632356	-10.1794871794856
			7.77777777777655	-10.1880341880326
			7.76923076922954	-10.1880341880326
			7.76923076922954	-10.1965811965796
			7.76068376068254	-10.1965811965796
			7.75213675213553	-10.2051282051266
			7.74358974358852	-10.2051282051266
			7.73504273504151	-10.2136752136736
			7.72649572649451	-10.2136752136736
			7.7179487179475	-10.2136752136736
			7.70940170940049	-10.2136752136736
			7.70085470085349	-10.2222222222206
			7.69230769230648	-10.2222222222206
			7.68376068375947	-10.2222222222206
		</curveLM09>
		<curveLM10 type=matrix rownames=FALSE colnames=FALSE nrow=56 ncol=2 as.numeric=TRUE >
			7.68376068375947	-10.2222222222206
			7.67521367521246	-10.2222222222206
			7.66666666666546	-10.2136752136736
			7.65811965811845	-10.2136752136736
			7.64957264957144	-10.2136752136736
			7.64957264957144	-10.2051282051266
			7.64102564102444	-10.2051282051266
			7.63247863247743	-10.2051282051266
			7.63247863247743	-10.1965811965796
			7.62393162393042	-10.1965811965796
			7.61538461538341	-10.1880341880326
			7.60683760683641	-10.1794871794856
			7.5982905982894	-10.1709401709386
			7.5982905982894	-10.1623931623916
			7.58974358974239	-10.1538461538446
			7.58119658119538	-10.1452991452975
			7.58119658119538	-10.1367521367505
			7.57264957264838	-10.1282051282035
			7.57264957264838	-10.1196581196565
			7.57264957264838	-10.1111111111095
			7.57264957264838	-10.1025641025625
			7.57264957264838	-10.0940170940155
			7.56410256410137	-10.0854700854685
			7.56410256410137	-10.0769230769215
			7.56410256410137	-10.0683760683745
			7.56410256410137	-10.0598290598275
			7.56410256410137	-10.0512820512805
			7.56410256410137	-10.0427350427335
			7.56410256410137	-10.0341880341865
			7.56410256410137	-10.0256410256394
			7.56410256410137	-10.0170940170924
			7.56410256410137	-10.0085470085454
			7.56410256410137	-9.99999999999842
			7.56410256410137	-9.99145299145141
			7.56410256410137	-9.98290598290441
			7.56410256410137	-9.9743589743574
			7.57264957264838	-9.96581196581039
			7.57264957264838	-9.95726495726339
			7.57264957264838	-9.94871794871638
			7.57264957264838	-9.94017094016937
			7.57264957264838	-9.93162393162237
			7.56410256410137	-9.93162393162237
			7.56410256410137	-9.92307692307536
			7.56410256410137	-9.91452991452835
			7.55555555555436	-9.91452991452835
			7.55555555555436	-9.90598290598134
			7.54700854700736	-9.89743589743434
			7.54700854700736	-9.88888888888733
			7.53846153846035	-9.88034188034032
			7.52991452991334	-9.87179487179331
			7.52136752136633	-9.86324786324631
			7.51282051281933	-9.8547008546993
			7.50427350427232	-9.84615384615229
			7.49572649572531	-9.83760683760529
			7.48717948717831	-9.82905982905828
			7.4786324786313	-9.82905982905828
		</curveLM10>
		<curveLM11 type=matrix rownames=FALSE colnames=FALSE nrow=60 ncol=2 as.numeric=TRUE >
			7.4786324786313	-9.82905982905828
			7.47008547008429	-9.82905982905828
			7.47008547008429	-9.82051282051127
			7.46153846153728	-9.82051282051127
			7.45299145299028	-9.81196581196426
			7.44444444444327	-9.81196581196426
			7.43589743589626	-9.81196581196426
			7.42735042734926	-9.81196581196426
			7.41880341880225	-9.81196581196426
			7.41025641025524	-9.81196581196426
			7.40170940170823	-9.81196581196426
			7.39316239316123	-9.81196581196426
			7.38461538461422	-9.82051282051127
			7.37606837606721	-9.82051282051127
			7.3675213675202	-9.82905982905828
			7.3589743589732	-9.82905982905828
			7.35042735042619	-9.83760683760529
			7.34188034187918	-9.84615384615229
			7.33333333333218	-9.84615384615229
			7.32478632478517	-9.8547008546993
			7.31623931623816	-9.86324786324631
			7.30769230769115	-9.87179487179331
			7.29914529914415	-9.88034188034032
			7.29059829059714	-9.88888888888733
			7.28205128205013	-9.89743589743434
			7.27350427350313	-9.90598290598134
			7.26495726495612	-9.90598290598134
			7.25641025640911	-9.91452991452835
			7.2478632478621	-9.92307692307536
			7.2393162393151	-9.92307692307536
			7.23076923076809	-9.93162393162237
			7.22222222222108	-9.93162393162237
			7.21367521367408	-9.94017094016937
			7.20512820512707	-9.94871794871638
			7.19658119658006	-9.94871794871638
			7.18803418803305	-9.95726495726339
			7.17948717948605	-9.95726495726339
			7.17094017093904	-9.96581196581039
			7.16239316239203	-9.9743589743574
			7.15384615384503	-9.9743589743574
			7.14529914529802	-9.98290598290441
			7.13675213675101	-9.98290598290441
			7.128205128204	-9.99145299145141
			7.119658119657	-9.99145299145141
			7.11111111110999	-9.99999999999842
			7.10256410256298	-9.99999999999842
			7.09401709401597	-10.0085470085454
			7.08547008546897	-10.0085470085454
			7.07692307692196	-10.0170940170924
			7.06837606837495	-10.0170940170924
			7.05982905982795	-10.0170940170924
			7.05128205128094	-10.0256410256394
			7.04273504273393	-10.0256410256394
			7.03418803418692	-10.0341880341865
			7.02564102563992	-10.0341880341865
			7.01709401709291	-10.0341880341865
			7.0085470085459	-10.0341880341865
			6.9999999999989	-10.0341880341865
			6.99145299145189	-10.0341880341865
			6.98290598290488	-10.0341880341865
		</curveLM11>
		<curveLM12 type=matrix rownames=FALSE colnames=FALSE nrow=264 ncol=2 as.numeric=TRUE >
			6.98290598290488	-10.0341880341865
			6.98290598290488	-10.0256410256394
			6.97435897435787	-10.0170940170924
			6.97435897435787	-10.0085470085454
			6.97435897435787	-9.99999999999842
			6.97435897435787	-9.99145299145141
			6.96581196581087	-9.98290598290441
			6.96581196581087	-9.9743589743574
			6.96581196581087	-9.96581196581039
			6.96581196581087	-9.95726495726339
			6.96581196581087	-9.94871794871638
			6.97435897435787	-9.94017094016937
			6.97435897435787	-9.93162393162237
			6.97435897435787	-9.92307692307536
			6.97435897435787	-9.91452991452835
			6.97435897435787	-9.90598290598134
			6.97435897435787	-9.89743589743434
			6.97435897435787	-9.88888888888733
			6.97435897435787	-9.88034188034032
			6.98290598290488	-9.87179487179331
			6.98290598290488	-9.86324786324631
			6.98290598290488	-9.8547008546993
			6.98290598290488	-9.84615384615229
			6.98290598290488	-9.83760683760529
			6.98290598290488	-9.82905982905828
			6.99145299145189	-9.82051282051127
			6.99145299145189	-9.81196581196426
			6.99145299145189	-9.80341880341726
			6.99145299145189	-9.79487179487025
			6.9999999999989	-9.79487179487025
			6.9999999999989	-9.78632478632324
			6.9999999999989	-9.77777777777623
			6.9999999999989	-9.76923076922923
			6.9999999999989	-9.76068376068222
			7.0085470085459	-9.75213675213521
			7.0085470085459	-9.74358974358821
			7.0085470085459	-9.7350427350412
			7.01709401709291	-9.72649572649419
			7.01709401709291	-9.71794871794718
			7.01709401709291	-9.70940170940018
			7.01709401709291	-9.70085470085317
			7.02564102563992	-9.69230769230616
			7.02564102563992	-9.68376068375916
			7.02564102563992	-9.67521367521215
			7.02564102563992	-9.66666666666514
			7.03418803418692	-9.65811965811813
			7.03418803418692	-9.64957264957113
			7.03418803418692	-9.64102564102412
			7.04273504273393	-9.63247863247711
			7.04273504273393	-9.6239316239301
			7.04273504273393	-9.6153846153831
			7.05128205128094	-9.60683760683609
			7.05128205128094	-9.59829059828908
			7.05128205128094	-9.58974358974208
			7.05982905982795	-9.58119658119507
			7.05982905982795	-9.57264957264806
			7.05982905982795	-9.56410256410105
			7.06837606837495	-9.55555555555405
			7.06837606837495	-9.54700854700704
			7.06837606837495	-9.53846153846003
			7.07692307692196	-9.52991452991303
			7.07692307692196	-9.52136752136602
			7.07692307692196	-9.51282051281901
			7.08547008546897	-9.50427350427201
			7.08547008546897	-9.495726495725
			7.08547008546897	-9.48717948717799
			7.09401709401597	-9.47863247863098
			7.09401709401597	-9.47008547008398
			7.09401709401597	-9.46153846153697
			7.10256410256298	-9.46153846153697
			7.10256410256298	-9.45299145298996
			7.10256410256298	-9.44444444444295
			7.10256410256298	-9.43589743589595
			7.11111111110999	-9.42735042734894
			7.11111111110999	-9.41880341880193
			7.11111111110999	-9.41025641025493
			7.119658119657	-9.40170940170792
			7.119658119657	-9.39316239316091
			7.128205128204	-9.3846153846139
			7.128205128204	-9.3760683760669
			7.128205128204	-9.36752136751989
			7.13675213675101	-9.35897435897288
			7.13675213675101	-9.35042735042587
			7.13675213675101	-9.34188034187887
			7.14529914529802	-9.33333333333186
			7.14529914529802	-9.32478632478485
			7.15384615384503	-9.31623931623785
			7.15384615384503	-9.30769230769084
			7.15384615384503	-9.29914529914383
			7.16239316239203	-9.29059829059682
			7.16239316239203	-9.28205128204982
			7.17094017093904	-9.27350427350281
			7.17094017093904	-9.2649572649558
			7.17094017093904	-9.2564102564088
			7.17094017093904	-9.24786324786179
			7.17948717948605	-9.24786324786179
			7.17948717948605	-9.23931623931478
			7.17948717948605	-9.23076923076777
			7.18803418803305	-9.22222222222077
			7.18803418803305	-9.21367521367376
			7.19658119658006	-9.20512820512675
			7.19658119658006	-9.19658119657974
			7.19658119658006	-9.18803418803274
			7.19658119658006	-9.17948717948573
			7.20512820512707	-9.17948717948573
			7.20512820512707	-9.17094017093872
			7.20512820512707	-9.16239316239172
			7.21367521367408	-9.15384615384471
			7.21367521367408	-9.1452991452977
			7.22222222222108	-9.1367521367507
			7.22222222222108	-9.12820512820369
			7.22222222222108	-9.11965811965668
			7.23076923076809	-9.11111111110967
			7.23076923076809	-9.10256410256267
			7.2393162393151	-9.09401709401566
			7.2393162393151	-9.08547008546865
			7.2478632478621	-9.07692307692164
			7.2478632478621	-9.06837606837464
			7.2478632478621	-9.05982905982763
			7.25641025640911	-9.05128205128062
			7.25641025640911	-9.04273504273362
			7.25641025640911	-9.03418803418661
			7.26495726495612	-9.0256410256396
			7.26495726495612	-9.01709401709259
			7.26495726495612	-9.00854700854559
			7.27350427350313	-8.99999999999858
			7.27350427350313	-8.99145299145157
			7.27350427350313	-8.98290598290457
			7.28205128205013	-8.97435897435756
			7.28205128205013	-8.96581196581055
			7.28205128205013	-8.95726495726354
			7.29059829059714	-8.94871794871654
			7.29059829059714	-8.94017094016953
			7.29059829059714	-8.93162393162252
			7.29059829059714	-8.92307692307551
			7.29914529914415	-8.91452991452851
			7.29914529914415	-8.9059829059815
			7.29914529914415	-8.89743589743449
			7.30769230769115	-8.88888888888749
			7.30769230769115	-8.88034188034048
			7.30769230769115	-8.87179487179347
			7.31623931623816	-8.86324786324646
			7.31623931623816	-8.85470085469946
			7.31623931623816	-8.84615384615245
			7.32478632478517	-8.84615384615245
			7.32478632478517	-8.83760683760544
			7.32478632478517	-8.82905982905844
			7.32478632478517	-8.82051282051143
			7.33333333333218	-8.81196581196442
			7.33333333333218	-8.80341880341742
			7.33333333333218	-8.79487179487041
			7.34188034187918	-8.7863247863234
			7.34188034187918	-8.77777777777639
			7.34188034187918	-8.76923076922939
			7.35042735042619	-8.76923076922939
			7.35042735042619	-8.76068376068238
			7.35042735042619	-8.75213675213537
			7.35042735042619	-8.74358974358836
			7.3589743589732	-8.73504273504136
			7.3589743589732	-8.72649572649435
			7.3589743589732	-8.71794871794734
			7.3675213675202	-8.70940170940034
			7.3675213675202	-8.70085470085333
			7.3675213675202	-8.69230769230632
			7.37606837606721	-8.68376068375931
			7.37606837606721	-8.67521367521231
			7.37606837606721	-8.6666666666653
			7.38461538461422	-8.65811965811829
			7.38461538461422	-8.64957264957128
			7.38461538461422	-8.64102564102428
			7.39316239316123	-8.63247863247727
			7.39316239316123	-8.62393162393026
			7.39316239316123	-8.61538461538326
			7.40170940170823	-8.60683760683625
			7.40170940170823	-8.59829059828924
			7.40170940170823	-8.58974358974223
			7.41025641025524	-8.58119658119523
			7.41025641025524	-8.57264957264822
			7.41025641025524	-8.56410256410121
			7.41880341880225	-8.55555555555421
			7.41880341880225	-8.5470085470072
			7.41880341880225	-8.53846153846019
			7.42735042734926	-8.52991452991318
			7.42735042734926	-8.52136752136618
			7.42735042734926	-8.51282051281917
			7.43589743589626	-8.50427350427216
			7.43589743589626	-8.49572649572515
			7.44444444444327	-8.48717948717815
			7.44444444444327	-8.47863247863114
			7.44444444444327	-8.47008547008413
			7.45299145299028	-8.46153846153713
			7.45299145299028	-8.45299145299012
			7.45299145299028	-8.44444444444311
			7.46153846153728	-8.4358974358961
			7.46153846153728	-8.4273504273491
			7.46153846153728	-8.41880341880209
			7.47008547008429	-8.41025641025508
			7.47008547008429	-8.40170940170808
			7.47008547008429	-8.39316239316107
			7.4786324786313	-8.38461538461406
			7.4786324786313	-8.37606837606705
			7.4786324786313	-8.36752136752005
			7.48717948717831	-8.35897435897304
			7.48717948717831	-8.35042735042603
			7.48717948717831	-8.34188034187903
			7.49572649572531	-8.34188034187903
			7.49572649572531	-8.33333333333202
			7.49572649572531	-8.32478632478501
			7.49572649572531	-8.316239316238
			7.50427350427232	-8.307692307691
			7.50427350427232	-8.29914529914399
			7.51282051281933	-8.29059829059698
			7.51282051281933	-8.28205128204998
			7.51282051281933	-8.27350427350297
			7.52136752136633	-8.26495726495596
			7.52136752136633	-8.25641025640895
			7.52991452991334	-8.24786324786195
			7.52991452991334	-8.23931623931494
			7.52991452991334	-8.23076923076793
			7.53846153846035	-8.22222222222092
			7.53846153846035	-8.21367521367392
			7.53846153846035	-8.20512820512691
			7.54700854700736	-8.1965811965799
			7.54700854700736	-8.1880341880329
			7.55555555555436	-8.17948717948589
			7.55555555555436	-8.17094017093888
			7.55555555555436	-8.16239316239187
			7.56410256410137	-8.15384615384487
			7.56410256410137	-8.14529914529786
			7.56410256410137	-8.13675213675085
			7.57264957264838	-8.12820512820385
			7.57264957264838	-8.11965811965684
			7.58119658119538	-8.11111111110983
			7.58119658119538	-8.10256410256282
			7.58974358974239	-8.09401709401582
			7.58974358974239	-8.08547008546881
			7.58974358974239	-8.0769230769218
			7.5982905982894	-8.06837606837479
			7.5982905982894	-8.05982905982779
			7.5982905982894	-8.05128205128078
			7.60683760683641	-8.04273504273377
			7.60683760683641	-8.03418803418677
			7.61538461538341	-8.02564102563976
			7.61538461538341	-8.01709401709275
			7.62393162393042	-8.00854700854575
			7.62393162393042	-7.99999999999874
			7.62393162393042	-7.99145299145173
			7.63247863247743	-7.98290598290472
			7.63247863247743	-7.97435897435772
			7.64102564102444	-7.96581196581071
			7.64102564102444	-7.9572649572637
			7.64957264957144	-7.94871794871669
			7.64957264957144	-7.94017094016969
			7.65811965811845	-7.93162393162268
			7.66666666666546	-7.92307692307567
			7.66666666666546	-7.91452991452867
			7.67521367521246	-7.90598290598166
			7.67521367521246	-7.89743589743465
			7.68376068375947	-7.88888888888764
			7.69230769230648	-7.88034188034064
			7.69230769230648	-7.87179487179363
			7.70085470085349	-7.86324786324662
			7.70940170940049	-7.85470085469962
			7.7179487179475	-7.85470085469962
		</curveLM12>
	</curves.scaled>
	<ruler.points type=matrix rownames=TRUE colnames=FALSE nrow=5 ncol=2 as.numeric=TRUE >
		Ruler point 1	434	1409
		Ruler point 2	550	1409
		Ruler point 3	668	1409
		Ruler point 4	785	1409
		Ruler point 5	902	1409
	</ruler.points>
</shapes>

