<shapes type=list>
	<ruler.pixel type=vector names=FALSE length=1 as.numeric=TRUE >117.00000015487</ruler.pixel>
	<ruler.interval type=vector names=FALSE length=1 as.numeric=TRUE >1</ruler.interval>
	<scaling.units type=vector names=FALSE length=1 as.numeric=FALSE >cm</scaling.units>
	<scaling type=vector names=FALSE length=1 as.numeric=TRUE >0.0085470085356951</scaling>
	<landmarks.pixel type=matrix rownames=TRUE colnames=FALSE nrow=6 ncol=2 as.numeric=TRUE >
		LM01	901	912
		LM02	995	1156
		LM03	928	1127
		LM04	901	1194
		LM05	870	1128
		LM06	812	1156
	</landmarks.pixel>
	<landmarks.scaled type=matrix rownames=TRUE colnames=FALSE nrow=6 ncol=2 as.numeric=TRUE >
		LM01	7.70085469066128	-7.79487178455393
		LM02	8.50427349301662	-9.88034186726354
		LM03	7.93162392112505	-9.63247861972838
		LM04	7.70085469066128	-10.2051281916199
		LM05	7.43589742605474	-9.64102562826407
		LM06	6.94017093098442	-9.88034186726354
	</landmarks.scaled>
	<curves.control type=list>
		<curveLM07 type=matrix rownames=FALSE colnames=FALSE nrow=5 ncol=2 as.numeric=TRUE >
			901	912
			940	971
			954	1008
			1004	1121
			995	1156
		</curveLM07>
		<curveLM08 type=matrix rownames=FALSE colnames=FALSE nrow=5 ncol=2 as.numeric=TRUE >
			995	1156
			990	1163
			952	1138
			937	1124
			928	1127
		</curveLM08>
		<curveLM09 type=matrix rownames=FALSE colnames=FALSE nrow=5 ncol=2 as.numeric=TRUE >
			928	1127
			923	1136
			921	1157
			916	1190
			901	1194
		</curveLM09>
		<curveLM10 type=matrix rownames=FALSE colnames=FALSE nrow=5 ncol=2 as.numeric=TRUE >
			901	1194
			890	1190
			883	1169
			877	1134
			870	1128
		</curveLM10>
		<curveLM11 type=matrix rownames=FALSE colnames=FALSE nrow=5 ncol=2 as.numeric=TRUE >
			870	1128
			864	1126
			841	1143
			825	1164
			812	1156
		</curveLM11>
		<curveLM12 type=matrix rownames=FALSE colnames=FALSE nrow=5 ncol=2 as.numeric=TRUE >
			812	1156
			796	1150
			810	1112
			836	1002
			901	912
		</curveLM12>
	</curves.control>
	<curves.pixel type=list>
		<curveLM07 type=matrix rownames=FALSE colnames=FALSE nrow=253 ncol=2 as.numeric=TRUE >
			901	912
			902	913
			902	914
			903	915
			903	916
			904	916
			904	917
			905	918
			906	919
			906	920
			907	921
			907	922
			908	922
			908	923
			909	924
			910	925
			910	926
			911	927
			911	928
			912	928
			912	929
			913	930
			913	931
			914	932
			914	933
			915	933
			915	934
			916	935
			916	936
			917	937
			917	938
			918	938
			918	939
			919	940
			919	941
			920	942
			921	943
			921	944
			922	945
			923	946
			923	947
			924	948
			924	949
			925	950
			925	951
			926	952
			926	953
			927	954
			928	955
			929	956
			929	957
			929	958
			930	958
			930	959
			930	960
			931	960
			931	961
			932	962
			932	963
			933	964
			934	965
			934	966
			935	967
			935	968
			936	969
			936	970
			937	971
			937	972
			938	973
			939	974
			939	975
			940	976
			940	977
			941	978
			941	979
			942	980
			942	981
			943	982
			943	983
			944	984
			944	985
			945	986
			945	987
			946	988
			946	989
			946	990
			947	991
			947	992
			948	993
			948	994
			949	995
			949	996
			949	997
			950	998
			951	999
			951	1000
			951	1001
			952	1002
			952	1003
			952	1004
			953	1005
			953	1006
			954	1007
			954	1008
			954	1009
			955	1010
			955	1011
			956	1012
			956	1013
			957	1014
			957	1015
			958	1016
			958	1017
			958	1018
			959	1019
			959	1020
			960	1021
			960	1022
			961	1023
			961	1024
			962	1025
			962	1026
			962	1027
			963	1028
			963	1029
			964	1030
			964	1031
			964	1032
			965	1033
			965	1034
			966	1035
			966	1036
			966	1037
			967	1038
			967	1039
			968	1040
			968	1041
			969	1042
			969	1043
			969	1044
			970	1045
			970	1046
			971	1047
			971	1048
			971	1049
			972	1050
			972	1051
			972	1052
			973	1053
			973	1054
			973	1055
			974	1056
			974	1057
			975	1058
			975	1059
			976	1060
			976	1061
			976	1062
			977	1063
			977	1064
			977	1065
			978	1066
			978	1067
			979	1068
			979	1069
			979	1070
			980	1071
			980	1072
			980	1073
			981	1074
			981	1075
			981	1076
			982	1077
			982	1078
			982	1079
			982	1080
			983	1081
			983	1082
			984	1083
			984	1084
			984	1085
			985	1086
			985	1087
			985	1088
			985	1089
			986	1090
			986	1091
			986	1092
			987	1093
			987	1094
			987	1095
			988	1095
			988	1096
			988	1097
			988	1098
			989	1099
			989	1100
			989	1101
			989	1102
			990	1103
			990	1104
			990	1105
			990	1106
			991	1107
			991	1108
			991	1109
			991	1110
			992	1111
			992	1112
			992	1113
			992	1114
			993	1115
			993	1116
			993	1117
			993	1118
			994	1119
			994	1120
			994	1121
			994	1122
			994	1123
			994	1124
			995	1125
			995	1126
			995	1127
			995	1128
			995	1129
			995	1130
			996	1131
			996	1132
			996	1133
			996	1134
			996	1135
			996	1136
			996	1137
			996	1138
			996	1139
			996	1140
			996	1141
			996	1142
			996	1143
			996	1144
			996	1145
			996	1146
			996	1147
			996	1148
			996	1149
			996	1150
			996	1151
			996	1152
			996	1153
			995	1154
			995	1155
			995	1156
		</curveLM07>
		<curveLM08 type=matrix rownames=FALSE colnames=FALSE nrow=71 ncol=2 as.numeric=TRUE >
			995	1156
			994	1157
			993	1157
			992	1158
			991	1158
			990	1157
			989	1157
			988	1157
			987	1157
			986	1157
			985	1156
			984	1156
			983	1156
			982	1155
			981	1155
			980	1154
			979	1154
			978	1153
			977	1153
			976	1152
			975	1152
			974	1151
			973	1151
			972	1150
			971	1150
			971	1149
			970	1149
			969	1149
			968	1148
			967	1148
			967	1147
			966	1147
			965	1146
			964	1146
			963	1145
			962	1144
			961	1144
			960	1143
			959	1143
			958	1142
			957	1142
			956	1141
			955	1140
			954	1140
			953	1139
			952	1138
			951	1137
			950	1136
			949	1135
			948	1134
			947	1134
			946	1133
			945	1132
			944	1132
			943	1131
			943	1130
			942	1130
			941	1129
			940	1129
			939	1129
			938	1128
			937	1128
			936	1127
			935	1127
			934	1127
			933	1127
			932	1126
			931	1126
			930	1127
			929	1127
			928	1127
		</curveLM08>
		<curveLM09 type=matrix rownames=FALSE colnames=FALSE nrow=74 ncol=2 as.numeric=TRUE >
			928	1127
			927	1128
			927	1129
			926	1130
			926	1131
			926	1132
			925	1133
			925	1134
			925	1135
			924	1136
			924	1137
			924	1138
			924	1139
			924	1140
			923	1141
			923	1142
			923	1143
			923	1144
			922	1145
			922	1146
			922	1147
			922	1148
			922	1149
			922	1150
			922	1151
			922	1152
			921	1153
			921	1154
			921	1155
			921	1156
			921	1157
			921	1158
			921	1159
			921	1160
			920	1161
			920	1162
			920	1163
			920	1164
			920	1165
			919	1166
			919	1167
			919	1168
			919	1169
			918	1170
			918	1171
			918	1172
			918	1173
			917	1174
			917	1175
			916	1176
			916	1177
			916	1178
			915	1179
			915	1180
			915	1181
			914	1181
			914	1182
			913	1183
			913	1184
			912	1185
			911	1186
			911	1187
			910	1188
			910	1189
			909	1189
			908	1190
			907	1191
			906	1192
			905	1192
			904	1193
			903	1193
			903	1194
			902	1194
			901	1194
		</curveLM09>
		<curveLM10 type=matrix rownames=FALSE colnames=FALSE nrow=70 ncol=2 as.numeric=TRUE >
			901	1194
			900	1194
			899	1193
			898	1193
			897	1192
			896	1191
			895	1190
			894	1189
			893	1188
			892	1187
			891	1186
			890	1185
			890	1184
			889	1183
			889	1182
			888	1181
			888	1180
			887	1179
			887	1178
			886	1177
			886	1176
			885	1175
			885	1174
			884	1173
			884	1172
			884	1171
			884	1170
			883	1170
			883	1169
			883	1168
			883	1167
			882	1166
			882	1165
			882	1164
			882	1163
			882	1162
			882	1161
			881	1160
			881	1159
			881	1158
			881	1157
			880	1156
			880	1155
			880	1154
			880	1153
			880	1152
			879	1151
			879	1150
			879	1149
			879	1148
			878	1147
			878	1146
			878	1145
			878	1144
			877	1143
			877	1142
			877	1141
			876	1140
			876	1139
			876	1138
			875	1137
			875	1136
			874	1135
			874	1134
			874	1133
			873	1132
			872	1131
			872	1130
			871	1129
			870	1128
		</curveLM10>
		<curveLM11 type=matrix rownames=FALSE colnames=FALSE nrow=63 ncol=2 as.numeric=TRUE >
			870	1128
			869	1128
			868	1128
			867	1128
			866	1128
			865	1128
			864	1129
			863	1129
			862	1130
			861	1130
			860	1131
			859	1131
			858	1132
			857	1132
			856	1133
			855	1133
			854	1134
			853	1134
			853	1135
			852	1135
			851	1136
			850	1136
			849	1137
			849	1138
			848	1138
			847	1139
			846	1139
			845	1140
			844	1141
			843	1141
			842	1142
			841	1143
			840	1144
			839	1145
			838	1146
			838	1147
			837	1148
			836	1149
			835	1150
			834	1151
			833	1152
			832	1153
			831	1153
			830	1154
			829	1155
			828	1155
			827	1156
			826	1157
			825	1157
			824	1158
			823	1158
			822	1158
			821	1158
			820	1158
			819	1158
			818	1158
			817	1158
			816	1158
			815	1157
			814	1157
			813	1157
			813	1156
			812	1156
		</curveLM11>
		<curveLM12 type=matrix rownames=FALSE colnames=FALSE nrow=259 ncol=2 as.numeric=TRUE >
			812	1156
			811	1156
			810	1155
			809	1155
			809	1154
			808	1154
			807	1153
			807	1152
			806	1151
			805	1150
			805	1149
			805	1148
			804	1147
			804	1146
			804	1145
			804	1144
			804	1143
			803	1142
			803	1141
			803	1140
			803	1139
			804	1138
			804	1137
			804	1136
			804	1135
			804	1134
			804	1133
			804	1132
			805	1131
			805	1130
			805	1129
			805	1128
			805	1127
			806	1126
			806	1125
			806	1124
			806	1123
			807	1122
			807	1121
			807	1120
			808	1119
			808	1118
			808	1117
			809	1116
			809	1115
			809	1114
			810	1113
			810	1112
			810	1111
			810	1110
			811	1109
			811	1108
			811	1107
			811	1106
			812	1105
			812	1104
			812	1103
			812	1102
			813	1101
			813	1100
			813	1099
			814	1098
			814	1097
			814	1096
			814	1095
			815	1094
			815	1093
			815	1092
			815	1091
			816	1090
			816	1089
			816	1088
			816	1087
			817	1086
			817	1085
			817	1084
			818	1083
			818	1082
			818	1081
			819	1080
			819	1079
			819	1078
			819	1077
			820	1077
			820	1076
			820	1075
			820	1074
			820	1073
			821	1073
			821	1072
			821	1071
			821	1070
			822	1070
			822	1069
			822	1068
			822	1067
			823	1066
			823	1065
			824	1064
			824	1063
			824	1062
			824	1061
			825	1060
			825	1059
			825	1058
			826	1057
			826	1056
			827	1055
			827	1054
			827	1053
			828	1052
			828	1051
			828	1050
			829	1049
			829	1048
			829	1047
			830	1047
			830	1046
			830	1045
			830	1044
			831	1043
			831	1042
			832	1041
			832	1040
			832	1039
			833	1038
			833	1037
			834	1036
			834	1035
			834	1034
			835	1033
			835	1032
			835	1031
			836	1030
			836	1029
			837	1029
			837	1028
			837	1027
			838	1026
			838	1025
			838	1024
			839	1023
			839	1022
			840	1021
			840	1020
			840	1019
			841	1018
			841	1017
			842	1016
			842	1015
			842	1014
			843	1014
			843	1013
			844	1012
			844	1011
			844	1010
			845	1009
			845	1008
			846	1007
			846	1006
			847	1005
			847	1004
			847	1003
			848	1002
			849	1001
			849	1000
			850	999
			850	998
			850	997
			851	996
			851	995
			852	994
			852	993
			853	992
			853	991
			854	990
			854	989
			855	988
			855	987
			856	986
			856	985
			857	984
			857	983
			858	982
			859	981
			859	980
			859	979
			860	979
			860	978
			860	977
			861	977
			861	976
			861	975
			862	975
			862	974
			863	973
			863	972
			864	971
			864	970
			865	969
			865	968
			866	967
			867	966
			867	965
			868	964
			868	963
			869	962
			869	961
			870	960
			870	959
			871	958
			871	957
			872	956
			873	955
			874	954
			874	953
			874	952
			875	952
			875	951
			876	950
			877	949
			877	948
			878	947
			878	946
			879	945
			879	944
			880	944
			880	943
			881	942
			881	941
			882	940
			883	939
			883	938
			884	937
			885	936
			885	935
			886	934
			887	933
			887	932
			888	931
			888	930
			889	929
			890	928
			890	927
			891	926
			892	925
			893	924
			893	923
			894	922
			895	921
			896	920
			896	919
			897	918
			897	917
			898	916
			899	915
			900	914
			900	913
			901	912
		</curveLM12>
	</curves.pixel>
	<curves.scaled type=list>
		<curveLM07 type=matrix rownames=FALSE colnames=FALSE nrow=253 ncol=2 as.numeric=TRUE >
			7.70085469066128	-7.79487178455393
			7.70940169919698	-7.80341879308963
			7.70940169919698	-7.81196580162532
			7.71794870773267	-7.82051281016102
			7.71794870773267	-7.82905981869671
			7.72649571626837	-7.82905981869671
			7.72649571626837	-7.83760682723241
			7.73504272480406	-7.8461538357681
			7.74358973333976	-7.8547008443038
			7.74358973333976	-7.86324785283949
			7.75213674187546	-7.87179486137519
			7.75213674187546	-7.88034186991088
			7.76068375041115	-7.88034186991088
			7.76068375041115	-7.88888887844658
			7.76923075894685	-7.89743588698227
			7.77777776748254	-7.90598289551797
			7.77777776748254	-7.91452990405366
			7.78632477601824	-7.92307691258936
			7.78632477601824	-7.93162392112505
			7.79487178455393	-7.93162392112505
			7.79487178455393	-7.94017092966075
			7.80341879308963	-7.94871793819644
			7.80341879308963	-7.95726494673214
			7.81196580162532	-7.96581195526783
			7.81196580162532	-7.97435896380353
			7.82051281016102	-7.97435896380353
			7.82051281016102	-7.98290597233922
			7.82905981869671	-7.99145298087492
			7.82905981869671	-7.99999998941061
			7.83760682723241	-8.00854699794631
			7.83760682723241	-8.017094006482
			7.8461538357681	-8.017094006482
			7.8461538357681	-8.0256410150177
			7.8547008443038	-8.03418802355339
			7.8547008443038	-8.04273503208909
			7.86324785283949	-8.05128204062478
			7.87179486137519	-8.05982904916048
			7.87179486137519	-8.06837605769617
			7.88034186991088	-8.07692306623187
			7.88888887844658	-8.08547007476756
			7.88888887844658	-8.09401708330326
			7.89743588698227	-8.10256409183895
			7.89743588698227	-8.11111110037465
			7.90598289551797	-8.11965810891035
			7.90598289551797	-8.12820511744604
			7.91452990405366	-8.13675212598173
			7.91452990405366	-8.14529913451743
			7.92307691258936	-8.15384614305312
			7.93162392112505	-8.16239315158882
			7.94017092966075	-8.17094016012451
			7.94017092966075	-8.17948716866021
			7.94017092966075	-8.18803417719591
			7.94871793819644	-8.18803417719591
			7.94871793819644	-8.1965811857316
			7.94871793819644	-8.2051281942673
			7.95726494673214	-8.2051281942673
			7.95726494673214	-8.21367520280299
			7.96581195526783	-8.22222221133869
			7.96581195526783	-8.23076921987438
			7.97435896380353	-8.23931622841008
			7.98290597233922	-8.24786323694577
			7.98290597233922	-8.25641024548147
			7.99145298087492	-8.26495725401716
			7.99145298087492	-8.27350426255286
			7.99999998941061	-8.28205127108855
			7.99999998941061	-8.29059827962425
			8.00854699794631	-8.29914528815994
			8.00854699794631	-8.30769229669564
			8.017094006482	-8.31623930523133
			8.0256410150177	-8.32478631376703
			8.0256410150177	-8.33333332230272
			8.03418802355339	-8.34188033083842
			8.03418802355339	-8.35042733937411
			8.04273503208909	-8.35897434790981
			8.04273503208909	-8.3675213564455
			8.05128204062478	-8.3760683649812
			8.05128204062478	-8.38461537351689
			8.05982904916048	-8.39316238205259
			8.05982904916048	-8.40170939058828
			8.06837605769617	-8.41025639912398
			8.06837605769617	-8.41880340765967
			8.07692306623187	-8.42735041619537
			8.07692306623187	-8.43589742473106
			8.08547007476756	-8.44444443326676
			8.08547007476756	-8.45299144180245
			8.08547007476756	-8.46153845033815
			8.09401708330326	-8.47008545887384
			8.09401708330326	-8.47863246740954
			8.10256409183895	-8.48717947594523
			8.10256409183895	-8.49572648448093
			8.11111110037465	-8.50427349301662
			8.11111110037465	-8.51282050155232
			8.11111110037465	-8.52136751008801
			8.11965810891035	-8.52991451862371
			8.12820511744604	-8.5384615271594
			8.12820511744604	-8.5470085356951
			8.12820511744604	-8.55555554423079
			8.13675212598173	-8.56410255276649
			8.13675212598173	-8.57264956130219
			8.13675212598173	-8.58119656983788
			8.14529913451743	-8.58974357837358
			8.14529913451743	-8.59829058690927
			8.15384614305312	-8.60683759544496
			8.15384614305312	-8.61538460398066
			8.15384614305312	-8.62393161251635
			8.16239315158882	-8.63247862105205
			8.16239315158882	-8.64102562958775
			8.17094016012451	-8.64957263812344
			8.17094016012451	-8.65811964665914
			8.17948716866021	-8.66666665519483
			8.17948716866021	-8.67521366373053
			8.18803417719591	-8.68376067226622
			8.18803417719591	-8.69230768080192
			8.18803417719591	-8.70085468933761
			8.1965811857316	-8.70940169787331
			8.1965811857316	-8.717948706409
			8.2051281942673	-8.7264957149447
			8.2051281942673	-8.73504272348039
			8.21367520280299	-8.74358973201609
			8.21367520280299	-8.75213674055178
			8.22222221133869	-8.76068374908748
			8.22222221133869	-8.76923075762317
			8.22222221133869	-8.77777776615887
			8.23076921987438	-8.78632477469456
			8.23076921987438	-8.79487178323026
			8.23931622841008	-8.80341879176595
			8.23931622841008	-8.81196580030165
			8.23931622841008	-8.82051280883734
			8.24786323694577	-8.82905981737304
			8.24786323694577	-8.83760682590873
			8.25641024548147	-8.84615383444443
			8.25641024548147	-8.85470084298012
			8.25641024548147	-8.86324785151582
			8.26495725401716	-8.87179486005151
			8.26495725401716	-8.88034186858721
			8.27350426255286	-8.8888888771229
			8.27350426255286	-8.8974358856586
			8.28205127108855	-8.90598289419429
			8.28205127108855	-8.91452990272999
			8.28205127108855	-8.92307691126568
			8.29059827962425	-8.93162391980138
			8.29059827962425	-8.94017092833707
			8.29914528815994	-8.94871793687277
			8.29914528815994	-8.95726494540846
			8.29914528815994	-8.96581195394416
			8.30769229669564	-8.97435896247985
			8.30769229669564	-8.98290597101555
			8.30769229669564	-8.99145297955124
			8.31623930523133	-8.99999998808694
			8.31623930523133	-9.00854699662263
			8.31623930523133	-9.01709400515833
			8.32478631376703	-9.02564101369403
			8.32478631376703	-9.03418802222972
			8.33333332230272	-9.04273503076542
			8.33333332230272	-9.05128203930111
			8.34188033083842	-9.05982904783681
			8.34188033083842	-9.0683760563725
			8.34188033083842	-9.0769230649082
			8.35042733937411	-9.08547007344389
			8.35042733937411	-9.09401708197958
			8.35042733937411	-9.10256409051528
			8.35897434790981	-9.11111109905098
			8.35897434790981	-9.11965810758667
			8.3675213564455	-9.12820511612237
			8.3675213564455	-9.13675212465806
			8.3675213564455	-9.14529913319376
			8.3760683649812	-9.15384614172945
			8.3760683649812	-9.16239315026515
			8.3760683649812	-9.17094015880084
			8.38461537351689	-9.17948716733654
			8.38461537351689	-9.18803417587223
			8.38461537351689	-9.19658118440793
			8.39316238205259	-9.20512819294362
			8.39316238205259	-9.21367520147932
			8.39316238205259	-9.22222221001501
			8.39316238205259	-9.23076921855071
			8.40170939058828	-9.2393162270864
			8.40170939058828	-9.2478632356221
			8.41025639912398	-9.25641024415779
			8.41025639912398	-9.26495725269349
			8.41025639912398	-9.27350426122918
			8.41880340765967	-9.28205126976488
			8.41880340765967	-9.29059827830057
			8.41880340765967	-9.29914528683627
			8.41880340765967	-9.30769229537196
			8.42735041619537	-9.31623930390766
			8.42735041619537	-9.32478631244335
			8.42735041619537	-9.33333332097905
			8.43589742473106	-9.34188032951474
			8.43589742473106	-9.35042733805044
			8.43589742473106	-9.35897434658613
			8.44444443326676	-9.35897434658613
			8.44444443326676	-9.36752135512183
			8.44444443326676	-9.37606836365752
			8.44444443326676	-9.38461537219322
			8.45299144180245	-9.39316238072891
			8.45299144180245	-9.40170938926461
			8.45299144180245	-9.41025639780031
			8.45299144180245	-9.418803406336
			8.46153845033815	-9.42735041487169
			8.46153845033815	-9.43589742340739
			8.46153845033815	-9.44444443194308
			8.46153845033815	-9.45299144047878
			8.47008545887384	-9.46153844901447
			8.47008545887384	-9.47008545755017
			8.47008545887384	-9.47863246608587
			8.47008545887384	-9.48717947462156
			8.47863246740954	-9.49572648315726
			8.47863246740954	-9.50427349169295
			8.47863246740954	-9.51282050022865
			8.47863246740954	-9.52136750876434
			8.48717947594523	-9.52991451730004
			8.48717947594523	-9.53846152583573
			8.48717947594523	-9.54700853437143
			8.48717947594523	-9.55555554290712
			8.49572648448093	-9.56410255144282
			8.49572648448093	-9.57264955997851
			8.49572648448093	-9.58119656851421
			8.49572648448093	-9.5897435770499
			8.49572648448093	-9.5982905855856
			8.49572648448093	-9.60683759412129
			8.50427349301662	-9.61538460265699
			8.50427349301662	-9.62393161119268
			8.50427349301662	-9.63247861972838
			8.50427349301662	-9.64102562826407
			8.50427349301662	-9.64957263679977
			8.50427349301662	-9.65811964533546
			8.51282050155232	-9.66666665387116
			8.51282050155232	-9.67521366240685
			8.51282050155232	-9.68376067094255
			8.51282050155232	-9.69230767947824
			8.51282050155232	-9.70085468801394
			8.51282050155232	-9.70940169654963
			8.51282050155232	-9.71794870508533
			8.51282050155232	-9.72649571362102
			8.51282050155232	-9.73504272215672
			8.51282050155232	-9.74358973069241
			8.51282050155232	-9.75213673922811
			8.51282050155232	-9.7606837477638
			8.51282050155232	-9.7692307562995
			8.51282050155232	-9.77777776483519
			8.51282050155232	-9.78632477337089
			8.51282050155232	-9.79487178190658
			8.51282050155232	-9.80341879044228
			8.51282050155232	-9.81196579897797
			8.51282050155232	-9.82051280751367
			8.51282050155232	-9.82905981604936
			8.51282050155232	-9.83760682458506
			8.51282050155232	-9.84615383312075
			8.51282050155232	-9.85470084165645
			8.50427349301662	-9.86324785019215
			8.50427349301662	-9.87179485872784
			8.50427349301662	-9.88034186726354
		</curveLM07>
		<curveLM08 type=matrix rownames=FALSE colnames=FALSE nrow=71 ncol=2 as.numeric=TRUE >
			8.50427349301662	-9.88034186726354
			8.49572648448093	-9.88888887579923
			8.48717947594523	-9.88888887579923
			8.47863246740954	-9.89743588433493
			8.47008545887384	-9.89743588433493
			8.46153845033815	-9.88888887579923
			8.45299144180245	-9.88888887579923
			8.44444443326676	-9.88888887579923
			8.43589742473106	-9.88888887579923
			8.42735041619537	-9.88888887579923
			8.41880340765967	-9.88034186726354
			8.41025639912398	-9.88034186726354
			8.40170939058828	-9.88034186726354
			8.39316238205259	-9.87179485872784
			8.38461537351689	-9.87179485872784
			8.3760683649812	-9.86324785019215
			8.3675213564455	-9.86324785019215
			8.35897434790981	-9.85470084165645
			8.35042733937411	-9.85470084165645
			8.34188033083842	-9.84615383312075
			8.33333332230272	-9.84615383312075
			8.32478631376703	-9.83760682458506
			8.31623930523133	-9.83760682458506
			8.30769229669564	-9.82905981604936
			8.29914528815994	-9.82905981604936
			8.29914528815994	-9.82051280751367
			8.29059827962425	-9.82051280751367
			8.28205127108855	-9.82051280751367
			8.27350426255286	-9.81196579897797
			8.26495725401716	-9.81196579897797
			8.26495725401716	-9.80341879044228
			8.25641024548147	-9.80341879044228
			8.24786323694577	-9.79487178190658
			8.23931622841008	-9.79487178190658
			8.23076921987438	-9.78632477337089
			8.22222221133869	-9.77777776483519
			8.21367520280299	-9.77777776483519
			8.2051281942673	-9.7692307562995
			8.1965811857316	-9.7692307562995
			8.18803417719591	-9.7606837477638
			8.17948716866021	-9.7606837477638
			8.17094016012451	-9.75213673922811
			8.16239315158882	-9.74358973069241
			8.15384614305312	-9.74358973069241
			8.14529913451743	-9.73504272215672
			8.13675212598173	-9.72649571362102
			8.12820511744604	-9.71794870508533
			8.11965810891035	-9.70940169654963
			8.11111110037465	-9.70085468801394
			8.10256409183895	-9.69230767947824
			8.09401708330326	-9.69230767947824
			8.08547007476756	-9.68376067094255
			8.07692306623187	-9.67521366240685
			8.06837605769617	-9.67521366240685
			8.05982904916048	-9.66666665387116
			8.05982904916048	-9.65811964533546
			8.05128204062478	-9.65811964533546
			8.04273503208909	-9.64957263679977
			8.03418802355339	-9.64957263679977
			8.0256410150177	-9.64957263679977
			8.017094006482	-9.64102562826407
			8.00854699794631	-9.64102562826407
			7.99999998941061	-9.63247861972838
			7.99145298087492	-9.63247861972838
			7.98290597233922	-9.63247861972838
			7.97435896380353	-9.63247861972838
			7.96581195526783	-9.62393161119268
			7.95726494673214	-9.62393161119268
			7.94871793819644	-9.63247861972838
			7.94017092966075	-9.63247861972838
			7.93162392112505	-9.63247861972838
		</curveLM08>
		<curveLM09 type=matrix rownames=FALSE colnames=FALSE nrow=74 ncol=2 as.numeric=TRUE >
			7.93162392112505	-9.63247861972838
			7.92307691258936	-9.64102562826407
			7.92307691258936	-9.64957263679977
			7.91452990405366	-9.65811964533546
			7.91452990405366	-9.66666665387116
			7.91452990405366	-9.67521366240685
			7.90598289551797	-9.68376067094255
			7.90598289551797	-9.69230767947824
			7.90598289551797	-9.70085468801394
			7.89743588698227	-9.70940169654963
			7.89743588698227	-9.71794870508533
			7.89743588698227	-9.72649571362102
			7.89743588698227	-9.73504272215672
			7.89743588698227	-9.74358973069241
			7.88888887844658	-9.75213673922811
			7.88888887844658	-9.7606837477638
			7.88888887844658	-9.7692307562995
			7.88888887844658	-9.77777776483519
			7.88034186991088	-9.78632477337089
			7.88034186991088	-9.79487178190658
			7.88034186991088	-9.80341879044228
			7.88034186991088	-9.81196579897797
			7.88034186991088	-9.82051280751367
			7.88034186991088	-9.82905981604936
			7.88034186991088	-9.83760682458506
			7.88034186991088	-9.84615383312075
			7.87179486137519	-9.85470084165645
			7.87179486137519	-9.86324785019215
			7.87179486137519	-9.87179485872784
			7.87179486137519	-9.88034186726354
			7.87179486137519	-9.88888887579923
			7.87179486137519	-9.89743588433493
			7.87179486137519	-9.90598289287062
			7.87179486137519	-9.91452990140631
			7.86324785283949	-9.92307690994201
			7.86324785283949	-9.9316239184777
			7.86324785283949	-9.9401709270134
			7.86324785283949	-9.9487179355491
			7.86324785283949	-9.95726494408479
			7.8547008443038	-9.96581195262049
			7.8547008443038	-9.97435896115618
			7.8547008443038	-9.98290596969188
			7.8547008443038	-9.99145297822757
			7.8461538357681	-9.99999998676327
			7.8461538357681	-10.008546995299
			7.8461538357681	-10.0170940038347
			7.8461538357681	-10.0256410123704
			7.83760682723241	-10.034188020906
			7.83760682723241	-10.0427350294417
			7.82905981869671	-10.0512820379774
			7.82905981869671	-10.0598290465131
			7.82905981869671	-10.0683760550488
			7.82051281016102	-10.0769230635845
			7.82051281016102	-10.0854700721202
			7.82051281016102	-10.0940170806559
			7.81196580162532	-10.0940170806559
			7.81196580162532	-10.1025640891916
			7.80341879308963	-10.1111110977273
			7.80341879308963	-10.119658106263
			7.79487178455393	-10.1282051147987
			7.78632477601824	-10.1367521233344
			7.78632477601824	-10.1452991318701
			7.77777776748254	-10.1538461404058
			7.77777776748254	-10.1623931489415
			7.76923075894685	-10.1623931489415
			7.76068375041115	-10.1709401574772
			7.75213674187546	-10.1794871660129
			7.74358973333976	-10.1880341745486
			7.73504272480406	-10.1880341745486
			7.72649571626837	-10.1965811830843
			7.71794870773267	-10.1965811830843
			7.71794870773267	-10.2051281916199
			7.70940169919698	-10.2051281916199
			7.70085469066128	-10.2051281916199
		</curveLM09>
		<curveLM10 type=matrix rownames=FALSE colnames=FALSE nrow=70 ncol=2 as.numeric=TRUE >
			7.70085469066128	-10.2051281916199
			7.69230768212559	-10.2051281916199
			7.68376067358989	-10.1965811830843
			7.6752136650542	-10.1965811830843
			7.6666666565185	-10.1880341745486
			7.65811964798281	-10.1794871660129
			7.64957263944711	-10.1709401574772
			7.64102563091142	-10.1623931489415
			7.63247862237572	-10.1538461404058
			7.62393161384003	-10.1452991318701
			7.61538460530433	-10.1367521233344
			7.60683759676864	-10.1282051147987
			7.60683759676864	-10.119658106263
			7.59829058823294	-10.1111110977273
			7.59829058823294	-10.1025640891916
			7.58974357969725	-10.0940170806559
			7.58974357969725	-10.0854700721202
			7.58119657116155	-10.0769230635845
			7.58119657116155	-10.0683760550488
			7.57264956262586	-10.0598290465131
			7.57264956262586	-10.0512820379774
			7.56410255409016	-10.0427350294417
			7.56410255409016	-10.034188020906
			7.55555554555447	-10.0256410123704
			7.55555554555447	-10.0170940038347
			7.55555554555447	-10.008546995299
			7.55555554555447	-9.99999998676327
			7.54700853701877	-9.99999998676327
			7.54700853701877	-9.99145297822757
			7.54700853701877	-9.98290596969188
			7.54700853701877	-9.97435896115618
			7.53846152848308	-9.96581195262049
			7.53846152848308	-9.95726494408479
			7.53846152848308	-9.9487179355491
			7.53846152848308	-9.9401709270134
			7.53846152848308	-9.9316239184777
			7.53846152848308	-9.92307690994201
			7.52991451994738	-9.91452990140631
			7.52991451994738	-9.90598289287062
			7.52991451994738	-9.89743588433493
			7.52991451994738	-9.88888887579923
			7.52136751141169	-9.88034186726354
			7.52136751141169	-9.87179485872784
			7.52136751141169	-9.86324785019215
			7.52136751141169	-9.85470084165645
			7.52136751141169	-9.84615383312075
			7.51282050287599	-9.83760682458506
			7.51282050287599	-9.82905981604936
			7.51282050287599	-9.82051280751367
			7.51282050287599	-9.81196579897797
			7.5042734943403	-9.80341879044228
			7.5042734943403	-9.79487178190658
			7.5042734943403	-9.78632477337089
			7.5042734943403	-9.77777776483519
			7.4957264858046	-9.7692307562995
			7.4957264858046	-9.7606837477638
			7.4957264858046	-9.75213673922811
			7.48717947726891	-9.74358973069241
			7.48717947726891	-9.73504272215672
			7.48717947726891	-9.72649571362102
			7.47863246873321	-9.71794870508533
			7.47863246873321	-9.70940169654963
			7.47008546019752	-9.70085468801394
			7.47008546019752	-9.69230767947824
			7.47008546019752	-9.68376067094255
			7.46153845166182	-9.67521366240685
			7.45299144312613	-9.66666665387116
			7.45299144312613	-9.65811964533546
			7.44444443459043	-9.64957263679977
			7.43589742605474	-9.64102562826407
		</curveLM10>
		<curveLM11 type=matrix rownames=FALSE colnames=FALSE nrow=63 ncol=2 as.numeric=TRUE >
			7.43589742605474	-9.64102562826407
			7.42735041751904	-9.64102562826407
			7.41880340898335	-9.64102562826407
			7.41025640044765	-9.64102562826407
			7.40170939191196	-9.64102562826407
			7.39316238337626	-9.64102562826407
			7.38461537484057	-9.64957263679977
			7.37606836630487	-9.64957263679977
			7.36752135776918	-9.65811964533546
			7.35897434923348	-9.65811964533546
			7.35042734069779	-9.66666665387116
			7.34188033216209	-9.66666665387116
			7.3333333236264	-9.67521366240685
			7.3247863150907	-9.67521366240685
			7.316239306555	-9.68376067094255
			7.30769229801931	-9.68376067094255
			7.29914528948362	-9.69230767947824
			7.29059828094792	-9.69230767947824
			7.29059828094792	-9.70085468801394
			7.28205127241222	-9.70085468801394
			7.27350426387653	-9.70940169654963
			7.26495725534083	-9.70940169654963
			7.25641024680514	-9.71794870508533
			7.25641024680514	-9.72649571362102
			7.24786323826944	-9.72649571362102
			7.23931622973375	-9.73504272215672
			7.23076922119805	-9.73504272215672
			7.22222221266236	-9.74358973069241
			7.21367520412666	-9.75213673922811
			7.20512819559097	-9.75213673922811
			7.19658118705527	-9.7606837477638
			7.18803417851958	-9.7692307562995
			7.17948716998388	-9.77777776483519
			7.17094016144819	-9.78632477337089
			7.16239315291249	-9.79487178190658
			7.16239315291249	-9.80341879044228
			7.1538461443768	-9.81196579897797
			7.1452991358411	-9.82051280751367
			7.13675212730541	-9.82905981604936
			7.12820511876971	-9.83760682458506
			7.11965811023402	-9.84615383312075
			7.11111110169832	-9.85470084165645
			7.10256409316263	-9.85470084165645
			7.09401708462693	-9.86324785019215
			7.08547007609124	-9.87179485872784
			7.07692306755554	-9.87179485872784
			7.06837605901985	-9.88034186726354
			7.05982905048415	-9.88888887579923
			7.05128204194846	-9.88888887579923
			7.04273503341276	-9.89743588433493
			7.03418802487707	-9.89743588433493
			7.02564101634137	-9.89743588433493
			7.01709400780568	-9.89743588433493
			7.00854699926998	-9.89743588433493
			6.99999999073429	-9.89743588433493
			6.99145298219859	-9.89743588433493
			6.9829059736629	-9.89743588433493
			6.9743589651272	-9.89743588433493
			6.96581195659151	-9.88888887579923
			6.95726494805581	-9.88888887579923
			6.94871793952012	-9.88888887579923
			6.94871793952012	-9.88034186726354
			6.94017093098442	-9.88034186726354
		</curveLM11>
		<curveLM12 type=matrix rownames=FALSE colnames=FALSE nrow=259 ncol=2 as.numeric=TRUE >
			6.94017093098442	-9.88034186726354
			6.93162392244873	-9.88034186726354
			6.92307691391303	-9.87179485872784
			6.91452990537734	-9.87179485872784
			6.91452990537734	-9.86324785019215
			6.90598289684164	-9.86324785019215
			6.89743588830595	-9.85470084165645
			6.89743588830595	-9.84615383312075
			6.88888887977025	-9.83760682458506
			6.88034187123456	-9.82905981604936
			6.88034187123456	-9.82051280751367
			6.88034187123456	-9.81196579897797
			6.87179486269886	-9.80341879044228
			6.87179486269886	-9.79487178190658
			6.87179486269886	-9.78632477337089
			6.87179486269886	-9.77777776483519
			6.87179486269886	-9.7692307562995
			6.86324785416316	-9.7606837477638
			6.86324785416316	-9.75213673922811
			6.86324785416316	-9.74358973069241
			6.86324785416316	-9.73504272215672
			6.87179486269886	-9.72649571362102
			6.87179486269886	-9.71794870508533
			6.87179486269886	-9.70940169654963
			6.87179486269886	-9.70085468801394
			6.87179486269886	-9.69230767947824
			6.87179486269886	-9.68376067094255
			6.87179486269886	-9.67521366240685
			6.88034187123456	-9.66666665387116
			6.88034187123456	-9.65811964533546
			6.88034187123456	-9.64957263679977
			6.88034187123456	-9.64102562826407
			6.88034187123456	-9.63247861972838
			6.88888887977025	-9.62393161119268
			6.88888887977025	-9.61538460265699
			6.88888887977025	-9.60683759412129
			6.88888887977025	-9.5982905855856
			6.89743588830595	-9.5897435770499
			6.89743588830595	-9.58119656851421
			6.89743588830595	-9.57264955997851
			6.90598289684164	-9.56410255144282
			6.90598289684164	-9.55555554290712
			6.90598289684164	-9.54700853437143
			6.91452990537734	-9.53846152583573
			6.91452990537734	-9.52991451730004
			6.91452990537734	-9.52136750876434
			6.92307691391303	-9.51282050022865
			6.92307691391303	-9.50427349169295
			6.92307691391303	-9.49572648315726
			6.92307691391303	-9.48717947462156
			6.93162392244873	-9.47863246608587
			6.93162392244873	-9.47008545755017
			6.93162392244873	-9.46153844901447
			6.93162392244873	-9.45299144047878
			6.94017093098442	-9.44444443194308
			6.94017093098442	-9.43589742340739
			6.94017093098442	-9.42735041487169
			6.94017093098442	-9.418803406336
			6.94871793952012	-9.41025639780031
			6.94871793952012	-9.40170938926461
			6.94871793952012	-9.39316238072891
			6.95726494805581	-9.38461537219322
			6.95726494805581	-9.37606836365752
			6.95726494805581	-9.36752135512183
			6.95726494805581	-9.35897434658613
			6.96581195659151	-9.35042733805044
			6.96581195659151	-9.34188032951474
			6.96581195659151	-9.33333332097905
			6.96581195659151	-9.32478631244335
			6.9743589651272	-9.31623930390766
			6.9743589651272	-9.30769229537196
			6.9743589651272	-9.29914528683627
			6.9743589651272	-9.29059827830057
			6.9829059736629	-9.28205126976488
			6.9829059736629	-9.27350426122918
			6.9829059736629	-9.26495725269349
			6.99145298219859	-9.25641024415779
			6.99145298219859	-9.2478632356221
			6.99145298219859	-9.2393162270864
			6.99999999073429	-9.23076921855071
			6.99999999073429	-9.22222221001501
			6.99999999073429	-9.21367520147932
			6.99999999073429	-9.20512819294362
			7.00854699926998	-9.20512819294362
			7.00854699926998	-9.19658118440793
			7.00854699926998	-9.18803417587223
			7.00854699926998	-9.17948716733654
			7.00854699926998	-9.17094015880084
			7.01709400780568	-9.17094015880084
			7.01709400780568	-9.16239315026515
			7.01709400780568	-9.15384614172945
			7.01709400780568	-9.14529913319376
			7.02564101634137	-9.14529913319376
			7.02564101634137	-9.13675212465806
			7.02564101634137	-9.12820511612237
			7.02564101634137	-9.11965810758667
			7.03418802487707	-9.11111109905098
			7.03418802487707	-9.10256409051528
			7.04273503341276	-9.09401708197958
			7.04273503341276	-9.08547007344389
			7.04273503341276	-9.0769230649082
			7.04273503341276	-9.0683760563725
			7.05128204194846	-9.05982904783681
			7.05128204194846	-9.05128203930111
			7.05128204194846	-9.04273503076542
			7.05982905048415	-9.03418802222972
			7.05982905048415	-9.02564101369403
			7.06837605901985	-9.01709400515833
			7.06837605901985	-9.00854699662263
			7.06837605901985	-8.99999998808694
			7.07692306755554	-8.99145297955124
			7.07692306755554	-8.98290597101555
			7.07692306755554	-8.97435896247985
			7.08547007609124	-8.96581195394416
			7.08547007609124	-8.95726494540846
			7.08547007609124	-8.94871793687277
			7.09401708462693	-8.94871793687277
			7.09401708462693	-8.94017092833707
			7.09401708462693	-8.93162391980138
			7.09401708462693	-8.92307691126568
			7.10256409316263	-8.91452990272999
			7.10256409316263	-8.90598289419429
			7.11111110169832	-8.8974358856586
			7.11111110169832	-8.8888888771229
			7.11111110169832	-8.88034186858721
			7.11965811023402	-8.87179486005151
			7.11965811023402	-8.86324785151582
			7.12820511876971	-8.85470084298012
			7.12820511876971	-8.84615383444443
			7.12820511876971	-8.83760682590873
			7.13675212730541	-8.82905981737304
			7.13675212730541	-8.82051280883734
			7.13675212730541	-8.81196580030165
			7.1452991358411	-8.80341879176595
			7.1452991358411	-8.79487178323026
			7.1538461443768	-8.79487178323026
			7.1538461443768	-8.78632477469456
			7.1538461443768	-8.77777776615887
			7.16239315291249	-8.76923075762317
			7.16239315291249	-8.76068374908748
			7.16239315291249	-8.75213674055178
			7.17094016144819	-8.74358973201609
			7.17094016144819	-8.73504272348039
			7.17948716998388	-8.7264957149447
			7.17948716998388	-8.717948706409
			7.17948716998388	-8.70940169787331
			7.18803417851958	-8.70085468933761
			7.18803417851958	-8.69230768080192
			7.19658118705527	-8.68376067226622
			7.19658118705527	-8.67521366373053
			7.19658118705527	-8.66666665519483
			7.20512819559097	-8.66666665519483
			7.20512819559097	-8.65811964665914
			7.21367520412666	-8.64957263812344
			7.21367520412666	-8.64102562958775
			7.21367520412666	-8.63247862105205
			7.22222221266236	-8.62393161251635
			7.22222221266236	-8.61538460398066
			7.23076922119805	-8.60683759544496
			7.23076922119805	-8.59829058690927
			7.23931622973375	-8.58974357837358
			7.23931622973375	-8.58119656983788
			7.23931622973375	-8.57264956130219
			7.24786323826944	-8.56410255276649
			7.25641024680514	-8.55555554423079
			7.25641024680514	-8.5470085356951
			7.26495725534083	-8.5384615271594
			7.26495725534083	-8.52991451862371
			7.26495725534083	-8.52136751008801
			7.27350426387653	-8.51282050155232
			7.27350426387653	-8.50427349301662
			7.28205127241222	-8.49572648448093
			7.28205127241222	-8.48717947594523
			7.29059828094792	-8.47863246740954
			7.29059828094792	-8.47008545887384
			7.29914528948362	-8.46153845033815
			7.29914528948362	-8.45299144180245
			7.30769229801931	-8.44444443326676
			7.30769229801931	-8.43589742473106
			7.316239306555	-8.42735041619537
			7.316239306555	-8.41880340765967
			7.3247863150907	-8.41025639912398
			7.3247863150907	-8.40170939058828
			7.3333333236264	-8.39316238205259
			7.34188033216209	-8.38461537351689
			7.34188033216209	-8.3760683649812
			7.34188033216209	-8.3675213564455
			7.35042734069779	-8.3675213564455
			7.35042734069779	-8.35897434790981
			7.35042734069779	-8.35042733937411
			7.35897434923348	-8.35042733937411
			7.35897434923348	-8.34188033083842
			7.35897434923348	-8.33333332230272
			7.36752135776918	-8.33333332230272
			7.36752135776918	-8.32478631376703
			7.37606836630487	-8.31623930523133
			7.37606836630487	-8.30769229669564
			7.38461537484057	-8.29914528815994
			7.38461537484057	-8.29059827962425
			7.39316238337626	-8.28205127108855
			7.39316238337626	-8.27350426255286
			7.40170939191196	-8.26495725401716
			7.41025640044765	-8.25641024548147
			7.41025640044765	-8.24786323694577
			7.41880340898335	-8.23931622841008
			7.41880340898335	-8.23076921987438
			7.42735041751904	-8.22222221133869
			7.42735041751904	-8.21367520280299
			7.43589742605474	-8.2051281942673
			7.43589742605474	-8.1965811857316
			7.44444443459043	-8.18803417719591
			7.44444443459043	-8.17948716866021
			7.45299144312613	-8.17094016012451
			7.46153845166182	-8.16239315158882
			7.47008546019752	-8.15384614305312
			7.47008546019752	-8.14529913451743
			7.47008546019752	-8.13675212598173
			7.47863246873321	-8.13675212598173
			7.47863246873321	-8.12820511744604
			7.48717947726891	-8.11965810891035
			7.4957264858046	-8.11111110037465
			7.4957264858046	-8.10256409183895
			7.5042734943403	-8.09401708330326
			7.5042734943403	-8.08547007476756
			7.51282050287599	-8.07692306623187
			7.51282050287599	-8.06837605769617
			7.52136751141169	-8.06837605769617
			7.52136751141169	-8.05982904916048
			7.52991451994738	-8.05128204062478
			7.52991451994738	-8.04273503208909
			7.53846152848308	-8.03418802355339
			7.54700853701877	-8.0256410150177
			7.54700853701877	-8.017094006482
			7.55555554555447	-8.00854699794631
			7.56410255409016	-7.99999998941061
			7.56410255409016	-7.99145298087492
			7.57264956262586	-7.98290597233922
			7.58119657116155	-7.97435896380353
			7.58119657116155	-7.96581195526783
			7.58974357969725	-7.95726494673214
			7.58974357969725	-7.94871793819644
			7.59829058823294	-7.94017092966075
			7.60683759676864	-7.93162392112505
			7.60683759676864	-7.92307691258936
			7.61538460530433	-7.91452990405366
			7.62393161384003	-7.90598289551797
			7.63247862237572	-7.89743588698227
			7.63247862237572	-7.88888887844658
			7.64102563091142	-7.88034186991088
			7.64957263944711	-7.87179486137519
			7.65811964798281	-7.86324785283949
			7.65811964798281	-7.8547008443038
			7.6666666565185	-7.8461538357681
			7.6666666565185	-7.83760682723241
			7.6752136650542	-7.82905981869671
			7.68376067358989	-7.82051281016102
			7.69230768212559	-7.81196580162532
			7.69230768212559	-7.80341879308963
			7.70085469066128	-7.79487178455393
		</curveLM12>
	</curves.scaled>
	<ruler.points type=matrix rownames=TRUE colnames=FALSE nrow=5 ncol=2 as.numeric=TRUE >
		Ruler point 1	433	1409
		Ruler point 2	551	1409
		Ruler point 3	668	1409
		Ruler point 4	785	1409
		Ruler point 5	902	1409
	</ruler.points>
</shapes>

