<shapes type=list>
	<ruler.pixel type=vector names=FALSE length=1 as.numeric=TRUE >117</ruler.pixel>
	<ruler.interval type=vector names=FALSE length=1 as.numeric=TRUE >1</ruler.interval>
	<scaling.units type=vector names=FALSE length=1 as.numeric=FALSE >cm</scaling.units>
	<scaling type=vector names=FALSE length=1 as.numeric=TRUE >0.00854700854700855</scaling>
	<landmarks.pixel type=matrix rownames=TRUE colnames=FALSE nrow=6 ncol=2 as.numeric=TRUE >
		LM01	902	801
		LM02	1009	1163
		LM03	936	1122
		LM04	901	1193
		LM05	865	1116
		LM06	785	1159
	</landmarks.pixel>
	<landmarks.scaled type=matrix rownames=TRUE colnames=FALSE nrow=6 ncol=2 as.numeric=TRUE >
		LM01	7.70940170940171	-6.84615384615385
		LM02	8.62393162393163	-9.94017094017094
		LM03	8	-9.58974358974359
		LM04	7.7008547008547	-10.1965811965812
		LM05	7.39316239316239	-9.53846153846154
		LM06	6.70940170940171	-9.90598290598291
	</landmarks.scaled>
	<curves.control type=list>
		<curveLM07 type=matrix rownames=FALSE colnames=FALSE nrow=5 ncol=2 as.numeric=TRUE >
			902	801
			922	816
			949	908
			1016	1133
			1009	1163
		</curveLM07>
		<curveLM08 type=matrix rownames=FALSE colnames=FALSE nrow=5 ncol=2 as.numeric=TRUE >
			1009	1163
			1004	1167
			960	1135
			947	1121
			936	1122
		</curveLM08>
		<curveLM09 type=matrix rownames=FALSE colnames=FALSE nrow=5 ncol=2 as.numeric=TRUE >
			936	1122
			927	1127
			922	1157
			913	1194
			901	1193
		</curveLM09>
		<curveLM10 type=matrix rownames=FALSE colnames=FALSE nrow=5 ncol=2 as.numeric=TRUE >
			901	1193
			886	1192
			874	1145
			873	1124
			865	1116
		</curveLM10>
		<curveLM11 type=matrix rownames=FALSE colnames=FALSE nrow=5 ncol=2 as.numeric=TRUE >
			865	1116
			850	1115
			829	1133
			799	1157
			785	1159
		</curveLM11>
		<curveLM12 type=matrix rownames=FALSE colnames=FALSE nrow=7 ncol=2 as.numeric=TRUE >
			785	1159
			781	1144
			788	1122
			818	1018
			837	941
			885	806
			902	801
		</curveLM12>
	</curves.control>
	<curves.pixel type=list>
		<curveLM07 type=matrix rownames=FALSE colnames=FALSE nrow=373 ncol=2 as.numeric=TRUE >
			902	801
			903	802
			904	802
			905	803
			905	804
			906	805
			907	806
			908	807
			909	808
			910	809
			910	810
			911	811
			911	812
			912	813
			913	813
			913	814
			914	815
			914	816
			915	817
			915	818
			916	819
			916	820
			917	821
			918	822
			918	823
			919	824
			919	825
			919	826
			920	827
			920	828
			921	829
			922	830
			922	831
			922	832
			923	833
			923	834
			924	835
			924	836
			925	837
			925	838
			925	839
			926	840
			926	841
			927	842
			927	843
			928	844
			928	845
			928	846
			929	847
			929	848
			929	849
			930	850
			930	851
			931	852
			931	853
			931	854
			932	855
			932	856
			933	857
			933	858
			933	859
			934	860
			934	861
			934	862
			935	863
			935	864
			935	865
			936	866
			936	867
			936	868
			937	869
			937	870
			937	871
			938	872
			938	873
			938	874
			939	875
			939	876
			940	877
			940	878
			940	879
			940	880
			941	881
			941	882
			941	883
			942	884
			942	885
			942	886
			943	887
			943	888
			943	889
			944	890
			944	891
			944	892
			944	893
			945	894
			945	895
			945	896
			946	897
			946	898
			946	899
			947	900
			947	901
			947	902
			948	903
			948	904
			948	905
			949	906
			949	907
			949	908
			949	909
			950	910
			950	911
			950	912
			951	913
			951	914
			951	915
			951	916
			952	917
			952	918
			952	919
			953	920
			953	921
			953	922
			953	923
			954	924
			954	925
			954	926
			955	927
			955	928
			955	929
			956	930
			956	931
			956	932
			956	933
			957	934
			957	935
			957	936
			958	937
			958	938
			958	939
			958	940
			959	941
			959	942
			959	943
			960	944
			960	945
			960	946
			961	947
			961	948
			961	949
			961	950
			962	951
			962	952
			962	953
			963	954
			963	955
			963	956
			963	957
			964	958
			964	959
			964	960
			964	961
			965	961
			965	962
			965	963
			965	964
			966	965
			966	966
			966	967
			966	968
			967	969
			967	970
			967	971
			968	972
			968	973
			968	974
			968	975
			969	975
			969	976
			969	977
			969	978
			970	979
			970	980
			970	981
			970	982
			971	983
			971	984
			971	985
			972	986
			972	987
			972	988
			972	989
			973	989
			973	990
			973	991
			973	992
			974	993
			974	994
			974	995
			975	996
			975	997
			975	998
			975	999
			976	1000
			976	1001
			976	1002
			977	1003
			977	1004
			977	1005
			977	1006
			978	1007
			978	1008
			978	1009
			978	1010
			979	1011
			979	1012
			979	1013
			980	1014
			980	1015
			980	1016
			980	1017
			981	1018
			981	1019
			981	1020
			981	1021
			982	1022
			982	1023
			982	1024
			982	1025
			983	1026
			983	1027
			983	1028
			983	1029
			984	1030
			984	1031
			984	1032
			984	1033
			985	1033
			985	1034
			985	1035
			985	1036
			986	1037
			986	1038
			986	1039
			986	1040
			987	1040
			987	1041
			987	1042
			987	1043
			988	1044
			988	1045
			988	1046
			988	1047
			988	1048
			989	1049
			989	1050
			989	1051
			990	1052
			990	1053
			990	1054
			990	1055
			990	1056
			991	1056
			991	1057
			991	1058
			991	1059
			992	1060
			992	1061
			992	1062
			992	1063
			993	1064
			993	1065
			993	1066
			993	1067
			994	1068
			994	1069
			994	1070
			994	1071
			994	1072
			995	1072
			995	1073
			995	1074
			995	1075
			995	1076
			996	1077
			996	1078
			996	1079
			997	1080
			997	1081
			997	1082
			997	1083
			997	1084
			998	1085
			998	1086
			998	1087
			998	1088
			999	1089
			999	1090
			999	1091
			999	1092
			999	1093
			1000	1093
			1000	1094
			1000	1095
			1000	1096
			1000	1097
			1001	1098
			1001	1099
			1001	1100
			1001	1101
			1002	1102
			1002	1103
			1002	1104
			1002	1105
			1002	1106
			1003	1107
			1003	1108
			1003	1109
			1003	1110
			1003	1111
			1004	1112
			1004	1113
			1004	1114
			1004	1115
			1004	1116
			1005	1117
			1005	1118
			1005	1119
			1005	1120
			1005	1121
			1006	1122
			1006	1123
			1006	1124
			1006	1125
			1006	1126
			1007	1127
			1007	1128
			1007	1129
			1007	1130
			1007	1131
			1007	1132
			1007	1133
			1008	1134
			1008	1135
			1008	1136
			1008	1137
			1008	1138
			1008	1139
			1008	1140
			1009	1141
			1009	1142
			1009	1143
			1009	1144
			1009	1145
			1009	1146
			1009	1147
			1009	1148
			1009	1149
			1009	1150
			1010	1151
			1010	1152
			1010	1153
			1010	1154
			1010	1155
			1010	1156
			1010	1157
			1010	1158
			1010	1159
			1009	1160
			1009	1161
			1009	1162
			1009	1163
		</curveLM07>
		<curveLM08 type=matrix rownames=FALSE colnames=FALSE nrow=78 ncol=2 as.numeric=TRUE >
			1009	1163
			1008	1163
			1007	1163
			1006	1163
			1005	1163
			1004	1163
			1003	1162
			1002	1162
			1001	1162
			1000	1161
			999	1160
			998	1160
			997	1159
			996	1159
			995	1158
			994	1158
			993	1157
			992	1157
			991	1156
			990	1155
			989	1155
			988	1154
			987	1154
			986	1153
			985	1152
			984	1152
			983	1151
			982	1150
			981	1150
			981	1149
			980	1149
			979	1148
			978	1148
			978	1147
			977	1147
			976	1146
			975	1146
			975	1145
			974	1145
			973	1144
			972	1144
			971	1143
			970	1142
			969	1141
			968	1141
			967	1140
			966	1139
			965	1138
			964	1138
			963	1137
			962	1136
			961	1136
			960	1135
			959	1134
			958	1133
			957	1132
			956	1131
			955	1130
			954	1129
			953	1129
			952	1128
			951	1127
			950	1126
			949	1125
			948	1125
			947	1124
			946	1124
			945	1123
			944	1123
			943	1123
			942	1123
			942	1122
			941	1122
			940	1122
			939	1122
			938	1122
			937	1122
			936	1122
		</curveLM08>
		<curveLM09 type=matrix rownames=FALSE colnames=FALSE nrow=84 ncol=2 as.numeric=TRUE >
			936	1122
			935	1123
			934	1123
			933	1124
			933	1125
			932	1126
			931	1127
			930	1128
			930	1129
			929	1130
			929	1131
			929	1132
			928	1133
			928	1134
			927	1135
			927	1136
			927	1137
			926	1138
			926	1139
			926	1140
			925	1141
			925	1142
			925	1143
			925	1144
			924	1145
			924	1146
			924	1147
			924	1148
			924	1149
			923	1149
			923	1150
			923	1151
			923	1152
			923	1153
			923	1154
			922	1155
			922	1156
			922	1157
			922	1158
			921	1159
			921	1160
			921	1161
			921	1162
			920	1163
			920	1164
			920	1165
			920	1166
			919	1166
			919	1167
			919	1168
			919	1169
			919	1170
			918	1170
			918	1171
			918	1172
			918	1173
			917	1173
			917	1174
			917	1175
			916	1175
			916	1176
			916	1177
			915	1178
			915	1179
			914	1180
			914	1181
			914	1182
			913	1183
			913	1184
			912	1185
			911	1186
			911	1187
			910	1188
			909	1189
			909	1190
			908	1190
			907	1191
			906	1191
			906	1192
			905	1192
			904	1193
			903	1193
			902	1193
			901	1193
		</curveLM09>
		<curveLM10 type=matrix rownames=FALSE colnames=FALSE nrow=84 ncol=2 as.numeric=TRUE >
			901	1193
			900	1193
			899	1193
			898	1192
			897	1192
			896	1191
			895	1191
			895	1190
			894	1190
			893	1189
			892	1188
			891	1187
			891	1186
			890	1185
			889	1184
			888	1183
			888	1182
			887	1181
			886	1180
			886	1179
			885	1178
			885	1177
			884	1176
			884	1175
			884	1174
			883	1173
			883	1172
			882	1171
			882	1170
			882	1169
			881	1168
			881	1167
			880	1166
			880	1165
			880	1164
			879	1163
			879	1162
			879	1161
			878	1160
			878	1159
			878	1158
			877	1157
			877	1156
			877	1155
			877	1154
			876	1153
			876	1152
			876	1151
			875	1150
			875	1149
			875	1148
			875	1147
			874	1146
			874	1145
			874	1144
			874	1143
			874	1142
			874	1141
			874	1140
			874	1139
			873	1138
			873	1137
			873	1136
			873	1135
			873	1134
			873	1133
			872	1132
			872	1131
			872	1130
			872	1129
			872	1128
			871	1127
			871	1126
			870	1125
			870	1124
			870	1123
			869	1122
			869	1121
			868	1120
			867	1119
			867	1118
			866	1118
			866	1117
			865	1116
		</curveLM10>
		<curveLM11 type=matrix rownames=FALSE colnames=FALSE nrow=89 ncol=2 as.numeric=TRUE >
			865	1116
			864	1116
			863	1116
			862	1116
			861	1116
			860	1116
			859	1116
			858	1116
			858	1117
			857	1117
			856	1117
			855	1117
			854	1118
			853	1118
			852	1118
			851	1119
			850	1119
			849	1119
			849	1120
			848	1120
			847	1121
			846	1121
			845	1122
			844	1122
			843	1123
			842	1123
			841	1124
			840	1125
			839	1125
			838	1126
			837	1127
			836	1128
			835	1128
			834	1129
			833	1130
			832	1131
			831	1131
			831	1132
			830	1132
			829	1133
			828	1134
			827	1135
			826	1135
			826	1136
			825	1136
			824	1137
			823	1138
			822	1139
			821	1140
			820	1140
			819	1141
			818	1141
			818	1142
			817	1142
			816	1143
			815	1143
			815	1144
			814	1144
			813	1145
			812	1146
			811	1147
			810	1147
			809	1148
			808	1148
			808	1149
			807	1149
			806	1150
			805	1150
			805	1151
			804	1151
			803	1151
			802	1152
			801	1153
			800	1153
			799	1154
			798	1154
			797	1155
			796	1155
			795	1156
			794	1156
			793	1157
			792	1157
			791	1158
			790	1158
			789	1158
			788	1158
			787	1159
			786	1159
			785	1159
		</curveLM11>
		<curveLM12 type=matrix rownames=FALSE colnames=FALSE nrow=375 ncol=2 as.numeric=TRUE >
			785	1159
			785	1158
			785	1157
			784	1156
			784	1155
			784	1154
			784	1153
			784	1152
			784	1151
			784	1150
			784	1149
			784	1148
			784	1147
			784	1146
			784	1145
			784	1144
			784	1143
			784	1142
			784	1141
			784	1140
			784	1139
			784	1138
			784	1137
			784	1136
			785	1135
			785	1134
			785	1133
			785	1132
			785	1131
			786	1131
			786	1130
			786	1129
			786	1128
			787	1127
			787	1126
			787	1125
			787	1124
			788	1123
			788	1122
			788	1121
			789	1120
			789	1119
			789	1118
			790	1117
			790	1116
			790	1115
			790	1114
			791	1113
			791	1112
			791	1111
			791	1110
			792	1109
			792	1108
			792	1107
			793	1106
			793	1105
			793	1104
			793	1103
			794	1102
			794	1101
			794	1100
			794	1099
			795	1098
			795	1097
			796	1096
			796	1095
			796	1094
			796	1093
			797	1092
			797	1091
			797	1090
			797	1089
			798	1088
			798	1087
			798	1086
			799	1085
			799	1084
			799	1083
			799	1082
			800	1081
			800	1080
			800	1079
			801	1078
			801	1077
			801	1076
			801	1075
			802	1074
			802	1073
			802	1072
			802	1071
			803	1071
			803	1070
			803	1069
			803	1068
			804	1067
			804	1066
			804	1065
			804	1064
			805	1063
			805	1062
			805	1061
			805	1060
			806	1060
			806	1059
			806	1058
			806	1057
			807	1056
			807	1055
			807	1054
			807	1053
			808	1052
			808	1051
			808	1050
			809	1049
			809	1048
			809	1047
			810	1046
			810	1045
			810	1044
			810	1043
			811	1042
			811	1041
			811	1040
			811	1039
			812	1038
			812	1037
			812	1036
			813	1035
			813	1034
			813	1033
			813	1032
			813	1031
			814	1031
			814	1030
			814	1029
			814	1028
			815	1027
			815	1026
			815	1025
			815	1024
			816	1024
			816	1023
			816	1022
			816	1021
			817	1020
			817	1019
			817	1018
			817	1017
			818	1016
			818	1015
			818	1014
			819	1013
			819	1012
			819	1011
			819	1010
			819	1009
			820	1008
			820	1007
			820	1006
			820	1005
			821	1005
			821	1004
			821	1003
			821	1002
			822	1001
			822	1000
			822	999
			822	998
			823	997
			823	996
			823	995
			823	994
			824	994
			824	993
			824	992
			824	991
			825	990
			825	989
			825	988
			825	987
			825	986
			826	985
			826	984
			826	983
			827	982
			827	981
			827	980
			827	979
			828	978
			828	977
			828	976
			828	975
			829	974
			829	973
			829	972
			829	971
			830	970
			830	969
			830	968
			831	967
			831	966
			831	965
			831	964
			832	963
			832	962
			832	961
			832	960
			833	959
			833	958
			833	957
			833	956
			833	955
			834	954
			834	953
			834	952
			835	951
			835	950
			835	949
			835	948
			836	947
			836	946
			836	945
			836	944
			837	943
			837	942
			837	941
			838	940
			838	939
			838	938
			839	937
			839	936
			839	935
			840	934
			840	933
			840	932
			841	931
			841	930
			841	929
			841	928
			842	928
			842	927
			842	926
			843	925
			843	924
			843	923
			844	922
			844	921
			844	920
			845	920
			845	919
			845	918
			846	917
			846	916
			846	915
			847	914
			847	913
			848	912
			848	911
			848	910
			849	909
			849	908
			849	907
			850	906
			850	905
			851	904
			851	903
			851	902
			852	901
			852	900
			852	899
			853	898
			853	897
			853	896
			854	895
			854	894
			855	893
			855	892
			855	891
			856	890
			856	889
			857	888
			857	887
			857	886
			858	885
			858	884
			859	883
			859	882
			859	881
			860	880
			860	879
			861	878
			861	877
			861	876
			862	875
			862	874
			862	873
			863	872
			863	871
			864	870
			864	869
			865	868
			865	867
			865	866
			866	865
			866	864
			867	863
			867	862
			867	861
			868	860
			868	859
			869	858
			869	857
			870	856
			870	855
			871	854
			871	853
			871	852
			872	851
			872	850
			873	849
			873	848
			873	847
			874	846
			874	845
			875	844
			875	843
			876	842
			876	841
			877	840
			877	839
			878	838
			878	837
			878	836
			879	835
			879	834
			880	834
			880	833
			880	832
			881	831
			881	830
			882	829
			882	828
			883	827
			883	826
			884	825
			884	824
			885	823
			886	822
			886	821
			887	820
			887	819
			888	818
			888	817
			889	816
			889	815
			890	815
			890	814
			891	813
			891	812
			892	812
			892	811
			892	810
			893	810
			893	809
			894	808
			895	807
			896	806
			896	805
			897	804
			898	804
			899	803
			899	802
			900	802
			901	801
			902	801
		</curveLM12>
	</curves.pixel>
	<curves.scaled type=list>
		<curveLM07 type=matrix rownames=FALSE colnames=FALSE nrow=373 ncol=2 as.numeric=TRUE >
			7.70940170940171	-6.84615384615385
			7.71794871794872	-6.85470085470086
			7.72649572649573	-6.85470085470086
			7.73504273504274	-6.86324786324786
			7.73504273504274	-6.87179487179487
			7.74358974358974	-6.88034188034188
			7.75213675213675	-6.88888888888889
			7.76068376068376	-6.8974358974359
			7.76923076923077	-6.90598290598291
			7.77777777777778	-6.91452991452991
			7.77777777777778	-6.92307692307692
			7.78632478632479	-6.93162393162393
			7.78632478632479	-6.94017094017094
			7.7948717948718	-6.94871794871795
			7.8034188034188	-6.94871794871795
			7.8034188034188	-6.95726495726496
			7.81196581196581	-6.96581196581197
			7.81196581196581	-6.97435897435898
			7.82051282051282	-6.98290598290598
			7.82051282051282	-6.99145299145299
			7.82905982905983	-7
			7.82905982905983	-7.00854700854701
			7.83760683760684	-7.01709401709402
			7.84615384615385	-7.02564102564103
			7.84615384615385	-7.03418803418803
			7.85470085470086	-7.04273504273504
			7.85470085470086	-7.05128205128205
			7.85470085470086	-7.05982905982906
			7.86324786324786	-7.06837606837607
			7.86324786324786	-7.07692307692308
			7.87179487179487	-7.08547008547009
			7.88034188034188	-7.09401709401709
			7.88034188034188	-7.1025641025641
			7.88034188034188	-7.11111111111111
			7.88888888888889	-7.11965811965812
			7.88888888888889	-7.12820512820513
			7.8974358974359	-7.13675213675214
			7.8974358974359	-7.14529914529915
			7.90598290598291	-7.15384615384615
			7.90598290598291	-7.16239316239316
			7.90598290598291	-7.17094017094017
			7.91452991452992	-7.17948717948718
			7.91452991452992	-7.18803418803419
			7.92307692307692	-7.1965811965812
			7.92307692307692	-7.20512820512821
			7.93162393162393	-7.21367521367521
			7.93162393162393	-7.22222222222222
			7.93162393162393	-7.23076923076923
			7.94017094017094	-7.23931623931624
			7.94017094017094	-7.24786324786325
			7.94017094017094	-7.25641025641026
			7.94871794871795	-7.26495726495727
			7.94871794871795	-7.27350427350427
			7.95726495726496	-7.28205128205128
			7.95726495726496	-7.29059829059829
			7.95726495726496	-7.2991452991453
			7.96581196581197	-7.30769230769231
			7.96581196581197	-7.31623931623932
			7.97435897435898	-7.32478632478633
			7.97435897435898	-7.33333333333333
			7.97435897435898	-7.34188034188034
			7.98290598290598	-7.35042735042735
			7.98290598290598	-7.35897435897436
			7.98290598290598	-7.36752136752137
			7.99145299145299	-7.37606837606838
			7.99145299145299	-7.38461538461539
			7.99145299145299	-7.39316239316239
			8	-7.4017094017094
			8	-7.41025641025641
			8	-7.41880341880342
			8.00854700854701	-7.42735042735043
			8.00854700854701	-7.43589743589744
			8.00854700854701	-7.44444444444445
			8.01709401709402	-7.45299145299145
			8.01709401709402	-7.46153846153846
			8.01709401709402	-7.47008547008547
			8.02564102564103	-7.47863247863248
			8.02564102564103	-7.48717948717949
			8.03418803418804	-7.4957264957265
			8.03418803418804	-7.50427350427351
			8.03418803418804	-7.51282051282051
			8.03418803418804	-7.52136752136752
			8.04273504273504	-7.52991452991453
			8.04273504273504	-7.53846153846154
			8.04273504273504	-7.54700854700855
			8.05128205128205	-7.55555555555556
			8.05128205128205	-7.56410256410256
			8.05128205128205	-7.57264957264957
			8.05982905982906	-7.58119658119658
			8.05982905982906	-7.58974358974359
			8.05982905982906	-7.5982905982906
			8.06837606837607	-7.60683760683761
			8.06837606837607	-7.61538461538462
			8.06837606837607	-7.62393162393162
			8.06837606837607	-7.63247863247863
			8.07692307692308	-7.64102564102564
			8.07692307692308	-7.64957264957265
			8.07692307692308	-7.65811965811966
			8.08547008547009	-7.66666666666667
			8.08547008547009	-7.67521367521368
			8.08547008547009	-7.68376068376068
			8.0940170940171	-7.69230769230769
			8.0940170940171	-7.7008547008547
			8.0940170940171	-7.70940170940171
			8.1025641025641	-7.71794871794872
			8.1025641025641	-7.72649572649573
			8.1025641025641	-7.73504273504274
			8.11111111111111	-7.74358974358974
			8.11111111111111	-7.75213675213675
			8.11111111111111	-7.76068376068376
			8.11111111111111	-7.76923076923077
			8.11965811965812	-7.77777777777778
			8.11965811965812	-7.78632478632479
			8.11965811965812	-7.7948717948718
			8.12820512820513	-7.8034188034188
			8.12820512820513	-7.81196581196581
			8.12820512820513	-7.82051282051282
			8.12820512820513	-7.82905982905983
			8.13675213675214	-7.83760683760684
			8.13675213675214	-7.84615384615385
			8.13675213675214	-7.85470085470086
			8.14529914529915	-7.86324786324786
			8.14529914529915	-7.87179487179487
			8.14529914529915	-7.88034188034188
			8.14529914529915	-7.88888888888889
			8.15384615384616	-7.8974358974359
			8.15384615384616	-7.90598290598291
			8.15384615384616	-7.91452991452992
			8.16239316239316	-7.92307692307692
			8.16239316239316	-7.93162393162393
			8.16239316239316	-7.94017094017094
			8.17094017094017	-7.94871794871795
			8.17094017094017	-7.95726495726496
			8.17094017094017	-7.96581196581197
			8.17094017094017	-7.97435897435898
			8.17948717948718	-7.98290598290598
			8.17948717948718	-7.99145299145299
			8.17948717948718	-8
			8.18803418803419	-8.00854700854701
			8.18803418803419	-8.01709401709402
			8.18803418803419	-8.02564102564103
			8.18803418803419	-8.03418803418804
			8.1965811965812	-8.04273504273504
			8.1965811965812	-8.05128205128205
			8.1965811965812	-8.05982905982906
			8.20512820512821	-8.06837606837607
			8.20512820512821	-8.07692307692308
			8.20512820512821	-8.08547008547009
			8.21367521367521	-8.0940170940171
			8.21367521367521	-8.1025641025641
			8.21367521367521	-8.11111111111111
			8.21367521367521	-8.11965811965812
			8.22222222222222	-8.12820512820513
			8.22222222222222	-8.13675213675214
			8.22222222222222	-8.14529914529915
			8.23076923076923	-8.15384615384616
			8.23076923076923	-8.16239316239316
			8.23076923076923	-8.17094017094017
			8.23076923076923	-8.17948717948718
			8.23931623931624	-8.18803418803419
			8.23931623931624	-8.1965811965812
			8.23931623931624	-8.20512820512821
			8.23931623931624	-8.21367521367521
			8.24786324786325	-8.21367521367521
			8.24786324786325	-8.22222222222222
			8.24786324786325	-8.23076923076923
			8.24786324786325	-8.23931623931624
			8.25641025641026	-8.24786324786325
			8.25641025641026	-8.25641025641026
			8.25641025641026	-8.26495726495727
			8.25641025641026	-8.27350427350427
			8.26495726495727	-8.28205128205128
			8.26495726495727	-8.29059829059829
			8.26495726495727	-8.2991452991453
			8.27350427350427	-8.30769230769231
			8.27350427350427	-8.31623931623932
			8.27350427350427	-8.32478632478633
			8.27350427350427	-8.33333333333333
			8.28205128205128	-8.33333333333333
			8.28205128205128	-8.34188034188034
			8.28205128205128	-8.35042735042735
			8.28205128205128	-8.35897435897436
			8.29059829059829	-8.36752136752137
			8.29059829059829	-8.37606837606838
			8.29059829059829	-8.38461538461539
			8.29059829059829	-8.39316239316239
			8.2991452991453	-8.4017094017094
			8.2991452991453	-8.41025641025641
			8.2991452991453	-8.41880341880342
			8.30769230769231	-8.42735042735043
			8.30769230769231	-8.43589743589744
			8.30769230769231	-8.44444444444444
			8.30769230769231	-8.45299145299145
			8.31623931623932	-8.45299145299145
			8.31623931623932	-8.46153846153846
			8.31623931623932	-8.47008547008547
			8.31623931623932	-8.47863247863248
			8.32478632478633	-8.48717948717949
			8.32478632478633	-8.4957264957265
			8.32478632478633	-8.5042735042735
			8.33333333333333	-8.51282051282051
			8.33333333333333	-8.52136752136752
			8.33333333333333	-8.52991452991453
			8.33333333333333	-8.53846153846154
			8.34188034188034	-8.54700854700855
			8.34188034188034	-8.55555555555556
			8.34188034188034	-8.56410256410257
			8.35042735042735	-8.57264957264957
			8.35042735042735	-8.58119658119658
			8.35042735042735	-8.58974358974359
			8.35042735042735	-8.5982905982906
			8.35897435897436	-8.60683760683761
			8.35897435897436	-8.61538461538462
			8.35897435897436	-8.62393162393163
			8.35897435897436	-8.63247863247863
			8.36752136752137	-8.64102564102564
			8.36752136752137	-8.64957264957265
			8.36752136752137	-8.65811965811966
			8.37606837606838	-8.66666666666667
			8.37606837606838	-8.67521367521368
			8.37606837606838	-8.68376068376068
			8.37606837606838	-8.69230769230769
			8.38461538461539	-8.7008547008547
			8.38461538461539	-8.70940170940171
			8.38461538461539	-8.71794871794872
			8.38461538461539	-8.72649572649573
			8.39316239316239	-8.73504273504274
			8.39316239316239	-8.74358974358974
			8.39316239316239	-8.75213675213675
			8.39316239316239	-8.76068376068376
			8.4017094017094	-8.76923076923077
			8.4017094017094	-8.77777777777778
			8.4017094017094	-8.78632478632479
			8.4017094017094	-8.7948717948718
			8.41025641025641	-8.8034188034188
			8.41025641025641	-8.81196581196581
			8.41025641025641	-8.82051282051282
			8.41025641025641	-8.82905982905983
			8.41880341880342	-8.82905982905983
			8.41880341880342	-8.83760683760684
			8.41880341880342	-8.84615384615385
			8.41880341880342	-8.85470085470086
			8.42735042735043	-8.86324786324786
			8.42735042735043	-8.87179487179487
			8.42735042735043	-8.88034188034188
			8.42735042735043	-8.88888888888889
			8.43589743589744	-8.88888888888889
			8.43589743589744	-8.8974358974359
			8.43589743589744	-8.90598290598291
			8.43589743589744	-8.91452991452991
			8.44444444444444	-8.92307692307692
			8.44444444444444	-8.93162393162393
			8.44444444444444	-8.94017094017094
			8.44444444444444	-8.94871794871795
			8.44444444444444	-8.95726495726496
			8.45299145299145	-8.96581196581197
			8.45299145299145	-8.97435897435897
			8.45299145299145	-8.98290598290598
			8.46153846153846	-8.99145299145299
			8.46153846153846	-9
			8.46153846153846	-9.00854700854701
			8.46153846153846	-9.01709401709402
			8.46153846153846	-9.02564102564103
			8.47008547008547	-9.02564102564103
			8.47008547008547	-9.03418803418804
			8.47008547008547	-9.04273504273504
			8.47008547008547	-9.05128205128205
			8.47863247863248	-9.05982905982906
			8.47863247863248	-9.06837606837607
			8.47863247863248	-9.07692307692308
			8.47863247863248	-9.08547008547009
			8.48717948717949	-9.0940170940171
			8.48717948717949	-9.1025641025641
			8.48717948717949	-9.11111111111111
			8.48717948717949	-9.11965811965812
			8.4957264957265	-9.12820512820513
			8.4957264957265	-9.13675213675214
			8.4957264957265	-9.14529914529915
			8.4957264957265	-9.15384615384616
			8.4957264957265	-9.16239316239316
			8.5042735042735	-9.16239316239316
			8.5042735042735	-9.17094017094017
			8.5042735042735	-9.17948717948718
			8.5042735042735	-9.18803418803419
			8.5042735042735	-9.1965811965812
			8.51282051282051	-9.20512820512821
			8.51282051282051	-9.21367521367521
			8.51282051282051	-9.22222222222222
			8.52136752136752	-9.23076923076923
			8.52136752136752	-9.23931623931624
			8.52136752136752	-9.24786324786325
			8.52136752136752	-9.25641025641026
			8.52136752136752	-9.26495726495727
			8.52991452991453	-9.27350427350427
			8.52991452991453	-9.28205128205128
			8.52991452991453	-9.29059829059829
			8.52991452991453	-9.2991452991453
			8.53846153846154	-9.30769230769231
			8.53846153846154	-9.31623931623932
			8.53846153846154	-9.32478632478633
			8.53846153846154	-9.33333333333333
			8.53846153846154	-9.34188034188034
			8.54700854700855	-9.34188034188034
			8.54700854700855	-9.35042735042735
			8.54700854700855	-9.35897435897436
			8.54700854700855	-9.36752136752137
			8.54700854700855	-9.37606837606838
			8.55555555555556	-9.38461538461539
			8.55555555555556	-9.39316239316239
			8.55555555555556	-9.4017094017094
			8.55555555555556	-9.41025641025641
			8.56410256410257	-9.41880341880342
			8.56410256410257	-9.42735042735043
			8.56410256410257	-9.43589743589744
			8.56410256410257	-9.44444444444444
			8.56410256410257	-9.45299145299145
			8.57264957264957	-9.46153846153846
			8.57264957264957	-9.47008547008547
			8.57264957264957	-9.47863247863248
			8.57264957264957	-9.48717948717949
			8.57264957264957	-9.4957264957265
			8.58119658119658	-9.50427350427351
			8.58119658119658	-9.51282051282051
			8.58119658119658	-9.52136752136752
			8.58119658119658	-9.52991452991453
			8.58119658119658	-9.53846153846154
			8.58974358974359	-9.54700854700855
			8.58974358974359	-9.55555555555556
			8.58974358974359	-9.56410256410257
			8.58974358974359	-9.57264957264957
			8.58974358974359	-9.58119658119658
			8.5982905982906	-9.58974358974359
			8.5982905982906	-9.5982905982906
			8.5982905982906	-9.60683760683761
			8.5982905982906	-9.61538461538462
			8.5982905982906	-9.62393162393163
			8.60683760683761	-9.63247863247863
			8.60683760683761	-9.64102564102564
			8.60683760683761	-9.64957264957265
			8.60683760683761	-9.65811965811966
			8.60683760683761	-9.66666666666667
			8.60683760683761	-9.67521367521368
			8.60683760683761	-9.68376068376068
			8.61538461538462	-9.69230769230769
			8.61538461538462	-9.7008547008547
			8.61538461538462	-9.70940170940171
			8.61538461538462	-9.71794871794872
			8.61538461538462	-9.72649572649573
			8.61538461538462	-9.73504273504274
			8.61538461538462	-9.74358974358974
			8.62393162393163	-9.75213675213675
			8.62393162393163	-9.76068376068376
			8.62393162393163	-9.76923076923077
			8.62393162393163	-9.77777777777778
			8.62393162393163	-9.78632478632479
			8.62393162393163	-9.7948717948718
			8.62393162393163	-9.8034188034188
			8.62393162393163	-9.81196581196581
			8.62393162393163	-9.82051282051282
			8.62393162393163	-9.82905982905983
			8.63247863247863	-9.83760683760684
			8.63247863247863	-9.84615384615385
			8.63247863247863	-9.85470085470086
			8.63247863247863	-9.86324786324786
			8.63247863247863	-9.87179487179487
			8.63247863247863	-9.88034188034188
			8.63247863247863	-9.88888888888889
			8.63247863247863	-9.8974358974359
			8.63247863247863	-9.90598290598291
			8.62393162393163	-9.91452991452991
			8.62393162393163	-9.92307692307692
			8.62393162393163	-9.93162393162393
			8.62393162393163	-9.94017094017094
		</curveLM07>
		<curveLM08 type=matrix rownames=FALSE colnames=FALSE nrow=78 ncol=2 as.numeric=TRUE >
			8.62393162393163	-9.94017094017094
			8.61538461538462	-9.94017094017094
			8.60683760683761	-9.94017094017094
			8.5982905982906	-9.94017094017094
			8.58974358974359	-9.94017094017094
			8.58119658119658	-9.94017094017094
			8.57264957264957	-9.93162393162393
			8.56410256410257	-9.93162393162393
			8.55555555555556	-9.93162393162393
			8.54700854700855	-9.92307692307692
			8.53846153846154	-9.91452991452991
			8.52991452991453	-9.91452991452991
			8.52136752136752	-9.90598290598291
			8.51282051282051	-9.90598290598291
			8.5042735042735	-9.8974358974359
			8.4957264957265	-9.8974358974359
			8.48717948717949	-9.88888888888889
			8.47863247863248	-9.88888888888889
			8.47008547008547	-9.88034188034188
			8.46153846153846	-9.87179487179487
			8.45299145299145	-9.87179487179487
			8.44444444444444	-9.86324786324786
			8.43589743589744	-9.86324786324786
			8.42735042735043	-9.85470085470086
			8.41880341880342	-9.84615384615385
			8.41025641025641	-9.84615384615385
			8.4017094017094	-9.83760683760684
			8.39316239316239	-9.82905982905983
			8.38461538461539	-9.82905982905983
			8.38461538461539	-9.82051282051282
			8.37606837606838	-9.82051282051282
			8.36752136752137	-9.81196581196581
			8.35897435897436	-9.81196581196581
			8.35897435897436	-9.8034188034188
			8.35042735042735	-9.8034188034188
			8.34188034188034	-9.7948717948718
			8.33333333333333	-9.7948717948718
			8.33333333333333	-9.78632478632479
			8.32478632478633	-9.78632478632479
			8.31623931623932	-9.77777777777778
			8.30769230769231	-9.77777777777778
			8.2991452991453	-9.76923076923077
			8.29059829059829	-9.76068376068376
			8.28205128205128	-9.75213675213675
			8.27350427350427	-9.75213675213675
			8.26495726495727	-9.74358974358974
			8.25641025641026	-9.73504273504274
			8.24786324786325	-9.72649572649573
			8.23931623931624	-9.72649572649573
			8.23076923076923	-9.71794871794872
			8.22222222222222	-9.70940170940171
			8.21367521367521	-9.70940170940171
			8.20512820512821	-9.7008547008547
			8.1965811965812	-9.69230769230769
			8.18803418803419	-9.68376068376068
			8.17948717948718	-9.67521367521368
			8.17094017094017	-9.66666666666667
			8.16239316239316	-9.65811965811966
			8.15384615384616	-9.64957264957265
			8.14529914529915	-9.64957264957265
			8.13675213675214	-9.64102564102564
			8.12820512820513	-9.63247863247863
			8.11965811965812	-9.62393162393163
			8.11111111111111	-9.61538461538462
			8.1025641025641	-9.61538461538462
			8.0940170940171	-9.60683760683761
			8.08547008547009	-9.60683760683761
			8.07692307692308	-9.5982905982906
			8.06837606837607	-9.5982905982906
			8.05982905982906	-9.5982905982906
			8.05128205128205	-9.5982905982906
			8.05128205128205	-9.58974358974359
			8.04273504273504	-9.58974358974359
			8.03418803418804	-9.58974358974359
			8.02564102564103	-9.58974358974359
			8.01709401709402	-9.58974358974359
			8.00854700854701	-9.58974358974359
			8	-9.58974358974359
		</curveLM08>
		<curveLM09 type=matrix rownames=FALSE colnames=FALSE nrow=84 ncol=2 as.numeric=TRUE >
			8	-9.58974358974359
			7.99145299145299	-9.5982905982906
			7.98290598290598	-9.5982905982906
			7.97435897435898	-9.60683760683761
			7.97435897435898	-9.61538461538462
			7.96581196581197	-9.62393162393163
			7.95726495726496	-9.63247863247863
			7.94871794871795	-9.64102564102564
			7.94871794871795	-9.64957264957265
			7.94017094017094	-9.65811965811966
			7.94017094017094	-9.66666666666667
			7.94017094017094	-9.67521367521368
			7.93162393162393	-9.68376068376068
			7.93162393162393	-9.69230769230769
			7.92307692307692	-9.7008547008547
			7.92307692307692	-9.70940170940171
			7.92307692307692	-9.71794871794872
			7.91452991452992	-9.72649572649573
			7.91452991452992	-9.73504273504274
			7.91452991452992	-9.74358974358974
			7.90598290598291	-9.75213675213675
			7.90598290598291	-9.76068376068376
			7.90598290598291	-9.76923076923077
			7.90598290598291	-9.77777777777778
			7.8974358974359	-9.78632478632479
			7.8974358974359	-9.7948717948718
			7.8974358974359	-9.8034188034188
			7.8974358974359	-9.81196581196581
			7.8974358974359	-9.82051282051282
			7.88888888888889	-9.82051282051282
			7.88888888888889	-9.82905982905983
			7.88888888888889	-9.83760683760684
			7.88888888888889	-9.84615384615385
			7.88888888888889	-9.85470085470086
			7.88888888888889	-9.86324786324786
			7.88034188034188	-9.87179487179487
			7.88034188034188	-9.88034188034188
			7.88034188034188	-9.88888888888889
			7.88034188034188	-9.8974358974359
			7.87179487179487	-9.90598290598291
			7.87179487179487	-9.91452991452991
			7.87179487179487	-9.92307692307692
			7.87179487179487	-9.93162393162393
			7.86324786324786	-9.94017094017094
			7.86324786324786	-9.94871794871795
			7.86324786324786	-9.95726495726496
			7.86324786324786	-9.96581196581197
			7.85470085470086	-9.96581196581197
			7.85470085470086	-9.97435897435898
			7.85470085470086	-9.98290598290598
			7.85470085470086	-9.99145299145299
			7.85470085470086	-10
			7.84615384615385	-10
			7.84615384615385	-10.008547008547
			7.84615384615385	-10.017094017094
			7.84615384615385	-10.025641025641
			7.83760683760684	-10.025641025641
			7.83760683760684	-10.034188034188
			7.83760683760684	-10.042735042735
			7.82905982905983	-10.042735042735
			7.82905982905983	-10.0512820512821
			7.82905982905983	-10.0598290598291
			7.82051282051282	-10.0683760683761
			7.82051282051282	-10.0769230769231
			7.81196581196581	-10.0854700854701
			7.81196581196581	-10.0940170940171
			7.81196581196581	-10.1025641025641
			7.8034188034188	-10.1111111111111
			7.8034188034188	-10.1196581196581
			7.7948717948718	-10.1282051282051
			7.78632478632479	-10.1367521367521
			7.78632478632479	-10.1452991452991
			7.77777777777778	-10.1538461538462
			7.76923076923077	-10.1623931623932
			7.76923076923077	-10.1709401709402
			7.76068376068376	-10.1709401709402
			7.75213675213675	-10.1794871794872
			7.74358974358974	-10.1794871794872
			7.74358974358974	-10.1880341880342
			7.73504273504274	-10.1880341880342
			7.72649572649573	-10.1965811965812
			7.71794871794872	-10.1965811965812
			7.70940170940171	-10.1965811965812
			7.7008547008547	-10.1965811965812
		</curveLM09>
		<curveLM10 type=matrix rownames=FALSE colnames=FALSE nrow=84 ncol=2 as.numeric=TRUE >
			7.7008547008547	-10.1965811965812
			7.69230769230769	-10.1965811965812
			7.68376068376068	-10.1965811965812
			7.67521367521368	-10.1880341880342
			7.66666666666667	-10.1880341880342
			7.65811965811966	-10.1794871794872
			7.64957264957265	-10.1794871794872
			7.64957264957265	-10.1709401709402
			7.64102564102564	-10.1709401709402
			7.63247863247863	-10.1623931623932
			7.62393162393162	-10.1538461538462
			7.61538461538462	-10.1452991452991
			7.61538461538462	-10.1367521367521
			7.60683760683761	-10.1282051282051
			7.5982905982906	-10.1196581196581
			7.58974358974359	-10.1111111111111
			7.58974358974359	-10.1025641025641
			7.58119658119658	-10.0940170940171
			7.57264957264957	-10.0854700854701
			7.57264957264957	-10.0769230769231
			7.56410256410256	-10.0683760683761
			7.56410256410256	-10.0598290598291
			7.55555555555556	-10.0512820512821
			7.55555555555556	-10.042735042735
			7.55555555555556	-10.034188034188
			7.54700854700855	-10.025641025641
			7.54700854700855	-10.017094017094
			7.53846153846154	-10.008547008547
			7.53846153846154	-10
			7.53846153846154	-9.99145299145299
			7.52991452991453	-9.98290598290598
			7.52991452991453	-9.97435897435898
			7.52136752136752	-9.96581196581197
			7.52136752136752	-9.95726495726496
			7.52136752136752	-9.94871794871795
			7.51282051282051	-9.94017094017094
			7.51282051282051	-9.93162393162393
			7.51282051282051	-9.92307692307692
			7.50427350427351	-9.91452991452991
			7.50427350427351	-9.90598290598291
			7.50427350427351	-9.8974358974359
			7.4957264957265	-9.88888888888889
			7.4957264957265	-9.88034188034188
			7.4957264957265	-9.87179487179487
			7.4957264957265	-9.86324786324786
			7.48717948717949	-9.85470085470086
			7.48717948717949	-9.84615384615385
			7.48717948717949	-9.83760683760684
			7.47863247863248	-9.82905982905983
			7.47863247863248	-9.82051282051282
			7.47863247863248	-9.81196581196581
			7.47863247863248	-9.8034188034188
			7.47008547008547	-9.7948717948718
			7.47008547008547	-9.78632478632479
			7.47008547008547	-9.77777777777778
			7.47008547008547	-9.76923076923077
			7.47008547008547	-9.76068376068376
			7.47008547008547	-9.75213675213675
			7.47008547008547	-9.74358974358974
			7.47008547008547	-9.73504273504274
			7.46153846153846	-9.72649572649573
			7.46153846153846	-9.71794871794872
			7.46153846153846	-9.70940170940171
			7.46153846153846	-9.7008547008547
			7.46153846153846	-9.69230769230769
			7.46153846153846	-9.68376068376068
			7.45299145299145	-9.67521367521368
			7.45299145299145	-9.66666666666667
			7.45299145299145	-9.65811965811966
			7.45299145299145	-9.64957264957265
			7.45299145299145	-9.64102564102564
			7.44444444444445	-9.63247863247863
			7.44444444444445	-9.62393162393163
			7.43589743589744	-9.61538461538462
			7.43589743589744	-9.60683760683761
			7.43589743589744	-9.5982905982906
			7.42735042735043	-9.58974358974359
			7.42735042735043	-9.58119658119658
			7.41880341880342	-9.57264957264957
			7.41025641025641	-9.56410256410257
			7.41025641025641	-9.55555555555556
			7.4017094017094	-9.55555555555556
			7.4017094017094	-9.54700854700855
			7.39316239316239	-9.53846153846154
		</curveLM10>
		<curveLM11 type=matrix rownames=FALSE colnames=FALSE nrow=89 ncol=2 as.numeric=TRUE >
			7.39316239316239	-9.53846153846154
			7.38461538461539	-9.53846153846154
			7.37606837606838	-9.53846153846154
			7.36752136752137	-9.53846153846154
			7.35897435897436	-9.53846153846154
			7.35042735042735	-9.53846153846154
			7.34188034188034	-9.53846153846154
			7.33333333333333	-9.53846153846154
			7.33333333333333	-9.54700854700855
			7.32478632478633	-9.54700854700855
			7.31623931623932	-9.54700854700855
			7.30769230769231	-9.54700854700855
			7.2991452991453	-9.55555555555556
			7.29059829059829	-9.55555555555556
			7.28205128205128	-9.55555555555556
			7.27350427350427	-9.56410256410257
			7.26495726495727	-9.56410256410257
			7.25641025641026	-9.56410256410257
			7.25641025641026	-9.57264957264957
			7.24786324786325	-9.57264957264957
			7.23931623931624	-9.58119658119658
			7.23076923076923	-9.58119658119658
			7.22222222222222	-9.58974358974359
			7.21367521367521	-9.58974358974359
			7.20512820512821	-9.5982905982906
			7.1965811965812	-9.5982905982906
			7.18803418803419	-9.60683760683761
			7.17948717948718	-9.61538461538462
			7.17094017094017	-9.61538461538462
			7.16239316239316	-9.62393162393163
			7.15384615384615	-9.63247863247863
			7.14529914529915	-9.64102564102564
			7.13675213675214	-9.64102564102564
			7.12820512820513	-9.64957264957265
			7.11965811965812	-9.65811965811966
			7.11111111111111	-9.66666666666667
			7.1025641025641	-9.66666666666667
			7.1025641025641	-9.67521367521368
			7.09401709401709	-9.67521367521368
			7.08547008547009	-9.68376068376068
			7.07692307692308	-9.69230769230769
			7.06837606837607	-9.7008547008547
			7.05982905982906	-9.7008547008547
			7.05982905982906	-9.70940170940171
			7.05128205128205	-9.70940170940171
			7.04273504273504	-9.71794871794872
			7.03418803418803	-9.72649572649573
			7.02564102564103	-9.73504273504274
			7.01709401709402	-9.74358974358974
			7.00854700854701	-9.74358974358974
			7	-9.75213675213675
			6.99145299145299	-9.75213675213675
			6.99145299145299	-9.76068376068376
			6.98290598290598	-9.76068376068376
			6.97435897435898	-9.76923076923077
			6.96581196581197	-9.76923076923077
			6.96581196581197	-9.77777777777778
			6.95726495726496	-9.77777777777778
			6.94871794871795	-9.78632478632479
			6.94017094017094	-9.7948717948718
			6.93162393162393	-9.8034188034188
			6.92307692307692	-9.8034188034188
			6.91452991452991	-9.81196581196581
			6.90598290598291	-9.81196581196581
			6.90598290598291	-9.82051282051282
			6.8974358974359	-9.82051282051282
			6.88888888888889	-9.82905982905983
			6.88034188034188	-9.82905982905983
			6.88034188034188	-9.83760683760684
			6.87179487179487	-9.83760683760684
			6.86324786324786	-9.83760683760684
			6.85470085470086	-9.84615384615385
			6.84615384615385	-9.85470085470086
			6.83760683760684	-9.85470085470086
			6.82905982905983	-9.86324786324786
			6.82051282051282	-9.86324786324786
			6.81196581196581	-9.87179487179487
			6.8034188034188	-9.87179487179487
			6.7948717948718	-9.88034188034188
			6.78632478632479	-9.88034188034188
			6.77777777777778	-9.88888888888889
			6.76923076923077	-9.88888888888889
			6.76068376068376	-9.8974358974359
			6.75213675213675	-9.8974358974359
			6.74358974358974	-9.8974358974359
			6.73504273504274	-9.8974358974359
			6.72649572649573	-9.90598290598291
			6.71794871794872	-9.90598290598291
			6.70940170940171	-9.90598290598291
		</curveLM11>
		<curveLM12 type=matrix rownames=FALSE colnames=FALSE nrow=375 ncol=2 as.numeric=TRUE >
			6.70940170940171	-9.90598290598291
			6.70940170940171	-9.8974358974359
			6.70940170940171	-9.88888888888889
			6.7008547008547	-9.88034188034188
			6.7008547008547	-9.87179487179487
			6.7008547008547	-9.86324786324786
			6.7008547008547	-9.85470085470086
			6.7008547008547	-9.84615384615385
			6.7008547008547	-9.83760683760684
			6.7008547008547	-9.82905982905983
			6.7008547008547	-9.82051282051282
			6.7008547008547	-9.81196581196581
			6.7008547008547	-9.8034188034188
			6.7008547008547	-9.7948717948718
			6.7008547008547	-9.78632478632479
			6.7008547008547	-9.77777777777778
			6.7008547008547	-9.76923076923077
			6.7008547008547	-9.76068376068376
			6.7008547008547	-9.75213675213675
			6.7008547008547	-9.74358974358974
			6.7008547008547	-9.73504273504274
			6.7008547008547	-9.72649572649573
			6.7008547008547	-9.71794871794872
			6.7008547008547	-9.70940170940171
			6.70940170940171	-9.7008547008547
			6.70940170940171	-9.69230769230769
			6.70940170940171	-9.68376068376068
			6.70940170940171	-9.67521367521368
			6.70940170940171	-9.66666666666667
			6.71794871794872	-9.66666666666667
			6.71794871794872	-9.65811965811966
			6.71794871794872	-9.64957264957265
			6.71794871794872	-9.64102564102564
			6.72649572649573	-9.63247863247863
			6.72649572649573	-9.62393162393163
			6.72649572649573	-9.61538461538462
			6.72649572649573	-9.60683760683761
			6.73504273504274	-9.5982905982906
			6.73504273504274	-9.58974358974359
			6.73504273504274	-9.58119658119658
			6.74358974358974	-9.57264957264957
			6.74358974358974	-9.56410256410257
			6.74358974358974	-9.55555555555556
			6.75213675213675	-9.54700854700855
			6.75213675213675	-9.53846153846154
			6.75213675213675	-9.52991452991453
			6.75213675213675	-9.52136752136752
			6.76068376068376	-9.51282051282051
			6.76068376068376	-9.50427350427351
			6.76068376068376	-9.4957264957265
			6.76068376068376	-9.48717948717949
			6.76923076923077	-9.47863247863248
			6.76923076923077	-9.47008547008547
			6.76923076923077	-9.46153846153846
			6.77777777777778	-9.45299145299145
			6.77777777777778	-9.44444444444444
			6.77777777777778	-9.43589743589744
			6.77777777777778	-9.42735042735043
			6.78632478632479	-9.41880341880342
			6.78632478632479	-9.41025641025641
			6.78632478632479	-9.4017094017094
			6.78632478632479	-9.39316239316239
			6.7948717948718	-9.38461538461539
			6.7948717948718	-9.37606837606838
			6.8034188034188	-9.36752136752137
			6.8034188034188	-9.35897435897436
			6.8034188034188	-9.35042735042735
			6.8034188034188	-9.34188034188034
			6.81196581196581	-9.33333333333333
			6.81196581196581	-9.32478632478633
			6.81196581196581	-9.31623931623932
			6.81196581196581	-9.30769230769231
			6.82051282051282	-9.2991452991453
			6.82051282051282	-9.29059829059829
			6.82051282051282	-9.28205128205128
			6.82905982905983	-9.27350427350427
			6.82905982905983	-9.26495726495727
			6.82905982905983	-9.25641025641026
			6.82905982905983	-9.24786324786325
			6.83760683760684	-9.23931623931624
			6.83760683760684	-9.23076923076923
			6.83760683760684	-9.22222222222222
			6.84615384615385	-9.21367521367521
			6.84615384615385	-9.20512820512821
			6.84615384615385	-9.1965811965812
			6.84615384615385	-9.18803418803419
			6.85470085470086	-9.17948717948718
			6.85470085470086	-9.17094017094017
			6.85470085470086	-9.16239316239316
			6.85470085470086	-9.15384615384616
			6.86324786324786	-9.15384615384616
			6.86324786324786	-9.14529914529915
			6.86324786324786	-9.13675213675214
			6.86324786324786	-9.12820512820513
			6.87179487179487	-9.11965811965812
			6.87179487179487	-9.11111111111111
			6.87179487179487	-9.1025641025641
			6.87179487179487	-9.0940170940171
			6.88034188034188	-9.08547008547009
			6.88034188034188	-9.07692307692308
			6.88034188034188	-9.06837606837607
			6.88034188034188	-9.05982905982906
			6.88888888888889	-9.05982905982906
			6.88888888888889	-9.05128205128205
			6.88888888888889	-9.04273504273504
			6.88888888888889	-9.03418803418804
			6.8974358974359	-9.02564102564103
			6.8974358974359	-9.01709401709402
			6.8974358974359	-9.00854700854701
			6.8974358974359	-9
			6.90598290598291	-8.99145299145299
			6.90598290598291	-8.98290598290598
			6.90598290598291	-8.97435897435897
			6.91452991452991	-8.96581196581197
			6.91452991452991	-8.95726495726496
			6.91452991452991	-8.94871794871795
			6.92307692307692	-8.94017094017094
			6.92307692307692	-8.93162393162393
			6.92307692307692	-8.92307692307692
			6.92307692307692	-8.91452991452991
			6.93162393162393	-8.90598290598291
			6.93162393162393	-8.8974358974359
			6.93162393162393	-8.88888888888889
			6.93162393162393	-8.88034188034188
			6.94017094017094	-8.87179487179487
			6.94017094017094	-8.86324786324786
			6.94017094017094	-8.85470085470086
			6.94871794871795	-8.84615384615385
			6.94871794871795	-8.83760683760684
			6.94871794871795	-8.82905982905983
			6.94871794871795	-8.82051282051282
			6.94871794871795	-8.81196581196581
			6.95726495726496	-8.81196581196581
			6.95726495726496	-8.8034188034188
			6.95726495726496	-8.7948717948718
			6.95726495726496	-8.78632478632479
			6.96581196581197	-8.77777777777778
			6.96581196581197	-8.76923076923077
			6.96581196581197	-8.76068376068376
			6.96581196581197	-8.75213675213675
			6.97435897435898	-8.75213675213675
			6.97435897435898	-8.74358974358974
			6.97435897435898	-8.73504273504274
			6.97435897435898	-8.72649572649573
			6.98290598290598	-8.71794871794872
			6.98290598290598	-8.70940170940171
			6.98290598290598	-8.7008547008547
			6.98290598290598	-8.69230769230769
			6.99145299145299	-8.68376068376068
			6.99145299145299	-8.67521367521368
			6.99145299145299	-8.66666666666667
			7	-8.65811965811966
			7	-8.64957264957265
			7	-8.64102564102564
			7	-8.63247863247863
			7	-8.62393162393163
			7.00854700854701	-8.61538461538462
			7.00854700854701	-8.60683760683761
			7.00854700854701	-8.5982905982906
			7.00854700854701	-8.58974358974359
			7.01709401709402	-8.58974358974359
			7.01709401709402	-8.58119658119658
			7.01709401709402	-8.57264957264957
			7.01709401709402	-8.56410256410257
			7.02564102564103	-8.55555555555556
			7.02564102564103	-8.54700854700855
			7.02564102564103	-8.53846153846154
			7.02564102564103	-8.52991452991453
			7.03418803418803	-8.52136752136752
			7.03418803418803	-8.51282051282051
			7.03418803418803	-8.5042735042735
			7.03418803418803	-8.4957264957265
			7.04273504273504	-8.4957264957265
			7.04273504273504	-8.48717948717949
			7.04273504273504	-8.47863247863248
			7.04273504273504	-8.47008547008547
			7.05128205128205	-8.46153846153846
			7.05128205128205	-8.45299145299145
			7.05128205128205	-8.44444444444444
			7.05128205128205	-8.43589743589744
			7.05128205128205	-8.42735042735043
			7.05982905982906	-8.41880341880342
			7.05982905982906	-8.41025641025641
			7.05982905982906	-8.4017094017094
			7.06837606837607	-8.39316239316239
			7.06837606837607	-8.38461538461539
			7.06837606837607	-8.37606837606838
			7.06837606837607	-8.36752136752137
			7.07692307692308	-8.35897435897436
			7.07692307692308	-8.35042735042735
			7.07692307692308	-8.34188034188034
			7.07692307692308	-8.33333333333333
			7.08547008547009	-8.32478632478633
			7.08547008547009	-8.31623931623932
			7.08547008547009	-8.30769230769231
			7.08547008547009	-8.2991452991453
			7.09401709401709	-8.29059829059829
			7.09401709401709	-8.28205128205128
			7.09401709401709	-8.27350427350427
			7.1025641025641	-8.26495726495727
			7.1025641025641	-8.25641025641026
			7.1025641025641	-8.24786324786325
			7.1025641025641	-8.23931623931624
			7.11111111111111	-8.23076923076923
			7.11111111111111	-8.22222222222222
			7.11111111111111	-8.21367521367521
			7.11111111111111	-8.20512820512821
			7.11965811965812	-8.1965811965812
			7.11965811965812	-8.18803418803419
			7.11965811965812	-8.17948717948718
			7.11965811965812	-8.17094017094017
			7.11965811965812	-8.16239316239316
			7.12820512820513	-8.15384615384616
			7.12820512820513	-8.14529914529915
			7.12820512820513	-8.13675213675214
			7.13675213675214	-8.12820512820513
			7.13675213675214	-8.11965811965812
			7.13675213675214	-8.11111111111111
			7.13675213675214	-8.1025641025641
			7.14529914529915	-8.0940170940171
			7.14529914529915	-8.08547008547009
			7.14529914529915	-8.07692307692308
			7.14529914529915	-8.06837606837607
			7.15384615384615	-8.05982905982906
			7.15384615384615	-8.05128205128205
			7.15384615384615	-8.04273504273504
			7.16239316239316	-8.03418803418804
			7.16239316239316	-8.02564102564103
			7.16239316239316	-8.01709401709402
			7.17094017094017	-8.00854700854701
			7.17094017094017	-8
			7.17094017094017	-7.99145299145299
			7.17948717948718	-7.98290598290598
			7.17948717948718	-7.97435897435898
			7.17948717948718	-7.96581196581197
			7.18803418803419	-7.95726495726496
			7.18803418803419	-7.94871794871795
			7.18803418803419	-7.94017094017094
			7.18803418803419	-7.93162393162393
			7.1965811965812	-7.93162393162393
			7.1965811965812	-7.92307692307692
			7.1965811965812	-7.91452991452992
			7.20512820512821	-7.90598290598291
			7.20512820512821	-7.8974358974359
			7.20512820512821	-7.88888888888889
			7.21367521367521	-7.88034188034188
			7.21367521367521	-7.87179487179487
			7.21367521367521	-7.86324786324786
			7.22222222222222	-7.86324786324786
			7.22222222222222	-7.85470085470086
			7.22222222222222	-7.84615384615385
			7.23076923076923	-7.83760683760684
			7.23076923076923	-7.82905982905983
			7.23076923076923	-7.82051282051282
			7.23931623931624	-7.81196581196581
			7.23931623931624	-7.8034188034188
			7.24786324786325	-7.7948717948718
			7.24786324786325	-7.78632478632479
			7.24786324786325	-7.77777777777778
			7.25641025641026	-7.76923076923077
			7.25641025641026	-7.76068376068376
			7.25641025641026	-7.75213675213675
			7.26495726495727	-7.74358974358974
			7.26495726495727	-7.73504273504274
			7.27350427350427	-7.72649572649573
			7.27350427350427	-7.71794871794872
			7.27350427350427	-7.70940170940171
			7.28205128205128	-7.7008547008547
			7.28205128205128	-7.69230769230769
			7.28205128205128	-7.68376068376068
			7.29059829059829	-7.67521367521368
			7.29059829059829	-7.66666666666667
			7.29059829059829	-7.65811965811966
			7.2991452991453	-7.64957264957265
			7.2991452991453	-7.64102564102564
			7.30769230769231	-7.63247863247863
			7.30769230769231	-7.62393162393162
			7.30769230769231	-7.61538461538462
			7.31623931623932	-7.60683760683761
			7.31623931623932	-7.5982905982906
			7.32478632478633	-7.58974358974359
			7.32478632478633	-7.58119658119658
			7.32478632478633	-7.57264957264957
			7.33333333333333	-7.56410256410256
			7.33333333333333	-7.55555555555556
			7.34188034188034	-7.54700854700855
			7.34188034188034	-7.53846153846154
			7.34188034188034	-7.52991452991453
			7.35042735042735	-7.52136752136752
			7.35042735042735	-7.51282051282051
			7.35897435897436	-7.50427350427351
			7.35897435897436	-7.4957264957265
			7.35897435897436	-7.48717948717949
			7.36752136752137	-7.47863247863248
			7.36752136752137	-7.47008547008547
			7.36752136752137	-7.46153846153846
			7.37606837606838	-7.45299145299145
			7.37606837606838	-7.44444444444445
			7.38461538461539	-7.43589743589744
			7.38461538461539	-7.42735042735043
			7.39316239316239	-7.41880341880342
			7.39316239316239	-7.41025641025641
			7.39316239316239	-7.4017094017094
			7.4017094017094	-7.39316239316239
			7.4017094017094	-7.38461538461539
			7.41025641025641	-7.37606837606838
			7.41025641025641	-7.36752136752137
			7.41025641025641	-7.35897435897436
			7.41880341880342	-7.35042735042735
			7.41880341880342	-7.34188034188034
			7.42735042735043	-7.33333333333333
			7.42735042735043	-7.32478632478633
			7.43589743589744	-7.31623931623932
			7.43589743589744	-7.30769230769231
			7.44444444444445	-7.2991452991453
			7.44444444444445	-7.29059829059829
			7.44444444444445	-7.28205128205128
			7.45299145299145	-7.27350427350427
			7.45299145299145	-7.26495726495727
			7.46153846153846	-7.25641025641026
			7.46153846153846	-7.24786324786325
			7.46153846153846	-7.23931623931624
			7.47008547008547	-7.23076923076923
			7.47008547008547	-7.22222222222222
			7.47863247863248	-7.21367521367521
			7.47863247863248	-7.20512820512821
			7.48717948717949	-7.1965811965812
			7.48717948717949	-7.18803418803419
			7.4957264957265	-7.17948717948718
			7.4957264957265	-7.17094017094017
			7.50427350427351	-7.16239316239316
			7.50427350427351	-7.15384615384615
			7.50427350427351	-7.14529914529915
			7.51282051282051	-7.13675213675214
			7.51282051282051	-7.12820512820513
			7.52136752136752	-7.12820512820513
			7.52136752136752	-7.11965811965812
			7.52136752136752	-7.11111111111111
			7.52991452991453	-7.1025641025641
			7.52991452991453	-7.09401709401709
			7.53846153846154	-7.08547008547009
			7.53846153846154	-7.07692307692308
			7.54700854700855	-7.06837606837607
			7.54700854700855	-7.05982905982906
			7.55555555555556	-7.05128205128205
			7.55555555555556	-7.04273504273504
			7.56410256410256	-7.03418803418803
			7.57264957264957	-7.02564102564103
			7.57264957264957	-7.01709401709402
			7.58119658119658	-7.00854700854701
			7.58119658119658	-7
			7.58974358974359	-6.99145299145299
			7.58974358974359	-6.98290598290598
			7.5982905982906	-6.97435897435898
			7.5982905982906	-6.96581196581197
			7.60683760683761	-6.96581196581197
			7.60683760683761	-6.95726495726496
			7.61538461538462	-6.94871794871795
			7.61538461538462	-6.94017094017094
			7.62393162393162	-6.94017094017094
			7.62393162393162	-6.93162393162393
			7.62393162393162	-6.92307692307692
			7.63247863247863	-6.92307692307692
			7.63247863247863	-6.91452991452991
			7.64102564102564	-6.90598290598291
			7.64957264957265	-6.8974358974359
			7.65811965811966	-6.88888888888889
			7.65811965811966	-6.88034188034188
			7.66666666666667	-6.87179487179487
			7.67521367521368	-6.87179487179487
			7.68376068376068	-6.86324786324786
			7.68376068376068	-6.85470085470086
			7.69230769230769	-6.85470085470086
			7.7008547008547	-6.84615384615385
			7.70940170940171	-6.84615384615385
		</curveLM12>
	</curves.scaled>
	<ruler.points type=matrix rownames=TRUE colnames=FALSE nrow=5 ncol=2 as.numeric=TRUE >
		Ruler point 1	434	1409
		Ruler point 2	551	1409
		Ruler point 3	668	1409
		Ruler point 4	785	1409
		Ruler point 5	902	1409
	</ruler.points>
</shapes>

