<shapes type=list>
	<ruler.pixel type=vector names=FALSE length=1 as.numeric=TRUE >117.000267040184</ruler.pixel>
	<ruler.interval type=vector names=FALSE length=1 as.numeric=TRUE >1</ruler.interval>
	<scaling.units type=vector names=FALSE length=1 as.numeric=FALSE >cm</scaling.units>
	<scaling type=vector names=FALSE length=1 as.numeric=TRUE >0.00854698903940575</scaling>
	<landmarks.pixel type=matrix rownames=TRUE colnames=FALSE nrow=6 ncol=2 as.numeric=TRUE >
		LM01	902	806
		LM02	1001	1163
		LM03	934	1128
		LM04	900	1195
		LM05	867	1123
		LM06	792	1171
	</landmarks.pixel>
	<landmarks.scaled type=matrix rownames=TRUE colnames=FALSE nrow=6 ncol=2 as.numeric=TRUE >
		LM01	7.70938411354399	-6.88887316576104
		LM02	8.55553602844516	-9.94014825282889
		LM03	7.98288776280497	-9.64100363644969
		LM04	7.69229013546518	-10.2136519020899
		LM05	7.41023949716479	-9.59826869125266
		LM06	6.76921531920936	-10.0085241651441
	</landmarks.scaled>
	<curves.control type=list>
		<curveLM07 type=matrix rownames=FALSE colnames=FALSE nrow=7 ncol=2 as.numeric=TRUE >
			902	806
			925	836
			949	907
			974	1016
			998	1089
			1011	1154
			1001	1163
		</curveLM07>
		<curveLM08 type=matrix rownames=FALSE colnames=FALSE nrow=5 ncol=2 as.numeric=TRUE >
			1001	1163
			990	1167
			978	1152
			944	1122
			934	1128
		</curveLM08>
		<curveLM09 type=matrix rownames=FALSE colnames=FALSE nrow=5 ncol=2 as.numeric=TRUE >
			934	1128
			922	1133
			924	1150
			920	1191
			900	1195
		</curveLM09>
		<curveLM10 type=matrix rownames=FALSE colnames=FALSE nrow=5 ncol=2 as.numeric=TRUE >
			900	1195
			884	1191
			876	1156
			875	1130
			867	1123
		</curveLM10>
		<curveLM11 type=matrix rownames=FALSE colnames=FALSE nrow=5 ncol=2 as.numeric=TRUE >
			867	1123
			860	1121
			842	1137
			804	1170
			792	1171
		</curveLM11>
		<curveLM12 type=matrix rownames=FALSE colnames=FALSE nrow=5 ncol=2 as.numeric=TRUE >
			792	1171
			781	1149
			808	1067
			851	868
			902	806
		</curveLM12>
	</curves.control>
	<curves.pixel type=list>
		<curveLM07 type=matrix rownames=FALSE colnames=FALSE nrow=370 ncol=2 as.numeric=TRUE >
			902	806
			903	807
			903	808
			904	809
			905	810
			906	811
			906	812
			907	813
			908	814
			909	815
			909	816
			910	817
			910	818
			911	819
			912	820
			912	821
			913	822
			913	823
			914	824
			914	825
			915	826
			915	827
			916	828
			917	829
			917	830
			918	831
			918	832
			919	833
			919	834
			920	835
			920	836
			921	837
			921	838
			922	839
			922	840
			923	841
			923	842
			924	843
			924	844
			925	845
			925	846
			926	847
			926	848
			926	849
			927	849
			927	850
			928	851
			928	852
			928	853
			929	854
			929	855
			929	856
			930	857
			931	858
			931	859
			931	860
			932	861
			932	862
			933	863
			933	864
			933	865
			934	866
			934	867
			934	868
			935	868
			935	869
			936	870
			936	871
			936	872
			937	873
			937	874
			938	875
			938	876
			938	877
			939	878
			939	879
			939	880
			940	880
			940	881
			940	882
			940	883
			941	884
			941	885
			942	886
			942	887
			942	888
			943	889
			943	890
			943	891
			944	892
			944	893
			945	894
			945	895
			945	896
			946	897
			946	898
			946	899
			947	900
			947	901
			947	902
			948	903
			948	904
			948	905
			949	906
			949	907
			949	908
			949	909
			950	910
			950	911
			950	912
			950	913
			951	914
			951	915
			951	916
			951	917
			951	918
			952	918
			952	919
			952	920
			952	921
			953	922
			953	923
			953	924
			953	925
			953	926
			954	927
			954	928
			954	929
			954	930
			955	931
			955	932
			955	933
			955	934
			956	935
			956	936
			956	937
			956	938
			957	939
			957	940
			957	941
			957	942
			957	943
			958	943
			958	944
			958	945
			958	946
			958	947
			959	947
			959	948
			959	949
			959	950
			959	951
			960	952
			960	953
			960	954
			960	955
			961	956
			961	957
			961	958
			961	959
			962	960
			962	961
			962	962
			962	963
			963	964
			963	965
			963	966
			963	967
			964	968
			964	969
			964	970
			964	971
			965	972
			965	973
			965	974
			965	975
			966	976
			966	977
			966	978
			966	979
			967	980
			967	981
			967	982
			967	983
			968	984
			968	985
			968	986
			969	987
			969	988
			969	989
			969	990
			970	991
			970	992
			970	993
			970	994
			971	995
			971	996
			971	997
			971	998
			972	999
			972	1000
			972	1001
			972	1002
			973	1002
			973	1003
			973	1004
			973	1005
			974	1006
			974	1007
			974	1008
			974	1009
			975	1010
			975	1011
			975	1012
			975	1013
			976	1014
			976	1015
			976	1016
			976	1017
			977	1018
			977	1019
			977	1020
			978	1021
			978	1022
			978	1023
			978	1024
			979	1025
			979	1026
			979	1027
			979	1028
			980	1028
			980	1029
			980	1030
			980	1031
			981	1032
			981	1033
			981	1034
			981	1035
			982	1036
			982	1037
			982	1038
			983	1038
			983	1039
			983	1040
			983	1041
			984	1042
			984	1043
			984	1044
			984	1045
			985	1046
			985	1047
			985	1048
			986	1049
			986	1050
			986	1051
			987	1052
			987	1053
			987	1054
			987	1055
			988	1056
			988	1057
			988	1058
			989	1059
			989	1060
			989	1061
			989	1062
			990	1063
			990	1064
			990	1065
			991	1065
			991	1066
			991	1067
			991	1068
			992	1069
			992	1070
			992	1071
			992	1072
			993	1072
			993	1073
			993	1074
			993	1075
			994	1076
			994	1077
			995	1078
			995	1079
			995	1080
			995	1081
			996	1082
			996	1083
			996	1084
			997	1085
			997	1086
			997	1087
			998	1088
			998	1089
			998	1090
			998	1091
			999	1092
			999	1093
			999	1094
			999	1095
			999	1096
			1000	1097
			1000	1098
			1000	1099
			1000	1100
			1000	1101
			1000	1102
			1001	1103
			1001	1104
			1001	1105
			1001	1106
			1001	1107
			1001	1108
			1002	1108
			1002	1109
			1002	1110
			1002	1111
			1002	1112
			1002	1113
			1002	1114
			1003	1115
			1003	1116
			1003	1117
			1003	1118
			1003	1119
			1003	1120
			1003	1121
			1004	1122
			1004	1123
			1004	1124
			1004	1125
			1004	1126
			1004	1127
			1004	1128
			1004	1129
			1005	1130
			1005	1131
			1005	1132
			1005	1133
			1005	1134
			1005	1135
			1005	1136
			1005	1137
			1005	1138
			1005	1139
			1005	1140
			1005	1141
			1005	1142
			1005	1143
			1005	1144
			1005	1145
			1005	1146
			1005	1147
			1005	1148
			1005	1149
			1005	1150
			1005	1151
			1005	1152
			1005	1153
			1005	1154
			1005	1155
			1004	1156
			1004	1157
			1004	1158
			1003	1159
			1003	1160
			1003	1161
			1002	1162
			1001	1163
		</curveLM07>
		<curveLM08 type=matrix rownames=FALSE colnames=FALSE nrow=77 ncol=2 as.numeric=TRUE >
			1001	1163
			1000	1163
			999	1163
			998	1164
			997	1164
			996	1164
			995	1164
			994	1164
			993	1163
			992	1163
			991	1163
			990	1163
			990	1162
			989	1162
			988	1162
			988	1161
			987	1161
			986	1160
			985	1159
			984	1158
			983	1158
			982	1157
			981	1156
			981	1155
			980	1154
			979	1153
			978	1152
			977	1151
			976	1150
			975	1150
			974	1149
			974	1148
			973	1147
			972	1147
			971	1146
			970	1145
			969	1145
			969	1144
			968	1143
			967	1143
			966	1142
			965	1142
			965	1141
			964	1140
			963	1140
			962	1139
			961	1138
			960	1137
			959	1137
			958	1136
			957	1135
			956	1135
			956	1134
			955	1134
			954	1133
			953	1133
			953	1132
			952	1132
			951	1132
			950	1131
			949	1130
			948	1130
			947	1129
			946	1129
			945	1129
			944	1128
			943	1128
			942	1128
			941	1127
			940	1127
			939	1127
			938	1127
			937	1127
			936	1127
			935	1127
			935	1128
			934	1128
		</curveLM08>
		<curveLM09 type=matrix rownames=FALSE colnames=FALSE nrow=78 ncol=2 as.numeric=TRUE >
			934	1128
			933	1128
			933	1129
			932	1129
			931	1129
			930	1130
			929	1131
			928	1132
			927	1133
			927	1134
			926	1135
			926	1136
			925	1136
			925	1137
			925	1138
			924	1139
			924	1140
			924	1141
			924	1142
			924	1143
			924	1144
			924	1145
			924	1146
			924	1147
			924	1148
			924	1149
			924	1150
			924	1151
			924	1152
			924	1153
			924	1154
			923	1155
			923	1156
			923	1157
			923	1158
			923	1159
			923	1160
			923	1161
			922	1162
			922	1163
			922	1164
			922	1165
			921	1166
			921	1167
			921	1168
			921	1169
			920	1170
			920	1171
			920	1172
			920	1173
			919	1174
			919	1175
			919	1176
			918	1176
			918	1177
			918	1178
			917	1179
			917	1180
			916	1181
			916	1182
			915	1183
			915	1184
			914	1185
			913	1186
			912	1187
			912	1188
			911	1189
			910	1190
			909	1191
			908	1192
			907	1192
			906	1193
			905	1193
			904	1194
			903	1194
			902	1194
			901	1195
			900	1195
		</curveLM09>
		<curveLM10 type=matrix rownames=FALSE colnames=FALSE nrow=81 ncol=2 as.numeric=TRUE >
			900	1195
			899	1195
			898	1195
			898	1194
			897	1194
			896	1194
			896	1193
			895	1193
			894	1192
			893	1192
			893	1191
			892	1191
			891	1190
			891	1189
			890	1189
			889	1188
			889	1187
			888	1186
			887	1185
			886	1184
			886	1183
			885	1182
			885	1181
			884	1180
			884	1179
			883	1178
			883	1177
			882	1176
			882	1175
			881	1174
			881	1173
			881	1172
			880	1171
			880	1170
			880	1169
			879	1168
			879	1167
			879	1166
			878	1165
			878	1164
			878	1163
			877	1162
			877	1161
			877	1160
			877	1159
			876	1158
			876	1157
			876	1156
			876	1155
			876	1154
			876	1153
			876	1152
			876	1151
			876	1150
			876	1149
			875	1148
			875	1147
			875	1146
			875	1145
			875	1144
			875	1143
			875	1142
			875	1141
			874	1140
			874	1139
			874	1138
			874	1137
			874	1136
			873	1135
			873	1134
			873	1133
			872	1132
			872	1131
			872	1130
			871	1129
			871	1128
			870	1127
			869	1126
			869	1125
			868	1124
			867	1123
		</curveLM10>
		<curveLM11 type=matrix rownames=FALSE colnames=FALSE nrow=81 ncol=2 as.numeric=TRUE >
			867	1123
			866	1123
			865	1123
			864	1123
			863	1123
			862	1123
			861	1124
			860	1124
			859	1125
			858	1125
			857	1125
			857	1126
			856	1126
			855	1127
			854	1127
			853	1128
			852	1129
			851	1129
			850	1130
			849	1131
			848	1132
			847	1132
			846	1133
			845	1134
			844	1135
			843	1136
			842	1137
			841	1138
			840	1139
			839	1139
			838	1140
			837	1141
			837	1142
			836	1142
			835	1143
			834	1144
			833	1144
			833	1145
			832	1146
			831	1146
			830	1147
			829	1148
			828	1149
			827	1150
			826	1150
			825	1151
			824	1152
			823	1153
			822	1154
			821	1155
			820	1155
			819	1156
			818	1157
			817	1157
			816	1158
			815	1159
			814	1159
			813	1160
			812	1161
			811	1162
			810	1163
			809	1163
			808	1164
			807	1164
			806	1165
			805	1165
			804	1166
			803	1166
			803	1167
			802	1167
			801	1168
			800	1168
			800	1169
			799	1169
			798	1169
			797	1170
			796	1170
			795	1170
			794	1171
			793	1171
			792	1171
		</curveLM11>
		<curveLM12 type=matrix rownames=FALSE colnames=FALSE nrow=378 ncol=2 as.numeric=TRUE >
			792	1171
			792	1170
			791	1169
			791	1168
			790	1167
			790	1166
			790	1165
			790	1164
			790	1163
			789	1162
			789	1161
			789	1160
			789	1159
			789	1158
			789	1157
			789	1156
			789	1155
			789	1154
			789	1153
			789	1152
			789	1151
			789	1150
			789	1149
			789	1148
			789	1147
			789	1146
			789	1145
			789	1144
			789	1143
			790	1142
			790	1141
			790	1140
			790	1139
			790	1138
			790	1137
			790	1136
			790	1135
			790	1134
			791	1133
			791	1132
			791	1131
			791	1130
			791	1129
			791	1128
			792	1127
			792	1126
			792	1125
			792	1124
			792	1123
			793	1122
			793	1121
			793	1120
			793	1119
			794	1118
			794	1117
			794	1116
			794	1115
			794	1114
			795	1113
			795	1112
			795	1111
			796	1110
			796	1109
			796	1108
			796	1107
			796	1106
			797	1106
			797	1105
			797	1104
			797	1103
			798	1102
			798	1101
			798	1100
			798	1099
			799	1098
			799	1097
			799	1096
			799	1095
			800	1094
			800	1093
			800	1092
			801	1091
			801	1090
			801	1089
			801	1088
			802	1087
			802	1086
			802	1085
			803	1084
			803	1083
			803	1082
			804	1081
			804	1080
			804	1079
			805	1078
			805	1077
			805	1076
			805	1075
			806	1075
			806	1074
			806	1073
			806	1072
			807	1071
			807	1070
			807	1069
			808	1068
			808	1067
			808	1066
			808	1065
			809	1064
			809	1063
			809	1062
			809	1061
			810	1060
			810	1059
			810	1058
			810	1057
			810	1056
			811	1055
			811	1054
			811	1053
			811	1052
			812	1051
			812	1050
			812	1049
			812	1048
			813	1047
			813	1046
			813	1045
			813	1044
			813	1043
			814	1042
			814	1041
			814	1040
			814	1039
			815	1038
			815	1037
			815	1036
			815	1035
			815	1034
			816	1033
			816	1032
			816	1031
			816	1030
			817	1029
			817	1028
			817	1027
			817	1026
			817	1025
			818	1024
			818	1023
			818	1022
			818	1021
			819	1021
			819	1020
			819	1019
			819	1018
			820	1017
			820	1016
			820	1015
			820	1014
			820	1013
			821	1012
			821	1011
			821	1010
			821	1009
			822	1008
			822	1007
			822	1006
			823	1005
			823	1004
			823	1003
			823	1002
			824	1001
			824	1000
			824	999
			824	998
			825	997
			825	996
			825	995
			825	994
			825	993
			826	992
			826	991
			826	990
			826	989
			827	988
			827	987
			827	986
			828	985
			828	984
			828	983
			828	982
			829	981
			829	980
			829	979
			829	978
			830	978
			830	977
			830	976
			830	975
			831	974
			831	973
			831	972
			831	971
			832	970
			832	969
			832	968
			832	967
			833	967
			833	966
			833	965
			833	964
			834	963
			834	962
			834	961
			834	960
			835	959
			835	958
			835	957
			836	956
			836	955
			836	954
			837	953
			837	952
			837	951
			837	950
			838	949
			838	948
			838	947
			839	946
			839	945
			839	944
			840	943
			840	942
			840	941
			840	940
			841	939
			841	938
			841	937
			842	937
			842	936
			842	935
			842	934
			843	933
			843	932
			843	931
			844	930
			844	929
			844	928
			845	927
			845	926
			845	925
			846	924
			846	923
			846	922
			847	921
			847	920
			847	919
			848	918
			848	917
			848	916
			848	915
			849	914
			849	913
			849	912
			850	911
			850	910
			851	909
			851	908
			851	907
			852	906
			852	905
			853	904
			853	903
			853	902
			853	901
			854	900
			854	899
			855	898
			855	897
			855	896
			856	895
			856	894
			856	893
			857	893
			857	892
			857	891
			858	890
			858	889
			858	888
			859	887
			859	886
			859	885
			860	885
			860	884
			860	883
			861	882
			861	881
			861	880
			862	879
			862	878
			863	877
			863	876
			864	875
			864	874
			864	873
			865	872
			865	871
			866	870
			866	869
			866	868
			867	867
			867	866
			868	865
			868	864
			869	863
			869	862
			869	861
			870	860
			871	859
			871	858
			872	857
			872	856
			872	855
			873	855
			873	854
			873	853
			874	852
			874	851
			875	850
			875	849
			876	848
			876	847
			877	846
			878	845
			878	844
			878	843
			879	842
			879	841
			880	840
			881	839
			881	838
			882	837
			882	836
			883	835
			883	834
			884	833
			884	832
			885	831
			885	830
			886	829
			886	828
			887	828
			887	827
			888	826
			889	825
			889	824
			890	823
			890	822
			891	822
			891	821
			892	820
			892	819
			893	818
			894	817
			895	816
			895	815
			896	814
			897	813
			897	812
			898	811
			898	810
			899	810
			900	809
			900	808
			901	807
			902	806
		</curveLM12>
	</curves.pixel>
	<curves.scaled type=list>
		<curveLM07 type=matrix rownames=FALSE colnames=FALSE nrow=370 ncol=2 as.numeric=TRUE >
			7.70938411354399	-6.88887316576104
			7.7179311025834	-6.89742015480044
			7.7179311025834	-6.90596714383985
			7.7264780916228	-6.91451413287926
			7.73502508066221	-6.92306112191866
			7.74357206970161	-6.93160811095807
			7.74357206970161	-6.94015509999747
			7.75211905874102	-6.94870208903688
			7.76066604778042	-6.95724907807628
			7.76921303681983	-6.96579606711569
			7.76921303681983	-6.9743430561551
			7.77776002585924	-6.9828900451945
			7.77776002585924	-6.99143703423391
			7.78630701489864	-6.99998402327331
			7.79485400393805	-7.00853101231272
			7.79485400393805	-7.01707800135212
			7.80340099297745	-7.02562499039153
			7.80340099297745	-7.03417197943094
			7.81194798201686	-7.04271896847034
			7.81194798201686	-7.05126595750975
			7.82049497105626	-7.05981294654915
			7.82049497105626	-7.06835993558856
			7.82904196009567	-7.07690692462796
			7.83758894913508	-7.08545391366737
			7.83758894913508	-7.09400090270678
			7.84613593817448	-7.10254789174618
			7.84613593817448	-7.11109488078559
			7.85468292721389	-7.11964186982499
			7.85468292721389	-7.1281888588644
			7.86322991625329	-7.1367358479038
			7.86322991625329	-7.14528283694321
			7.8717769052927	-7.15382982598262
			7.8717769052927	-7.16237681502202
			7.88032389433211	-7.17092380406143
			7.88032389433211	-7.17947079310083
			7.88887088337151	-7.18801778214024
			7.88887088337151	-7.19656477117964
			7.89741787241092	-7.20511176021905
			7.89741787241092	-7.21365874925846
			7.90596486145032	-7.22220573829786
			7.90596486145032	-7.23075272733727
			7.91451185048973	-7.23929971637667
			7.91451185048973	-7.24784670541608
			7.91451185048973	-7.25639369445549
			7.92305883952913	-7.25639369445549
			7.92305883952913	-7.26494068349489
			7.93160582856854	-7.2734876725343
			7.93160582856854	-7.2820346615737
			7.93160582856854	-7.29058165061311
			7.94015281760795	-7.29912863965251
			7.94015281760795	-7.30767562869192
			7.94015281760795	-7.31622261773133
			7.94869980664735	-7.32476960677073
			7.95724679568676	-7.33331659581014
			7.95724679568676	-7.34186358484954
			7.95724679568676	-7.35041057388895
			7.96579378472616	-7.35895756292835
			7.96579378472616	-7.36750455196776
			7.97434077376557	-7.37605154100717
			7.97434077376557	-7.38459853004657
			7.97434077376557	-7.39314551908598
			7.98288776280497	-7.40169250812538
			7.98288776280497	-7.41023949716479
			7.98288776280497	-7.4187864862042
			7.99143475184438	-7.4187864862042
			7.99143475184438	-7.4273334752436
			7.99998174088379	-7.43588046428301
			7.99998174088379	-7.44442745332241
			7.99998174088379	-7.45297444236182
			8.00852872992319	-7.46152143140122
			8.00852872992319	-7.47006842044063
			8.0170757189626	-7.47861540948004
			8.0170757189626	-7.48716239851944
			8.0170757189626	-7.49570938755885
			8.025622708002	-7.50425637659825
			8.025622708002	-7.51280336563766
			8.025622708002	-7.52135035467706
			8.03416969704141	-7.52135035467706
			8.03416969704141	-7.52989734371647
			8.03416969704141	-7.53844433275588
			8.03416969704141	-7.54699132179528
			8.04271668608082	-7.55553831083469
			8.04271668608082	-7.56408529987409
			8.05126367512022	-7.5726322889135
			8.05126367512022	-7.5811792779529
			8.05126367512022	-7.58972626699231
			8.05981066415963	-7.59827325603172
			8.05981066415963	-7.60682024507112
			8.05981066415963	-7.61536723411053
			8.06835765319903	-7.62391422314993
			8.06835765319903	-7.63246121218934
			8.07690464223844	-7.64100820122874
			8.07690464223844	-7.64955519026815
			8.07690464223844	-7.65810217930756
			8.08545163127784	-7.66664916834696
			8.08545163127784	-7.67519615738637
			8.08545163127784	-7.68374314642577
			8.09399862031725	-7.69229013546518
			8.09399862031725	-7.70083712450458
			8.09399862031725	-7.70938411354399
			8.10254560935666	-7.7179311025834
			8.10254560935666	-7.7264780916228
			8.10254560935666	-7.73502508066221
			8.11109259839606	-7.74357206970161
			8.11109259839606	-7.75211905874102
			8.11109259839606	-7.76066604778042
			8.11109259839606	-7.76921303681983
			8.11963958743547	-7.77776002585924
			8.11963958743547	-7.78630701489864
			8.11963958743547	-7.79485400393805
			8.11963958743547	-7.80340099297745
			8.12818657647487	-7.81194798201686
			8.12818657647487	-7.82049497105626
			8.12818657647487	-7.82904196009567
			8.12818657647487	-7.83758894913508
			8.12818657647487	-7.84613593817448
			8.13673356551428	-7.84613593817448
			8.13673356551428	-7.85468292721389
			8.13673356551428	-7.86322991625329
			8.13673356551428	-7.8717769052927
			8.14528055455368	-7.88032389433211
			8.14528055455368	-7.88887088337151
			8.14528055455368	-7.89741787241092
			8.14528055455368	-7.90596486145032
			8.14528055455368	-7.91451185048973
			8.15382754359309	-7.92305883952913
			8.15382754359309	-7.93160582856854
			8.15382754359309	-7.94015281760795
			8.15382754359309	-7.94869980664735
			8.1623745326325	-7.95724679568676
			8.1623745326325	-7.96579378472616
			8.1623745326325	-7.97434077376557
			8.1623745326325	-7.98288776280497
			8.1709215216719	-7.99143475184438
			8.1709215216719	-7.99998174088379
			8.1709215216719	-8.00852872992319
			8.1709215216719	-8.0170757189626
			8.17946851071131	-8.025622708002
			8.17946851071131	-8.03416969704141
			8.17946851071131	-8.04271668608082
			8.17946851071131	-8.05126367512022
			8.17946851071131	-8.05981066415963
			8.18801549975071	-8.05981066415963
			8.18801549975071	-8.06835765319903
			8.18801549975071	-8.07690464223844
			8.18801549975071	-8.08545163127784
			8.18801549975071	-8.09399862031725
			8.19656248879012	-8.09399862031725
			8.19656248879012	-8.10254560935666
			8.19656248879012	-8.11109259839606
			8.19656248879012	-8.11963958743547
			8.19656248879012	-8.12818657647487
			8.20510947782952	-8.13673356551428
			8.20510947782952	-8.14528055455368
			8.20510947782952	-8.15382754359309
			8.20510947782952	-8.1623745326325
			8.21365646686893	-8.1709215216719
			8.21365646686893	-8.17946851071131
			8.21365646686893	-8.18801549975071
			8.21365646686893	-8.19656248879012
			8.22220345590834	-8.20510947782952
			8.22220345590834	-8.21365646686893
			8.22220345590834	-8.22220345590834
			8.22220345590834	-8.23075044494774
			8.23075044494774	-8.23929743398715
			8.23075044494774	-8.24784442302655
			8.23075044494774	-8.25639141206596
			8.23075044494774	-8.26493840110536
			8.23929743398715	-8.27348539014477
			8.23929743398715	-8.28203237918418
			8.23929743398715	-8.29057936822358
			8.23929743398715	-8.29912635726299
			8.24784442302655	-8.30767334630239
			8.24784442302655	-8.3162203353418
			8.24784442302655	-8.3247673243812
			8.24784442302655	-8.33331431342061
			8.25639141206596	-8.34186130246002
			8.25639141206596	-8.35040829149942
			8.25639141206596	-8.35895528053883
			8.25639141206596	-8.36750226957823
			8.26493840110536	-8.37604925861764
			8.26493840110536	-8.38459624765705
			8.26493840110536	-8.39314323669645
			8.26493840110536	-8.40169022573586
			8.27348539014477	-8.41023721477526
			8.27348539014477	-8.41878420381467
			8.27348539014477	-8.42733119285407
			8.28203237918418	-8.43587818189348
			8.28203237918418	-8.44442517093288
			8.28203237918418	-8.45297215997229
			8.28203237918418	-8.4615191490117
			8.29057936822358	-8.4700661380511
			8.29057936822358	-8.47861312709051
			8.29057936822358	-8.48716011612991
			8.29057936822358	-8.49570710516932
			8.29912635726299	-8.50425409420873
			8.29912635726299	-8.51280108324813
			8.29912635726299	-8.52134807228754
			8.29912635726299	-8.52989506132694
			8.30767334630239	-8.53844205036635
			8.30767334630239	-8.54698903940576
			8.30767334630239	-8.55553602844516
			8.30767334630239	-8.56408301748457
			8.3162203353418	-8.56408301748457
			8.3162203353418	-8.57263000652397
			8.3162203353418	-8.58117699556338
			8.3162203353418	-8.58972398460278
			8.3247673243812	-8.59827097364219
			8.3247673243812	-8.60681796268159
			8.3247673243812	-8.615364951721
			8.3247673243812	-8.62391194076041
			8.33331431342061	-8.63245892979981
			8.33331431342061	-8.64100591883922
			8.33331431342061	-8.64955290787862
			8.33331431342061	-8.65809989691803
			8.34186130246002	-8.66664688595744
			8.34186130246002	-8.67519387499684
			8.34186130246002	-8.68374086403625
			8.34186130246002	-8.69228785307565
			8.35040829149942	-8.70083484211506
			8.35040829149942	-8.70938183115446
			8.35040829149942	-8.71792882019387
			8.35895528053883	-8.72647580923327
			8.35895528053883	-8.73502279827268
			8.35895528053883	-8.74356978731209
			8.35895528053883	-8.75211677635149
			8.36750226957823	-8.7606637653909
			8.36750226957823	-8.7692107544303
			8.36750226957823	-8.77775774346971
			8.36750226957823	-8.78630473250912
			8.37604925861764	-8.78630473250912
			8.37604925861764	-8.79485172154852
			8.37604925861764	-8.80339871058793
			8.37604925861764	-8.81194569962733
			8.38459624765705	-8.82049268866674
			8.38459624765705	-8.82903967770614
			8.38459624765705	-8.83758666674555
			8.38459624765705	-8.84613365578496
			8.39314323669645	-8.85468064482436
			8.39314323669645	-8.86322763386377
			8.39314323669645	-8.87177462290317
			8.40169022573586	-8.87177462290317
			8.40169022573586	-8.88032161194258
			8.40169022573586	-8.88886860098198
			8.40169022573586	-8.89741559002139
			8.41023721477526	-8.9059625790608
			8.41023721477526	-8.9145095681002
			8.41023721477526	-8.92305655713961
			8.41023721477526	-8.93160354617901
			8.41878420381467	-8.94015053521842
			8.41878420381467	-8.94869752425782
			8.41878420381467	-8.95724451329723
			8.42733119285407	-8.96579150233664
			8.42733119285407	-8.97433849137604
			8.42733119285407	-8.98288548041545
			8.43587818189348	-8.99143246945485
			8.43587818189348	-8.99997945849426
			8.43587818189348	-9.00852644753367
			8.43587818189348	-9.01707343657307
			8.44442517093288	-9.02562042561248
			8.44442517093288	-9.03416741465188
			8.44442517093288	-9.04271440369129
			8.45297215997229	-9.05126139273069
			8.45297215997229	-9.0598083817701
			8.45297215997229	-9.06835537080951
			8.45297215997229	-9.07690235984891
			8.4615191490117	-9.08544934888832
			8.4615191490117	-9.09399633792772
			8.4615191490117	-9.10254332696713
			8.4700661380511	-9.10254332696713
			8.4700661380511	-9.11109031600653
			8.4700661380511	-9.11963730504594
			8.4700661380511	-9.12818429408535
			8.47861312709051	-9.13673128312475
			8.47861312709051	-9.14527827216416
			8.47861312709051	-9.15382526120356
			8.47861312709051	-9.16237225024297
			8.48716011612991	-9.16237225024297
			8.48716011612991	-9.17091923928237
			8.48716011612991	-9.17946622832178
			8.48716011612991	-9.18801321736119
			8.49570710516932	-9.19656020640059
			8.49570710516932	-9.20510719544
			8.50425409420873	-9.2136541844794
			8.50425409420873	-9.22220117351881
			8.50425409420873	-9.23074816255821
			8.50425409420873	-9.23929515159762
			8.51280108324813	-9.24784214063703
			8.51280108324813	-9.25638912967643
			8.51280108324813	-9.26493611871584
			8.52134807228754	-9.27348310775524
			8.52134807228754	-9.28203009679465
			8.52134807228754	-9.29057708583406
			8.52989506132694	-9.29912407487346
			8.52989506132694	-9.30767106391287
			8.52989506132694	-9.31621805295227
			8.52989506132694	-9.32476504199168
			8.53844205036635	-9.33331203103108
			8.53844205036635	-9.34185902007049
			8.53844205036635	-9.35040600910989
			8.53844205036635	-9.3589529981493
			8.53844205036635	-9.36749998718871
			8.54698903940576	-9.37604697622811
			8.54698903940576	-9.38459396526752
			8.54698903940576	-9.39314095430692
			8.54698903940576	-9.40168794334633
			8.54698903940576	-9.41023493238574
			8.54698903940576	-9.41878192142514
			8.55553602844516	-9.42732891046455
			8.55553602844516	-9.43587589950395
			8.55553602844516	-9.44442288854336
			8.55553602844516	-9.45296987758277
			8.55553602844516	-9.46151686662217
			8.55553602844516	-9.47006385566158
			8.56408301748457	-9.47006385566158
			8.56408301748457	-9.47861084470098
			8.56408301748457	-9.48715783374039
			8.56408301748457	-9.49570482277979
			8.56408301748457	-9.5042518118192
			8.56408301748457	-9.5127988008586
			8.56408301748457	-9.52134578989801
			8.57263000652397	-9.52989277893742
			8.57263000652397	-9.53843976797682
			8.57263000652397	-9.54698675701623
			8.57263000652397	-9.55553374605563
			8.57263000652397	-9.56408073509504
			8.57263000652397	-9.57262772413445
			8.57263000652397	-9.58117471317385
			8.58117699556338	-9.58972170221326
			8.58117699556338	-9.59826869125266
			8.58117699556338	-9.60681568029207
			8.58117699556338	-9.61536266933147
			8.58117699556338	-9.62390965837088
			8.58117699556338	-9.63245664741028
			8.58117699556338	-9.64100363644969
			8.58117699556338	-9.6495506254891
			8.58972398460278	-9.6580976145285
			8.58972398460278	-9.66664460356791
			8.58972398460278	-9.67519159260731
			8.58972398460278	-9.68373858164672
			8.58972398460278	-9.69228557068613
			8.58972398460278	-9.70083255972553
			8.58972398460278	-9.70937954876494
			8.58972398460278	-9.71792653780434
			8.58972398460278	-9.72647352684375
			8.58972398460278	-9.73502051588315
			8.58972398460278	-9.74356750492256
			8.58972398460278	-9.75211449396197
			8.58972398460278	-9.76066148300137
			8.58972398460278	-9.76920847204078
			8.58972398460278	-9.77775546108018
			8.58972398460278	-9.78630245011959
			8.58972398460278	-9.79484943915899
			8.58972398460278	-9.8033964281984
			8.58972398460278	-9.81194341723781
			8.58972398460278	-9.82049040627721
			8.58972398460278	-9.82903739531662
			8.58972398460278	-9.83758438435602
			8.58972398460278	-9.84613137339543
			8.58972398460278	-9.85467836243483
			8.58972398460278	-9.86322535147424
			8.58972398460278	-9.87177234051365
			8.58117699556338	-9.88031932955305
			8.58117699556338	-9.88886631859246
			8.58117699556338	-9.89741330763186
			8.57263000652397	-9.90596029667127
			8.57263000652397	-9.91450728571068
			8.57263000652397	-9.92305427475008
			8.56408301748457	-9.93160126378949
			8.55553602844516	-9.94014825282889
		</curveLM07>
		<curveLM08 type=matrix rownames=FALSE colnames=FALSE nrow=77 ncol=2 as.numeric=TRUE >
			8.55553602844516	-9.94014825282889
			8.54698903940576	-9.94014825282889
			8.53844205036635	-9.94014825282889
			8.52989506132694	-9.9486952418683
			8.52134807228754	-9.9486952418683
			8.51280108324813	-9.9486952418683
			8.50425409420873	-9.9486952418683
			8.49570710516932	-9.9486952418683
			8.48716011612991	-9.94014825282889
			8.47861312709051	-9.94014825282889
			8.4700661380511	-9.94014825282889
			8.4615191490117	-9.94014825282889
			8.4615191490117	-9.93160126378949
			8.45297215997229	-9.93160126378949
			8.44442517093288	-9.93160126378949
			8.44442517093288	-9.92305427475008
			8.43587818189348	-9.92305427475008
			8.42733119285407	-9.91450728571068
			8.41878420381467	-9.90596029667127
			8.41023721477526	-9.89741330763186
			8.40169022573586	-9.89741330763186
			8.39314323669645	-9.88886631859246
			8.38459624765705	-9.88031932955305
			8.38459624765705	-9.87177234051365
			8.37604925861764	-9.86322535147424
			8.36750226957823	-9.85467836243483
			8.35895528053883	-9.84613137339543
			8.35040829149942	-9.83758438435602
			8.34186130246002	-9.82903739531662
			8.33331431342061	-9.82903739531662
			8.3247673243812	-9.82049040627721
			8.3247673243812	-9.81194341723781
			8.3162203353418	-9.8033964281984
			8.30767334630239	-9.8033964281984
			8.29912635726299	-9.79484943915899
			8.29057936822358	-9.78630245011959
			8.28203237918418	-9.78630245011959
			8.28203237918418	-9.77775546108018
			8.27348539014477	-9.76920847204078
			8.26493840110536	-9.76920847204078
			8.25639141206596	-9.76066148300137
			8.24784442302655	-9.76066148300137
			8.24784442302655	-9.75211449396197
			8.23929743398715	-9.74356750492256
			8.23075044494774	-9.74356750492256
			8.22220345590834	-9.73502051588315
			8.21365646686893	-9.72647352684375
			8.20510947782952	-9.71792653780434
			8.19656248879012	-9.71792653780434
			8.18801549975071	-9.70937954876494
			8.17946851071131	-9.70083255972553
			8.1709215216719	-9.70083255972553
			8.1709215216719	-9.69228557068613
			8.1623745326325	-9.69228557068613
			8.15382754359309	-9.68373858164672
			8.14528055455368	-9.68373858164672
			8.14528055455368	-9.67519159260731
			8.13673356551428	-9.67519159260731
			8.12818657647487	-9.67519159260731
			8.11963958743547	-9.66664460356791
			8.11109259839606	-9.6580976145285
			8.10254560935666	-9.6580976145285
			8.09399862031725	-9.6495506254891
			8.08545163127784	-9.6495506254891
			8.07690464223844	-9.6495506254891
			8.06835765319903	-9.64100363644969
			8.05981066415963	-9.64100363644969
			8.05126367512022	-9.64100363644969
			8.04271668608082	-9.63245664741028
			8.03416969704141	-9.63245664741028
			8.025622708002	-9.63245664741028
			8.0170757189626	-9.63245664741028
			8.00852872992319	-9.63245664741028
			7.99998174088379	-9.63245664741028
			7.99143475184438	-9.63245664741028
			7.99143475184438	-9.64100363644969
			7.98288776280497	-9.64100363644969
		</curveLM08>
		<curveLM09 type=matrix rownames=FALSE colnames=FALSE nrow=78 ncol=2 as.numeric=TRUE >
			7.98288776280497	-9.64100363644969
			7.97434077376557	-9.64100363644969
			7.97434077376557	-9.6495506254891
			7.96579378472616	-9.6495506254891
			7.95724679568676	-9.6495506254891
			7.94869980664735	-9.6580976145285
			7.94015281760795	-9.66664460356791
			7.93160582856854	-9.67519159260731
			7.92305883952913	-9.68373858164672
			7.92305883952913	-9.69228557068613
			7.91451185048973	-9.70083255972553
			7.91451185048973	-9.70937954876494
			7.90596486145032	-9.70937954876494
			7.90596486145032	-9.71792653780434
			7.90596486145032	-9.72647352684375
			7.89741787241092	-9.73502051588315
			7.89741787241092	-9.74356750492256
			7.89741787241092	-9.75211449396197
			7.89741787241092	-9.76066148300137
			7.89741787241092	-9.76920847204078
			7.89741787241092	-9.77775546108018
			7.89741787241092	-9.78630245011959
			7.89741787241092	-9.79484943915899
			7.89741787241092	-9.8033964281984
			7.89741787241092	-9.81194341723781
			7.89741787241092	-9.82049040627721
			7.89741787241092	-9.82903739531662
			7.89741787241092	-9.83758438435602
			7.89741787241092	-9.84613137339543
			7.89741787241092	-9.85467836243483
			7.89741787241092	-9.86322535147424
			7.88887088337151	-9.87177234051365
			7.88887088337151	-9.88031932955305
			7.88887088337151	-9.88886631859246
			7.88887088337151	-9.89741330763186
			7.88887088337151	-9.90596029667127
			7.88887088337151	-9.91450728571068
			7.88887088337151	-9.92305427475008
			7.88032389433211	-9.93160126378949
			7.88032389433211	-9.94014825282889
			7.88032389433211	-9.9486952418683
			7.88032389433211	-9.9572422309077
			7.8717769052927	-9.96578921994711
			7.8717769052927	-9.97433620898652
			7.8717769052927	-9.98288319802592
			7.8717769052927	-9.99143018706533
			7.86322991625329	-9.99997717610473
			7.86322991625329	-10.0085241651441
			7.86322991625329	-10.0170711541835
			7.86322991625329	-10.0256181432229
			7.85468292721389	-10.0341651322624
			7.85468292721389	-10.0427121213018
			7.85468292721389	-10.0512591103412
			7.84613593817448	-10.0512591103412
			7.84613593817448	-10.0598060993806
			7.84613593817448	-10.06835308842
			7.83758894913508	-10.0769000774594
			7.83758894913508	-10.0854470664988
			7.82904196009567	-10.0939940555382
			7.82904196009567	-10.1025410445776
			7.82049497105626	-10.111088033617
			7.82049497105626	-10.1196350226564
			7.81194798201686	-10.1281820116958
			7.80340099297745	-10.1367290007352
			7.79485400393805	-10.1452759897746
			7.79485400393805	-10.153822978814
			7.78630701489864	-10.1623699678534
			7.77776002585924	-10.1709169568928
			7.76921303681983	-10.1794639459323
			7.76066604778042	-10.1880109349717
			7.75211905874102	-10.1880109349717
			7.74357206970161	-10.1965579240111
			7.73502508066221	-10.1965579240111
			7.7264780916228	-10.2051049130505
			7.7179311025834	-10.2051049130505
			7.70938411354399	-10.2051049130505
			7.70083712450458	-10.2136519020899
			7.69229013546518	-10.2136519020899
		</curveLM09>
		<curveLM10 type=matrix rownames=FALSE colnames=FALSE nrow=81 ncol=2 as.numeric=TRUE >
			7.69229013546518	-10.2136519020899
			7.68374314642577	-10.2136519020899
			7.67519615738637	-10.2136519020899
			7.67519615738637	-10.2051049130505
			7.66664916834696	-10.2051049130505
			7.65810217930756	-10.2051049130505
			7.65810217930756	-10.1965579240111
			7.64955519026815	-10.1965579240111
			7.64100820122874	-10.1880109349717
			7.63246121218934	-10.1880109349717
			7.63246121218934	-10.1794639459323
			7.62391422314993	-10.1794639459323
			7.61536723411053	-10.1709169568928
			7.61536723411053	-10.1623699678534
			7.60682024507112	-10.1623699678534
			7.59827325603172	-10.153822978814
			7.59827325603172	-10.1452759897746
			7.58972626699231	-10.1367290007352
			7.5811792779529	-10.1281820116958
			7.5726322889135	-10.1196350226564
			7.5726322889135	-10.111088033617
			7.56408529987409	-10.1025410445776
			7.56408529987409	-10.0939940555382
			7.55553831083469	-10.0854470664988
			7.55553831083469	-10.0769000774594
			7.54699132179528	-10.06835308842
			7.54699132179528	-10.0598060993806
			7.53844433275588	-10.0512591103412
			7.53844433275588	-10.0427121213018
			7.52989734371647	-10.0341651322624
			7.52989734371647	-10.0256181432229
			7.52989734371647	-10.0170711541835
			7.52135035467706	-10.0085241651441
			7.52135035467706	-9.99997717610473
			7.52135035467706	-9.99143018706533
			7.51280336563766	-9.98288319802592
			7.51280336563766	-9.97433620898652
			7.51280336563766	-9.96578921994711
			7.50425637659825	-9.9572422309077
			7.50425637659825	-9.9486952418683
			7.50425637659825	-9.94014825282889
			7.49570938755885	-9.93160126378949
			7.49570938755885	-9.92305427475008
			7.49570938755885	-9.91450728571068
			7.49570938755885	-9.90596029667127
			7.48716239851944	-9.89741330763186
			7.48716239851944	-9.88886631859246
			7.48716239851944	-9.88031932955305
			7.48716239851944	-9.87177234051365
			7.48716239851944	-9.86322535147424
			7.48716239851944	-9.85467836243483
			7.48716239851944	-9.84613137339543
			7.48716239851944	-9.83758438435602
			7.48716239851944	-9.82903739531662
			7.48716239851944	-9.82049040627721
			7.47861540948004	-9.81194341723781
			7.47861540948004	-9.8033964281984
			7.47861540948004	-9.79484943915899
			7.47861540948004	-9.78630245011959
			7.47861540948004	-9.77775546108018
			7.47861540948004	-9.76920847204078
			7.47861540948004	-9.76066148300137
			7.47861540948004	-9.75211449396197
			7.47006842044063	-9.74356750492256
			7.47006842044063	-9.73502051588315
			7.47006842044063	-9.72647352684375
			7.47006842044063	-9.71792653780434
			7.47006842044063	-9.70937954876494
			7.46152143140122	-9.70083255972553
			7.46152143140122	-9.69228557068613
			7.46152143140122	-9.68373858164672
			7.45297444236182	-9.67519159260731
			7.45297444236182	-9.66664460356791
			7.45297444236182	-9.6580976145285
			7.44442745332241	-9.6495506254891
			7.44442745332241	-9.64100363644969
			7.43588046428301	-9.63245664741028
			7.4273334752436	-9.62390965837088
			7.4273334752436	-9.61536266933147
			7.4187864862042	-9.60681568029207
			7.41023949716479	-9.59826869125266
		</curveLM10>
		<curveLM11 type=matrix rownames=FALSE colnames=FALSE nrow=81 ncol=2 as.numeric=TRUE >
			7.41023949716479	-9.59826869125266
			7.40169250812538	-9.59826869125266
			7.39314551908598	-9.59826869125266
			7.38459853004657	-9.59826869125266
			7.37605154100717	-9.59826869125266
			7.36750455196776	-9.59826869125266
			7.35895756292835	-9.60681568029207
			7.35041057388895	-9.60681568029207
			7.34186358484954	-9.61536266933147
			7.33331659581014	-9.61536266933147
			7.32476960677073	-9.61536266933147
			7.32476960677073	-9.62390965837088
			7.31622261773133	-9.62390965837088
			7.30767562869192	-9.63245664741028
			7.29912863965251	-9.63245664741028
			7.29058165061311	-9.64100363644969
			7.2820346615737	-9.6495506254891
			7.2734876725343	-9.6495506254891
			7.26494068349489	-9.6580976145285
			7.25639369445549	-9.66664460356791
			7.24784670541608	-9.67519159260731
			7.23929971637667	-9.67519159260731
			7.23075272733727	-9.68373858164672
			7.22220573829786	-9.69228557068613
			7.21365874925846	-9.70083255972553
			7.20511176021905	-9.70937954876494
			7.19656477117964	-9.71792653780434
			7.18801778214024	-9.72647352684375
			7.17947079310083	-9.73502051588315
			7.17092380406143	-9.73502051588315
			7.16237681502202	-9.74356750492256
			7.15382982598262	-9.75211449396197
			7.15382982598262	-9.76066148300137
			7.14528283694321	-9.76066148300137
			7.1367358479038	-9.76920847204078
			7.1281888588644	-9.77775546108018
			7.11964186982499	-9.77775546108018
			7.11964186982499	-9.78630245011959
			7.11109488078559	-9.79484943915899
			7.10254789174618	-9.79484943915899
			7.09400090270678	-9.8033964281984
			7.08545391366737	-9.81194341723781
			7.07690692462796	-9.82049040627721
			7.06835993558856	-9.82903739531662
			7.05981294654915	-9.82903739531662
			7.05126595750975	-9.83758438435602
			7.04271896847034	-9.84613137339543
			7.03417197943094	-9.85467836243483
			7.02562499039153	-9.86322535147424
			7.01707800135212	-9.87177234051365
			7.00853101231272	-9.87177234051365
			6.99998402327331	-9.88031932955305
			6.99143703423391	-9.88886631859246
			6.9828900451945	-9.88886631859246
			6.9743430561551	-9.89741330763186
			6.96579606711569	-9.90596029667127
			6.95724907807628	-9.90596029667127
			6.94870208903688	-9.91450728571068
			6.94015509999747	-9.92305427475008
			6.93160811095807	-9.93160126378949
			6.92306112191866	-9.94014825282889
			6.91451413287926	-9.94014825282889
			6.90596714383985	-9.9486952418683
			6.89742015480044	-9.9486952418683
			6.88887316576104	-9.9572422309077
			6.88032617672163	-9.9572422309077
			6.87177918768223	-9.96578921994711
			6.86323219864282	-9.96578921994711
			6.86323219864282	-9.97433620898652
			6.85468520960341	-9.97433620898652
			6.84613822056401	-9.98288319802592
			6.8375912315246	-9.98288319802592
			6.8375912315246	-9.99143018706533
			6.8290442424852	-9.99143018706533
			6.82049725344579	-9.99143018706533
			6.81195026440639	-9.99997717610473
			6.80340327536698	-9.99997717610473
			6.79485628632757	-9.99997717610473
			6.78630929728817	-10.0085241651441
			6.77776230824876	-10.0085241651441
			6.76921531920936	-10.0085241651441
		</curveLM11>
		<curveLM12 type=matrix rownames=FALSE colnames=FALSE nrow=378 ncol=2 as.numeric=TRUE >
			6.76921531920936	-10.0085241651441
			6.76921531920936	-9.99997717610473
			6.76066833016995	-9.99143018706533
			6.76066833016995	-9.98288319802592
			6.75212134113055	-9.97433620898652
			6.75212134113055	-9.96578921994711
			6.75212134113055	-9.9572422309077
			6.75212134113055	-9.9486952418683
			6.75212134113055	-9.94014825282889
			6.74357435209114	-9.93160126378949
			6.74357435209114	-9.92305427475008
			6.74357435209114	-9.91450728571068
			6.74357435209114	-9.90596029667127
			6.74357435209114	-9.89741330763186
			6.74357435209114	-9.88886631859246
			6.74357435209114	-9.88031932955305
			6.74357435209114	-9.87177234051365
			6.74357435209114	-9.86322535147424
			6.74357435209114	-9.85467836243483
			6.74357435209114	-9.84613137339543
			6.74357435209114	-9.83758438435602
			6.74357435209114	-9.82903739531662
			6.74357435209114	-9.82049040627721
			6.74357435209114	-9.81194341723781
			6.74357435209114	-9.8033964281984
			6.74357435209114	-9.79484943915899
			6.74357435209114	-9.78630245011959
			6.74357435209114	-9.77775546108018
			6.74357435209114	-9.76920847204078
			6.75212134113055	-9.76066148300137
			6.75212134113055	-9.75211449396197
			6.75212134113055	-9.74356750492256
			6.75212134113055	-9.73502051588315
			6.75212134113055	-9.72647352684375
			6.75212134113055	-9.71792653780434
			6.75212134113055	-9.70937954876494
			6.75212134113055	-9.70083255972553
			6.75212134113055	-9.69228557068613
			6.76066833016995	-9.68373858164672
			6.76066833016995	-9.67519159260731
			6.76066833016995	-9.66664460356791
			6.76066833016995	-9.6580976145285
			6.76066833016995	-9.6495506254891
			6.76066833016995	-9.64100363644969
			6.76921531920936	-9.63245664741028
			6.76921531920936	-9.62390965837088
			6.76921531920936	-9.61536266933147
			6.76921531920936	-9.60681568029207
			6.76921531920936	-9.59826869125266
			6.77776230824876	-9.58972170221326
			6.77776230824876	-9.58117471317385
			6.77776230824876	-9.57262772413445
			6.77776230824876	-9.56408073509504
			6.78630929728817	-9.55553374605563
			6.78630929728817	-9.54698675701623
			6.78630929728817	-9.53843976797682
			6.78630929728817	-9.52989277893742
			6.78630929728817	-9.52134578989801
			6.79485628632757	-9.5127988008586
			6.79485628632757	-9.5042518118192
			6.79485628632757	-9.49570482277979
			6.80340327536698	-9.48715783374039
			6.80340327536698	-9.47861084470098
			6.80340327536698	-9.47006385566158
			6.80340327536698	-9.46151686662217
			6.80340327536698	-9.45296987758277
			6.81195026440639	-9.45296987758277
			6.81195026440639	-9.44442288854336
			6.81195026440639	-9.43587589950395
			6.81195026440639	-9.42732891046455
			6.82049725344579	-9.41878192142514
			6.82049725344579	-9.41023493238574
			6.82049725344579	-9.40168794334633
			6.82049725344579	-9.39314095430692
			6.8290442424852	-9.38459396526752
			6.8290442424852	-9.37604697622811
			6.8290442424852	-9.36749998718871
			6.8290442424852	-9.3589529981493
			6.8375912315246	-9.35040600910989
			6.8375912315246	-9.34185902007049
			6.8375912315246	-9.33331203103108
			6.84613822056401	-9.32476504199168
			6.84613822056401	-9.31621805295227
			6.84613822056401	-9.30767106391287
			6.84613822056401	-9.29912407487346
			6.85468520960341	-9.29057708583406
			6.85468520960341	-9.28203009679465
			6.85468520960341	-9.27348310775524
			6.86323219864282	-9.26493611871584
			6.86323219864282	-9.25638912967643
			6.86323219864282	-9.24784214063703
			6.87177918768223	-9.23929515159762
			6.87177918768223	-9.23074816255821
			6.87177918768223	-9.22220117351881
			6.88032617672163	-9.2136541844794
			6.88032617672163	-9.20510719544
			6.88032617672163	-9.19656020640059
			6.88032617672163	-9.18801321736119
			6.88887316576104	-9.18801321736119
			6.88887316576104	-9.17946622832178
			6.88887316576104	-9.17091923928237
			6.88887316576104	-9.16237225024297
			6.89742015480044	-9.15382526120356
			6.89742015480044	-9.14527827216416
			6.89742015480044	-9.13673128312475
			6.90596714383985	-9.12818429408535
			6.90596714383985	-9.11963730504594
			6.90596714383985	-9.11109031600653
			6.90596714383985	-9.10254332696713
			6.91451413287926	-9.09399633792772
			6.91451413287926	-9.08544934888832
			6.91451413287926	-9.07690235984891
			6.91451413287926	-9.06835537080951
			6.92306112191866	-9.0598083817701
			6.92306112191866	-9.05126139273069
			6.92306112191866	-9.04271440369129
			6.92306112191866	-9.03416741465188
			6.92306112191866	-9.02562042561248
			6.93160811095807	-9.01707343657307
			6.93160811095807	-9.00852644753367
			6.93160811095807	-8.99997945849426
			6.93160811095807	-8.99143246945485
			6.94015509999747	-8.98288548041545
			6.94015509999747	-8.97433849137604
			6.94015509999747	-8.96579150233664
			6.94015509999747	-8.95724451329723
			6.94870208903688	-8.94869752425782
			6.94870208903688	-8.94015053521842
			6.94870208903688	-8.93160354617901
			6.94870208903688	-8.92305655713961
			6.94870208903688	-8.9145095681002
			6.95724907807628	-8.9059625790608
			6.95724907807628	-8.89741559002139
			6.95724907807628	-8.88886860098198
			6.95724907807628	-8.88032161194258
			6.96579606711569	-8.87177462290317
			6.96579606711569	-8.86322763386377
			6.96579606711569	-8.85468064482436
			6.96579606711569	-8.84613365578496
			6.96579606711569	-8.83758666674555
			6.9743430561551	-8.82903967770614
			6.9743430561551	-8.82049268866674
			6.9743430561551	-8.81194569962733
			6.9743430561551	-8.80339871058793
			6.9828900451945	-8.79485172154852
			6.9828900451945	-8.78630473250912
			6.9828900451945	-8.77775774346971
			6.9828900451945	-8.7692107544303
			6.9828900451945	-8.7606637653909
			6.99143703423391	-8.75211677635149
			6.99143703423391	-8.74356978731209
			6.99143703423391	-8.73502279827268
			6.99143703423391	-8.72647580923327
			6.99998402327331	-8.72647580923327
			6.99998402327331	-8.71792882019387
			6.99998402327331	-8.70938183115446
			6.99998402327331	-8.70083484211506
			7.00853101231272	-8.69228785307565
			7.00853101231272	-8.68374086403625
			7.00853101231272	-8.67519387499684
			7.00853101231272	-8.66664688595744
			7.00853101231272	-8.65809989691803
			7.01707800135212	-8.64955290787862
			7.01707800135212	-8.64100591883922
			7.01707800135212	-8.63245892979981
			7.01707800135212	-8.62391194076041
			7.02562499039153	-8.615364951721
			7.02562499039153	-8.60681796268159
			7.02562499039153	-8.59827097364219
			7.03417197943094	-8.58972398460278
			7.03417197943094	-8.58117699556338
			7.03417197943094	-8.57263000652397
			7.03417197943094	-8.56408301748457
			7.04271896847034	-8.55553602844516
			7.04271896847034	-8.54698903940576
			7.04271896847034	-8.53844205036635
			7.04271896847034	-8.52989506132694
			7.05126595750975	-8.52134807228754
			7.05126595750975	-8.51280108324813
			7.05126595750975	-8.50425409420873
			7.05126595750975	-8.49570710516932
			7.05126595750975	-8.48716011612991
			7.05981294654915	-8.47861312709051
			7.05981294654915	-8.4700661380511
			7.05981294654915	-8.4615191490117
			7.05981294654915	-8.45297215997229
			7.06835993558856	-8.44442517093288
			7.06835993558856	-8.43587818189348
			7.06835993558856	-8.42733119285407
			7.07690692462796	-8.41878420381467
			7.07690692462796	-8.41023721477526
			7.07690692462796	-8.40169022573586
			7.07690692462796	-8.39314323669645
			7.08545391366737	-8.38459624765705
			7.08545391366737	-8.37604925861764
			7.08545391366737	-8.36750226957823
			7.08545391366737	-8.35895528053883
			7.09400090270678	-8.35895528053883
			7.09400090270678	-8.35040829149942
			7.09400090270678	-8.34186130246002
			7.09400090270678	-8.33331431342061
			7.10254789174618	-8.3247673243812
			7.10254789174618	-8.3162203353418
			7.10254789174618	-8.30767334630239
			7.10254789174618	-8.29912635726299
			7.11109488078559	-8.29057936822358
			7.11109488078559	-8.28203237918418
			7.11109488078559	-8.27348539014477
			7.11109488078559	-8.26493840110536
			7.11964186982499	-8.26493840110536
			7.11964186982499	-8.25639141206596
			7.11964186982499	-8.24784442302655
			7.11964186982499	-8.23929743398715
			7.1281888588644	-8.23075044494774
			7.1281888588644	-8.22220345590834
			7.1281888588644	-8.21365646686893
			7.1281888588644	-8.20510947782952
			7.1367358479038	-8.19656248879012
			7.1367358479038	-8.18801549975071
			7.1367358479038	-8.17946851071131
			7.14528283694321	-8.1709215216719
			7.14528283694321	-8.1623745326325
			7.14528283694321	-8.15382754359309
			7.15382982598262	-8.14528055455368
			7.15382982598262	-8.13673356551428
			7.15382982598262	-8.12818657647487
			7.15382982598262	-8.11963958743547
			7.16237681502202	-8.11109259839606
			7.16237681502202	-8.10254560935666
			7.16237681502202	-8.09399862031725
			7.17092380406143	-8.08545163127784
			7.17092380406143	-8.07690464223844
			7.17092380406143	-8.06835765319903
			7.17947079310083	-8.05981066415963
			7.17947079310083	-8.05126367512022
			7.17947079310083	-8.04271668608082
			7.17947079310083	-8.03416969704141
			7.18801778214024	-8.025622708002
			7.18801778214024	-8.0170757189626
			7.18801778214024	-8.00852872992319
			7.19656477117964	-8.00852872992319
			7.19656477117964	-7.99998174088379
			7.19656477117964	-7.99143475184438
			7.19656477117964	-7.98288776280497
			7.20511176021905	-7.97434077376557
			7.20511176021905	-7.96579378472616
			7.20511176021905	-7.95724679568676
			7.21365874925846	-7.94869980664735
			7.21365874925846	-7.94015281760795
			7.21365874925846	-7.93160582856854
			7.22220573829786	-7.92305883952913
			7.22220573829786	-7.91451185048973
			7.22220573829786	-7.90596486145032
			7.23075272733727	-7.89741787241092
			7.23075272733727	-7.88887088337151
			7.23075272733727	-7.88032389433211
			7.23929971637667	-7.8717769052927
			7.23929971637667	-7.86322991625329
			7.23929971637667	-7.85468292721389
			7.24784670541608	-7.84613593817448
			7.24784670541608	-7.83758894913508
			7.24784670541608	-7.82904196009567
			7.24784670541608	-7.82049497105626
			7.25639369445549	-7.81194798201686
			7.25639369445549	-7.80340099297745
			7.25639369445549	-7.79485400393805
			7.26494068349489	-7.78630701489864
			7.26494068349489	-7.77776002585924
			7.2734876725343	-7.76921303681983
			7.2734876725343	-7.76066604778042
			7.2734876725343	-7.75211905874102
			7.2820346615737	-7.74357206970161
			7.2820346615737	-7.73502508066221
			7.29058165061311	-7.7264780916228
			7.29058165061311	-7.7179311025834
			7.29058165061311	-7.70938411354399
			7.29058165061311	-7.70083712450458
			7.29912863965251	-7.69229013546518
			7.29912863965251	-7.68374314642577
			7.30767562869192	-7.67519615738637
			7.30767562869192	-7.66664916834696
			7.30767562869192	-7.65810217930756
			7.31622261773133	-7.64955519026815
			7.31622261773133	-7.64100820122874
			7.31622261773133	-7.63246121218934
			7.32476960677073	-7.63246121218934
			7.32476960677073	-7.62391422314993
			7.32476960677073	-7.61536723411053
			7.33331659581014	-7.60682024507112
			7.33331659581014	-7.59827325603172
			7.33331659581014	-7.58972626699231
			7.34186358484954	-7.5811792779529
			7.34186358484954	-7.5726322889135
			7.34186358484954	-7.56408529987409
			7.35041057388895	-7.56408529987409
			7.35041057388895	-7.55553831083469
			7.35041057388895	-7.54699132179528
			7.35895756292835	-7.53844433275588
			7.35895756292835	-7.52989734371647
			7.35895756292835	-7.52135035467706
			7.36750455196776	-7.51280336563766
			7.36750455196776	-7.50425637659825
			7.37605154100717	-7.49570938755885
			7.37605154100717	-7.48716239851944
			7.38459853004657	-7.47861540948004
			7.38459853004657	-7.47006842044063
			7.38459853004657	-7.46152143140122
			7.39314551908598	-7.45297444236182
			7.39314551908598	-7.44442745332241
			7.40169250812538	-7.43588046428301
			7.40169250812538	-7.4273334752436
			7.40169250812538	-7.4187864862042
			7.41023949716479	-7.41023949716479
			7.41023949716479	-7.40169250812538
			7.4187864862042	-7.39314551908598
			7.4187864862042	-7.38459853004657
			7.4273334752436	-7.37605154100717
			7.4273334752436	-7.36750455196776
			7.4273334752436	-7.35895756292835
			7.43588046428301	-7.35041057388895
			7.44442745332241	-7.34186358484954
			7.44442745332241	-7.33331659581014
			7.45297444236182	-7.32476960677073
			7.45297444236182	-7.31622261773133
			7.45297444236182	-7.30767562869192
			7.46152143140122	-7.30767562869192
			7.46152143140122	-7.29912863965251
			7.46152143140122	-7.29058165061311
			7.47006842044063	-7.2820346615737
			7.47006842044063	-7.2734876725343
			7.47861540948004	-7.26494068349489
			7.47861540948004	-7.25639369445549
			7.48716239851944	-7.24784670541608
			7.48716239851944	-7.23929971637667
			7.49570938755885	-7.23075272733727
			7.50425637659825	-7.22220573829786
			7.50425637659825	-7.21365874925846
			7.50425637659825	-7.20511176021905
			7.51280336563766	-7.19656477117964
			7.51280336563766	-7.18801778214024
			7.52135035467706	-7.17947079310083
			7.52989734371647	-7.17092380406143
			7.52989734371647	-7.16237681502202
			7.53844433275588	-7.15382982598262
			7.53844433275588	-7.14528283694321
			7.54699132179528	-7.1367358479038
			7.54699132179528	-7.1281888588644
			7.55553831083469	-7.11964186982499
			7.55553831083469	-7.11109488078559
			7.56408529987409	-7.10254789174618
			7.56408529987409	-7.09400090270678
			7.5726322889135	-7.08545391366737
			7.5726322889135	-7.07690692462796
			7.5811792779529	-7.07690692462796
			7.5811792779529	-7.06835993558856
			7.58972626699231	-7.05981294654915
			7.59827325603172	-7.05126595750975
			7.59827325603172	-7.04271896847034
			7.60682024507112	-7.03417197943094
			7.60682024507112	-7.02562499039153
			7.61536723411053	-7.02562499039153
			7.61536723411053	-7.01707800135212
			7.62391422314993	-7.00853101231272
			7.62391422314993	-6.99998402327331
			7.63246121218934	-6.99143703423391
			7.64100820122874	-6.9828900451945
			7.64955519026815	-6.9743430561551
			7.64955519026815	-6.96579606711569
			7.65810217930756	-6.95724907807628
			7.66664916834696	-6.94870208903688
			7.66664916834696	-6.94015509999747
			7.67519615738637	-6.93160811095807
			7.67519615738637	-6.92306112191866
			7.68374314642577	-6.92306112191866
			7.69229013546518	-6.91451413287926
			7.69229013546518	-6.90596714383985
			7.70083712450458	-6.89742015480044
			7.70938411354399	-6.88887316576104
		</curveLM12>
	</curves.scaled>
	<ruler.points type=matrix rownames=TRUE colnames=FALSE nrow=5 ncol=2 as.numeric=TRUE >
		Ruler point 1	434	1408
		Ruler point 2	551	1408
		Ruler point 3	668	1409
		Ruler point 4	785	1408
		Ruler point 5	902	1409
	</ruler.points>
</shapes>

