<shapes type=list>
	<ruler.pixel type=vector names=FALSE length=1 as.numeric=TRUE >117</ruler.pixel>
	<ruler.interval type=vector names=FALSE length=1 as.numeric=TRUE >1</ruler.interval>
	<scaling.units type=vector names=FALSE length=1 as.numeric=FALSE >cm</scaling.units>
	<scaling type=vector names=FALSE length=1 as.numeric=TRUE >0.00854700854700855</scaling>
	<landmarks.pixel type=matrix rownames=TRUE colnames=FALSE nrow=6 ncol=2 as.numeric=TRUE >
		LM01	902	899
		LM02	987	1174
		LM03	929	1140
		LM04	900	1195
		LM05	870	1139
		LM06	810	1164
	</landmarks.pixel>
	<landmarks.scaled type=matrix rownames=TRUE colnames=FALSE nrow=6 ncol=2 as.numeric=TRUE >
		LM01	7.70940170940171	-7.68376068376068
		LM02	8.43589743589744	-10.034188034188
		LM03	7.94017094017094	-9.74358974358974
		LM04	7.69230769230769	-10.2136752136752
		LM05	7.43589743589744	-9.73504273504274
		LM06	6.92307692307692	-9.94871794871795
	</landmarks.scaled>
	<curves.control type=list>
		<curveLM07 type=matrix rownames=FALSE colnames=FALSE nrow=5 ncol=2 as.numeric=TRUE >
			902	899
			929	952
			948	1024
			1000	1174
			987	1174
		</curveLM07>
		<curveLM08 type=matrix rownames=FALSE colnames=FALSE nrow=5 ncol=2 as.numeric=TRUE >
			987	1174
			981	1181
			954	1154
			940	1138
			929	1140
		</curveLM08>
		<curveLM09 type=matrix rownames=FALSE colnames=FALSE nrow=5 ncol=2 as.numeric=TRUE >
			929	1140
			919	1143
			920	1168
			914	1195
			900	1195
		</curveLM09>
		<curveLM10 type=matrix rownames=FALSE colnames=FALSE nrow=3 ncol=2 as.numeric=TRUE >
			900	1195
			888	1199
			870	1139
		</curveLM10>
		<curveLM11 type=matrix rownames=FALSE colnames=FALSE nrow=5 ncol=2 as.numeric=TRUE >
			870	1139
			861	1137
			832	1160
			820	1166
			810	1164
		</curveLM11>
		<curveLM12 type=matrix rownames=FALSE colnames=FALSE nrow=5 ncol=2 as.numeric=TRUE >
			810	1164
			797	1156
			857	1008
			867	957
			902	899
		</curveLM12>
	</curves.control>
	<curves.pixel type=list>
		<curveLM07 type=matrix rownames=FALSE colnames=FALSE nrow=285 ncol=2 as.numeric=TRUE >
			902	899
			902	900
			903	900
			903	901
			903	902
			904	903
			905	904
			905	905
			905	906
			906	907
			906	908
			907	909
			907	910
			908	910
			908	911
			908	912
			909	913
			909	914
			910	915
			910	916
			911	917
			911	918
			911	919
			912	920
			912	921
			913	922
			914	923
			914	924
			914	925
			915	926
			915	927
			915	928
			916	929
			917	930
			917	931
			917	932
			918	933
			918	934
			919	935
			919	936
			919	937
			920	938
			920	939
			921	940
			921	941
			922	942
			922	943
			922	944
			923	945
			923	946
			923	947
			924	948
			924	949
			924	950
			925	950
			925	951
			925	952
			926	953
			926	954
			926	955
			927	956
			927	957
			927	958
			928	959
			928	960
			928	961
			929	962
			929	963
			930	964
			930	965
			930	966
			931	967
			931	968
			931	969
			932	970
			932	971
			932	972
			933	972
			933	973
			933	974
			933	975
			934	976
			934	977
			935	978
			935	979
			935	980
			935	981
			936	982
			936	983
			936	984
			937	985
			937	986
			937	987
			938	988
			938	989
			938	990
			938	991
			939	991
			939	992
			939	993
			939	994
			940	995
			940	996
			940	997
			941	998
			941	999
			941	1000
			942	1001
			942	1002
			942	1003
			942	1004
			943	1005
			943	1006
			943	1007
			944	1008
			944	1009
			944	1010
			944	1011
			945	1012
			945	1013
			945	1014
			946	1015
			946	1016
			946	1017
			946	1018
			947	1019
			947	1020
			947	1021
			948	1022
			948	1023
			948	1024
			948	1025
			949	1026
			949	1027
			949	1028
			950	1029
			950	1030
			950	1031
			951	1032
			951	1033
			951	1034
			952	1035
			952	1036
			953	1037
			953	1038
			953	1039
			954	1040
			954	1041
			954	1042
			955	1043
			955	1044
			955	1045
			956	1046
			956	1047
			956	1048
			957	1049
			957	1050
			957	1051
			958	1052
			958	1053
			958	1054
			959	1055
			959	1056
			959	1057
			960	1058
			960	1059
			960	1060
			960	1061
			961	1062
			961	1063
			962	1064
			962	1065
			962	1066
			963	1067
			963	1068
			963	1069
			964	1070
			964	1071
			964	1072
			965	1073
			965	1074
			965	1075
			966	1076
			966	1077
			966	1078
			966	1079
			967	1079
			967	1080
			967	1081
			968	1082
			968	1083
			968	1084
			968	1085
			969	1085
			969	1086
			969	1087
			969	1088
			970	1089
			970	1090
			970	1091
			971	1092
			971	1093
			971	1094
			972	1095
			972	1096
			972	1097
			973	1098
			973	1099
			973	1100
			973	1101
			974	1102
			974	1103
			974	1104
			975	1105
			975	1106
			975	1107
			976	1108
			976	1109
			976	1110
			977	1111
			977	1112
			977	1113
			977	1114
			978	1115
			978	1116
			978	1117
			979	1118
			979	1119
			979	1120
			979	1121
			980	1122
			980	1123
			980	1124
			981	1125
			981	1126
			981	1127
			981	1128
			982	1129
			982	1130
			982	1131
			983	1132
			983	1133
			983	1134
			983	1135
			984	1136
			984	1137
			984	1138
			984	1139
			985	1140
			985	1141
			985	1142
			985	1143
			986	1144
			986	1145
			986	1146
			986	1147
			987	1148
			987	1149
			987	1150
			987	1151
			987	1152
			988	1153
			988	1154
			988	1155
			988	1156
			988	1157
			989	1158
			989	1159
			989	1160
			989	1161
			989	1162
			989	1163
			989	1164
			989	1165
			990	1166
			990	1167
			990	1168
			990	1169
			989	1170
			989	1171
			989	1172
			989	1173
			988	1173
			988	1174
			987	1174
		</curveLM07>
		<curveLM08 type=matrix rownames=FALSE colnames=FALSE nrow=61 ncol=2 as.numeric=TRUE >
			987	1174
			986	1175
			985	1175
			984	1175
			983	1175
			982	1175
			981	1175
			980	1174
			979	1174
			978	1174
			977	1173
			976	1173
			975	1172
			974	1171
			973	1171
			972	1170
			971	1169
			970	1169
			969	1168
			968	1167
			967	1166
			966	1165
			965	1164
			964	1163
			963	1162
			962	1161
			961	1161
			960	1160
			960	1159
			959	1159
			958	1158
			957	1157
			956	1156
			955	1155
			954	1154
			953	1153
			952	1152
			952	1151
			951	1150
			950	1149
			949	1148
			948	1148
			947	1147
			946	1146
			945	1145
			944	1145
			943	1144
			942	1143
			941	1143
			940	1142
			939	1141
			938	1141
			937	1141
			936	1140
			935	1140
			934	1140
			933	1140
			932	1140
			931	1140
			930	1140
			929	1140
		</curveLM08>
		<curveLM09 type=matrix rownames=FALSE colnames=FALSE nrow=66 ncol=2 as.numeric=TRUE >
			929	1140
			928	1140
			927	1141
			926	1141
			925	1142
			924	1143
			924	1144
			923	1145
			923	1146
			922	1147
			922	1148
			922	1149
			921	1150
			921	1151
			921	1152
			921	1153
			920	1154
			920	1155
			920	1156
			920	1157
			920	1158
			920	1159
			920	1160
			920	1161
			920	1162
			920	1163
			920	1164
			920	1165
			920	1166
			920	1167
			920	1168
			920	1169
			919	1170
			919	1171
			919	1172
			919	1173
			919	1174
			918	1175
			918	1176
			917	1177
			917	1178
			917	1179
			916	1180
			916	1181
			916	1182
			915	1183
			915	1184
			914	1185
			914	1186
			913	1187
			912	1188
			911	1189
			911	1190
			910	1191
			909	1191
			909	1192
			908	1192
			907	1193
			906	1193
			906	1194
			905	1194
			904	1194
			903	1195
			902	1195
			901	1195
			900	1195
		</curveLM09>
		<curveLM10 type=matrix rownames=FALSE colnames=FALSE nrow=64 ncol=2 as.numeric=TRUE >
			900	1195
			899	1195
			898	1195
			897	1195
			896	1195
			895	1194
			894	1193
			893	1192
			892	1191
			891	1190
			890	1189
			889	1188
			889	1187
			888	1186
			888	1185
			887	1184
			886	1183
			886	1182
			886	1181
			885	1181
			885	1180
			884	1179
			884	1178
			884	1177
			883	1176
			883	1175
			882	1175
			882	1174
			882	1173
			881	1172
			881	1171
			880	1170
			880	1169
			880	1168
			879	1167
			879	1166
			879	1165
			878	1164
			878	1163
			878	1162
			877	1161
			877	1160
			876	1159
			876	1158
			876	1157
			876	1156
			875	1156
			875	1155
			875	1154
			874	1153
			874	1152
			874	1151
			874	1150
			873	1149
			873	1148
			872	1147
			872	1146
			872	1145
			871	1144
			871	1143
			871	1142
			871	1141
			870	1140
			870	1139
		</curveLM10>
		<curveLM11 type=matrix rownames=FALSE colnames=FALSE nrow=63 ncol=2 as.numeric=TRUE >
			870	1139
			869	1139
			868	1139
			867	1139
			866	1139
			865	1139
			864	1140
			863	1140
			862	1140
			861	1141
			860	1141
			859	1142
			858	1142
			857	1143
			856	1143
			855	1144
			854	1145
			853	1145
			852	1146
			851	1146
			850	1147
			849	1148
			848	1148
			847	1149
			846	1149
			845	1150
			844	1151
			843	1152
			842	1153
			841	1153
			840	1154
			839	1154
			839	1155
			838	1155
			837	1156
			836	1157
			835	1158
			834	1158
			833	1159
			832	1160
			831	1160
			831	1161
			830	1161
			829	1161
			828	1162
			827	1162
			826	1163
			825	1163
			824	1163
			823	1163
			822	1164
			821	1164
			820	1164
			819	1164
			818	1164
			817	1164
			816	1164
			815	1164
			814	1164
			813	1164
			812	1164
			811	1164
			810	1164
		</curveLM11>
		<curveLM12 type=matrix rownames=FALSE colnames=FALSE nrow=276 ncol=2 as.numeric=TRUE >
			810	1164
			809	1163
			808	1162
			808	1161
			808	1160
			808	1159
			808	1158
			808	1157
			808	1156
			808	1155
			808	1154
			808	1153
			808	1152
			808	1151
			808	1150
			808	1149
			809	1148
			809	1147
			809	1146
			809	1145
			809	1144
			810	1143
			810	1142
			810	1141
			810	1140
			810	1139
			811	1138
			811	1137
			811	1136
			811	1135
			812	1134
			812	1133
			812	1132
			812	1131
			813	1130
			813	1129
			813	1128
			814	1127
			814	1126
			814	1125
			814	1124
			815	1123
			815	1122
			815	1121
			816	1120
			816	1119
			816	1118
			816	1117
			817	1117
			817	1116
			817	1115
			817	1114
			818	1113
			818	1112
			818	1111
			819	1110
			819	1109
			819	1108
			820	1107
			820	1106
			820	1105
			821	1104
			821	1103
			821	1102
			822	1101
			822	1100
			822	1099
			823	1098
			823	1097
			823	1096
			824	1095
			824	1094
			825	1093
			825	1092
			825	1091
			826	1090
			826	1089
			826	1088
			827	1087
			827	1086
			827	1085
			828	1084
			828	1083
			828	1082
			829	1081
			829	1080
			830	1079
			830	1078
			830	1077
			831	1076
			831	1075
			831	1074
			832	1073
			832	1072
			832	1071
			833	1070
			833	1069
			834	1068
			834	1067
			834	1066
			835	1065
			835	1064
			835	1063
			836	1062
			836	1061
			837	1060
			837	1059
			837	1058
			838	1057
			838	1056
			838	1055
			839	1054
			839	1053
			840	1052
			840	1051
			840	1050
			841	1049
			841	1048
			842	1047
			842	1046
			842	1045
			843	1044
			843	1043
			844	1042
			844	1041
			844	1040
			845	1039
			845	1038
			845	1037
			846	1036
			846	1035
			846	1034
			847	1034
			847	1033
			847	1032
			848	1031
			848	1030
			849	1029
			849	1028
			849	1027
			850	1026
			850	1025
			851	1024
			851	1023
			851	1022
			852	1021
			852	1020
			853	1019
			853	1018
			853	1017
			854	1016
			854	1015
			855	1014
			855	1013
			855	1012
			856	1011
			856	1010
			857	1009
			857	1008
			857	1007
			857	1006
			858	1005
			858	1004
			858	1003
			858	1002
			858	1001
			859	1000
			859	999
			859	998
			860	997
			860	996
			860	995
			860	994
			860	993
			861	993
			861	992
			861	991
			861	990
			862	989
			862	988
			862	987
			862	986
			863	985
			863	984
			863	983
			864	982
			864	981
			864	980
			864	979
			865	978
			865	977
			865	976
			866	975
			866	974
			867	973
			867	972
			867	971
			867	970
			868	970
			868	969
			868	968
			869	967
			869	966
			869	965
			870	964
			870	963
			870	962
			871	962
			871	961
			871	960
			872	959
			872	958
			873	957
			873	956
			873	955
			874	954
			874	953
			875	952
			875	951
			876	950
			876	949
			876	948
			877	947
			877	946
			878	945
			878	944
			879	943
			879	942
			880	941
			880	940
			881	939
			881	938
			882	937
			882	936
			883	935
			883	934
			883	933
			884	932
			885	931
			885	930
			886	929
			886	928
			887	927
			887	926
			888	925
			888	924
			888	923
			889	923
			889	922
			889	921
			890	921
			890	920
			891	919
			891	918
			892	917
			892	916
			892	915
			893	915
			893	914
			894	913
			894	912
			895	912
			895	911
			895	910
			896	909
			897	908
			897	907
			898	906
			898	905
			899	904
			899	903
			900	903
			900	902
			901	901
			901	900
			902	899
		</curveLM12>
	</curves.pixel>
	<curves.scaled type=list>
		<curveLM07 type=matrix rownames=FALSE colnames=FALSE nrow=285 ncol=2 as.numeric=TRUE >
			7.70940170940171	-7.68376068376068
			7.70940170940171	-7.69230769230769
			7.71794871794872	-7.69230769230769
			7.71794871794872	-7.7008547008547
			7.71794871794872	-7.70940170940171
			7.72649572649573	-7.71794871794872
			7.73504273504274	-7.72649572649573
			7.73504273504274	-7.73504273504274
			7.73504273504274	-7.74358974358974
			7.74358974358974	-7.75213675213675
			7.74358974358974	-7.76068376068376
			7.75213675213675	-7.76923076923077
			7.75213675213675	-7.77777777777778
			7.76068376068376	-7.77777777777778
			7.76068376068376	-7.78632478632479
			7.76068376068376	-7.7948717948718
			7.76923076923077	-7.8034188034188
			7.76923076923077	-7.81196581196581
			7.77777777777778	-7.82051282051282
			7.77777777777778	-7.82905982905983
			7.78632478632479	-7.83760683760684
			7.78632478632479	-7.84615384615385
			7.78632478632479	-7.85470085470086
			7.7948717948718	-7.86324786324786
			7.7948717948718	-7.87179487179487
			7.8034188034188	-7.88034188034188
			7.81196581196581	-7.88888888888889
			7.81196581196581	-7.8974358974359
			7.81196581196581	-7.90598290598291
			7.82051282051282	-7.91452991452992
			7.82051282051282	-7.92307692307692
			7.82051282051282	-7.93162393162393
			7.82905982905983	-7.94017094017094
			7.83760683760684	-7.94871794871795
			7.83760683760684	-7.95726495726496
			7.83760683760684	-7.96581196581197
			7.84615384615385	-7.97435897435898
			7.84615384615385	-7.98290598290598
			7.85470085470086	-7.99145299145299
			7.85470085470086	-8
			7.85470085470086	-8.00854700854701
			7.86324786324786	-8.01709401709402
			7.86324786324786	-8.02564102564103
			7.87179487179487	-8.03418803418804
			7.87179487179487	-8.04273504273504
			7.88034188034188	-8.05128205128205
			7.88034188034188	-8.05982905982906
			7.88034188034188	-8.06837606837607
			7.88888888888889	-8.07692307692308
			7.88888888888889	-8.08547008547009
			7.88888888888889	-8.0940170940171
			7.8974358974359	-8.1025641025641
			7.8974358974359	-8.11111111111111
			7.8974358974359	-8.11965811965812
			7.90598290598291	-8.11965811965812
			7.90598290598291	-8.12820512820513
			7.90598290598291	-8.13675213675214
			7.91452991452992	-8.14529914529915
			7.91452991452992	-8.15384615384616
			7.91452991452992	-8.16239316239316
			7.92307692307692	-8.17094017094017
			7.92307692307692	-8.17948717948718
			7.92307692307692	-8.18803418803419
			7.93162393162393	-8.1965811965812
			7.93162393162393	-8.20512820512821
			7.93162393162393	-8.21367521367521
			7.94017094017094	-8.22222222222222
			7.94017094017094	-8.23076923076923
			7.94871794871795	-8.23931623931624
			7.94871794871795	-8.24786324786325
			7.94871794871795	-8.25641025641026
			7.95726495726496	-8.26495726495727
			7.95726495726496	-8.27350427350427
			7.95726495726496	-8.28205128205128
			7.96581196581197	-8.29059829059829
			7.96581196581197	-8.2991452991453
			7.96581196581197	-8.30769230769231
			7.97435897435898	-8.30769230769231
			7.97435897435898	-8.31623931623932
			7.97435897435898	-8.32478632478633
			7.97435897435898	-8.33333333333333
			7.98290598290598	-8.34188034188034
			7.98290598290598	-8.35042735042735
			7.99145299145299	-8.35897435897436
			7.99145299145299	-8.36752136752137
			7.99145299145299	-8.37606837606838
			7.99145299145299	-8.38461538461539
			8	-8.39316239316239
			8	-8.4017094017094
			8	-8.41025641025641
			8.00854700854701	-8.41880341880342
			8.00854700854701	-8.42735042735043
			8.00854700854701	-8.43589743589744
			8.01709401709402	-8.44444444444444
			8.01709401709402	-8.45299145299145
			8.01709401709402	-8.46153846153846
			8.01709401709402	-8.47008547008547
			8.02564102564103	-8.47008547008547
			8.02564102564103	-8.47863247863248
			8.02564102564103	-8.48717948717949
			8.02564102564103	-8.4957264957265
			8.03418803418804	-8.5042735042735
			8.03418803418804	-8.51282051282051
			8.03418803418804	-8.52136752136752
			8.04273504273504	-8.52991452991453
			8.04273504273504	-8.53846153846154
			8.04273504273504	-8.54700854700855
			8.05128205128205	-8.55555555555556
			8.05128205128205	-8.56410256410257
			8.05128205128205	-8.57264957264957
			8.05128205128205	-8.58119658119658
			8.05982905982906	-8.58974358974359
			8.05982905982906	-8.5982905982906
			8.05982905982906	-8.60683760683761
			8.06837606837607	-8.61538461538462
			8.06837606837607	-8.62393162393163
			8.06837606837607	-8.63247863247863
			8.06837606837607	-8.64102564102564
			8.07692307692308	-8.64957264957265
			8.07692307692308	-8.65811965811966
			8.07692307692308	-8.66666666666667
			8.08547008547009	-8.67521367521368
			8.08547008547009	-8.68376068376068
			8.08547008547009	-8.69230769230769
			8.08547008547009	-8.7008547008547
			8.0940170940171	-8.70940170940171
			8.0940170940171	-8.71794871794872
			8.0940170940171	-8.72649572649573
			8.1025641025641	-8.73504273504274
			8.1025641025641	-8.74358974358974
			8.1025641025641	-8.75213675213675
			8.1025641025641	-8.76068376068376
			8.11111111111111	-8.76923076923077
			8.11111111111111	-8.77777777777778
			8.11111111111111	-8.78632478632479
			8.11965811965812	-8.7948717948718
			8.11965811965812	-8.8034188034188
			8.11965811965812	-8.81196581196581
			8.12820512820513	-8.82051282051282
			8.12820512820513	-8.82905982905983
			8.12820512820513	-8.83760683760684
			8.13675213675214	-8.84615384615385
			8.13675213675214	-8.85470085470086
			8.14529914529915	-8.86324786324786
			8.14529914529915	-8.87179487179487
			8.14529914529915	-8.88034188034188
			8.15384615384616	-8.88888888888889
			8.15384615384616	-8.8974358974359
			8.15384615384616	-8.90598290598291
			8.16239316239316	-8.91452991452991
			8.16239316239316	-8.92307692307692
			8.16239316239316	-8.93162393162393
			8.17094017094017	-8.94017094017094
			8.17094017094017	-8.94871794871795
			8.17094017094017	-8.95726495726496
			8.17948717948718	-8.96581196581197
			8.17948717948718	-8.97435897435897
			8.17948717948718	-8.98290598290598
			8.18803418803419	-8.99145299145299
			8.18803418803419	-9
			8.18803418803419	-9.00854700854701
			8.1965811965812	-9.01709401709402
			8.1965811965812	-9.02564102564103
			8.1965811965812	-9.03418803418804
			8.20512820512821	-9.04273504273504
			8.20512820512821	-9.05128205128205
			8.20512820512821	-9.05982905982906
			8.20512820512821	-9.06837606837607
			8.21367521367521	-9.07692307692308
			8.21367521367521	-9.08547008547009
			8.22222222222222	-9.0940170940171
			8.22222222222222	-9.1025641025641
			8.22222222222222	-9.11111111111111
			8.23076923076923	-9.11965811965812
			8.23076923076923	-9.12820512820513
			8.23076923076923	-9.13675213675214
			8.23931623931624	-9.14529914529915
			8.23931623931624	-9.15384615384616
			8.23931623931624	-9.16239316239316
			8.24786324786325	-9.17094017094017
			8.24786324786325	-9.17948717948718
			8.24786324786325	-9.18803418803419
			8.25641025641026	-9.1965811965812
			8.25641025641026	-9.20512820512821
			8.25641025641026	-9.21367521367521
			8.25641025641026	-9.22222222222222
			8.26495726495727	-9.22222222222222
			8.26495726495727	-9.23076923076923
			8.26495726495727	-9.23931623931624
			8.27350427350427	-9.24786324786325
			8.27350427350427	-9.25641025641026
			8.27350427350427	-9.26495726495727
			8.27350427350427	-9.27350427350427
			8.28205128205128	-9.27350427350427
			8.28205128205128	-9.28205128205128
			8.28205128205128	-9.29059829059829
			8.28205128205128	-9.2991452991453
			8.29059829059829	-9.30769230769231
			8.29059829059829	-9.31623931623932
			8.29059829059829	-9.32478632478633
			8.2991452991453	-9.33333333333333
			8.2991452991453	-9.34188034188034
			8.2991452991453	-9.35042735042735
			8.30769230769231	-9.35897435897436
			8.30769230769231	-9.36752136752137
			8.30769230769231	-9.37606837606838
			8.31623931623932	-9.38461538461539
			8.31623931623932	-9.39316239316239
			8.31623931623932	-9.4017094017094
			8.31623931623932	-9.41025641025641
			8.32478632478633	-9.41880341880342
			8.32478632478633	-9.42735042735043
			8.32478632478633	-9.43589743589744
			8.33333333333333	-9.44444444444444
			8.33333333333333	-9.45299145299145
			8.33333333333333	-9.46153846153846
			8.34188034188034	-9.47008547008547
			8.34188034188034	-9.47863247863248
			8.34188034188034	-9.48717948717949
			8.35042735042735	-9.4957264957265
			8.35042735042735	-9.50427350427351
			8.35042735042735	-9.51282051282051
			8.35042735042735	-9.52136752136752
			8.35897435897436	-9.52991452991453
			8.35897435897436	-9.53846153846154
			8.35897435897436	-9.54700854700855
			8.36752136752137	-9.55555555555556
			8.36752136752137	-9.56410256410257
			8.36752136752137	-9.57264957264957
			8.36752136752137	-9.58119658119658
			8.37606837606838	-9.58974358974359
			8.37606837606838	-9.5982905982906
			8.37606837606838	-9.60683760683761
			8.38461538461539	-9.61538461538462
			8.38461538461539	-9.62393162393163
			8.38461538461539	-9.63247863247863
			8.38461538461539	-9.64102564102564
			8.39316239316239	-9.64957264957265
			8.39316239316239	-9.65811965811966
			8.39316239316239	-9.66666666666667
			8.4017094017094	-9.67521367521368
			8.4017094017094	-9.68376068376068
			8.4017094017094	-9.69230769230769
			8.4017094017094	-9.7008547008547
			8.41025641025641	-9.70940170940171
			8.41025641025641	-9.71794871794872
			8.41025641025641	-9.72649572649573
			8.41025641025641	-9.73504273504274
			8.41880341880342	-9.74358974358974
			8.41880341880342	-9.75213675213675
			8.41880341880342	-9.76068376068376
			8.41880341880342	-9.76923076923077
			8.42735042735043	-9.77777777777778
			8.42735042735043	-9.78632478632479
			8.42735042735043	-9.7948717948718
			8.42735042735043	-9.8034188034188
			8.43589743589744	-9.81196581196581
			8.43589743589744	-9.82051282051282
			8.43589743589744	-9.82905982905983
			8.43589743589744	-9.83760683760684
			8.43589743589744	-9.84615384615385
			8.44444444444444	-9.85470085470086
			8.44444444444444	-9.86324786324786
			8.44444444444444	-9.87179487179487
			8.44444444444444	-9.88034188034188
			8.44444444444444	-9.88888888888889
			8.45299145299145	-9.8974358974359
			8.45299145299145	-9.90598290598291
			8.45299145299145	-9.91452991452991
			8.45299145299145	-9.92307692307692
			8.45299145299145	-9.93162393162393
			8.45299145299145	-9.94017094017094
			8.45299145299145	-9.94871794871795
			8.45299145299145	-9.95726495726496
			8.46153846153846	-9.96581196581197
			8.46153846153846	-9.97435897435898
			8.46153846153846	-9.98290598290598
			8.46153846153846	-9.99145299145299
			8.45299145299145	-10
			8.45299145299145	-10.008547008547
			8.45299145299145	-10.017094017094
			8.45299145299145	-10.025641025641
			8.44444444444444	-10.025641025641
			8.44444444444444	-10.034188034188
			8.43589743589744	-10.034188034188
		</curveLM07>
		<curveLM08 type=matrix rownames=FALSE colnames=FALSE nrow=61 ncol=2 as.numeric=TRUE >
			8.43589743589744	-10.034188034188
			8.42735042735043	-10.042735042735
			8.41880341880342	-10.042735042735
			8.41025641025641	-10.042735042735
			8.4017094017094	-10.042735042735
			8.39316239316239	-10.042735042735
			8.38461538461539	-10.042735042735
			8.37606837606838	-10.034188034188
			8.36752136752137	-10.034188034188
			8.35897435897436	-10.034188034188
			8.35042735042735	-10.025641025641
			8.34188034188034	-10.025641025641
			8.33333333333333	-10.017094017094
			8.32478632478633	-10.008547008547
			8.31623931623932	-10.008547008547
			8.30769230769231	-10
			8.2991452991453	-9.99145299145299
			8.29059829059829	-9.99145299145299
			8.28205128205128	-9.98290598290598
			8.27350427350427	-9.97435897435898
			8.26495726495727	-9.96581196581197
			8.25641025641026	-9.95726495726496
			8.24786324786325	-9.94871794871795
			8.23931623931624	-9.94017094017094
			8.23076923076923	-9.93162393162393
			8.22222222222222	-9.92307692307692
			8.21367521367521	-9.92307692307692
			8.20512820512821	-9.91452991452991
			8.20512820512821	-9.90598290598291
			8.1965811965812	-9.90598290598291
			8.18803418803419	-9.8974358974359
			8.17948717948718	-9.88888888888889
			8.17094017094017	-9.88034188034188
			8.16239316239316	-9.87179487179487
			8.15384615384616	-9.86324786324786
			8.14529914529915	-9.85470085470086
			8.13675213675214	-9.84615384615385
			8.13675213675214	-9.83760683760684
			8.12820512820513	-9.82905982905983
			8.11965811965812	-9.82051282051282
			8.11111111111111	-9.81196581196581
			8.1025641025641	-9.81196581196581
			8.0940170940171	-9.8034188034188
			8.08547008547009	-9.7948717948718
			8.07692307692308	-9.78632478632479
			8.06837606837607	-9.78632478632479
			8.05982905982906	-9.77777777777778
			8.05128205128205	-9.76923076923077
			8.04273504273504	-9.76923076923077
			8.03418803418804	-9.76068376068376
			8.02564102564103	-9.75213675213675
			8.01709401709402	-9.75213675213675
			8.00854700854701	-9.75213675213675
			8	-9.74358974358974
			7.99145299145299	-9.74358974358974
			7.98290598290598	-9.74358974358974
			7.97435897435898	-9.74358974358974
			7.96581196581197	-9.74358974358974
			7.95726495726496	-9.74358974358974
			7.94871794871795	-9.74358974358974
			7.94017094017094	-9.74358974358974
		</curveLM08>
		<curveLM09 type=matrix rownames=FALSE colnames=FALSE nrow=66 ncol=2 as.numeric=TRUE >
			7.94017094017094	-9.74358974358974
			7.93162393162393	-9.74358974358974
			7.92307692307692	-9.75213675213675
			7.91452991452992	-9.75213675213675
			7.90598290598291	-9.76068376068376
			7.8974358974359	-9.76923076923077
			7.8974358974359	-9.77777777777778
			7.88888888888889	-9.78632478632479
			7.88888888888889	-9.7948717948718
			7.88034188034188	-9.8034188034188
			7.88034188034188	-9.81196581196581
			7.88034188034188	-9.82051282051282
			7.87179487179487	-9.82905982905983
			7.87179487179487	-9.83760683760684
			7.87179487179487	-9.84615384615385
			7.87179487179487	-9.85470085470086
			7.86324786324786	-9.86324786324786
			7.86324786324786	-9.87179487179487
			7.86324786324786	-9.88034188034188
			7.86324786324786	-9.88888888888889
			7.86324786324786	-9.8974358974359
			7.86324786324786	-9.90598290598291
			7.86324786324786	-9.91452991452991
			7.86324786324786	-9.92307692307692
			7.86324786324786	-9.93162393162393
			7.86324786324786	-9.94017094017094
			7.86324786324786	-9.94871794871795
			7.86324786324786	-9.95726495726496
			7.86324786324786	-9.96581196581197
			7.86324786324786	-9.97435897435898
			7.86324786324786	-9.98290598290598
			7.86324786324786	-9.99145299145299
			7.85470085470086	-10
			7.85470085470086	-10.008547008547
			7.85470085470086	-10.017094017094
			7.85470085470086	-10.025641025641
			7.85470085470086	-10.034188034188
			7.84615384615385	-10.042735042735
			7.84615384615385	-10.0512820512821
			7.83760683760684	-10.0598290598291
			7.83760683760684	-10.0683760683761
			7.83760683760684	-10.0769230769231
			7.82905982905983	-10.0854700854701
			7.82905982905983	-10.0940170940171
			7.82905982905983	-10.1025641025641
			7.82051282051282	-10.1111111111111
			7.82051282051282	-10.1196581196581
			7.81196581196581	-10.1282051282051
			7.81196581196581	-10.1367521367521
			7.8034188034188	-10.1452991452991
			7.7948717948718	-10.1538461538462
			7.78632478632479	-10.1623931623932
			7.78632478632479	-10.1709401709402
			7.77777777777778	-10.1794871794872
			7.76923076923077	-10.1794871794872
			7.76923076923077	-10.1880341880342
			7.76068376068376	-10.1880341880342
			7.75213675213675	-10.1965811965812
			7.74358974358974	-10.1965811965812
			7.74358974358974	-10.2051282051282
			7.73504273504274	-10.2051282051282
			7.72649572649573	-10.2051282051282
			7.71794871794872	-10.2136752136752
			7.70940170940171	-10.2136752136752
			7.7008547008547	-10.2136752136752
			7.69230769230769	-10.2136752136752
		</curveLM09>
		<curveLM10 type=matrix rownames=FALSE colnames=FALSE nrow=64 ncol=2 as.numeric=TRUE >
			7.69230769230769	-10.2136752136752
			7.68376068376068	-10.2136752136752
			7.67521367521368	-10.2136752136752
			7.66666666666667	-10.2136752136752
			7.65811965811966	-10.2136752136752
			7.64957264957265	-10.2051282051282
			7.64102564102564	-10.1965811965812
			7.63247863247863	-10.1880341880342
			7.62393162393162	-10.1794871794872
			7.61538461538462	-10.1709401709402
			7.60683760683761	-10.1623931623932
			7.5982905982906	-10.1538461538462
			7.5982905982906	-10.1452991452991
			7.58974358974359	-10.1367521367521
			7.58974358974359	-10.1282051282051
			7.58119658119658	-10.1196581196581
			7.57264957264957	-10.1111111111111
			7.57264957264957	-10.1025641025641
			7.57264957264957	-10.0940170940171
			7.56410256410256	-10.0940170940171
			7.56410256410256	-10.0854700854701
			7.55555555555556	-10.0769230769231
			7.55555555555556	-10.0683760683761
			7.55555555555556	-10.0598290598291
			7.54700854700855	-10.0512820512821
			7.54700854700855	-10.042735042735
			7.53846153846154	-10.042735042735
			7.53846153846154	-10.034188034188
			7.53846153846154	-10.025641025641
			7.52991452991453	-10.017094017094
			7.52991452991453	-10.008547008547
			7.52136752136752	-10
			7.52136752136752	-9.99145299145299
			7.52136752136752	-9.98290598290598
			7.51282051282051	-9.97435897435898
			7.51282051282051	-9.96581196581197
			7.51282051282051	-9.95726495726496
			7.50427350427351	-9.94871794871795
			7.50427350427351	-9.94017094017094
			7.50427350427351	-9.93162393162393
			7.4957264957265	-9.92307692307692
			7.4957264957265	-9.91452991452991
			7.48717948717949	-9.90598290598291
			7.48717948717949	-9.8974358974359
			7.48717948717949	-9.88888888888889
			7.48717948717949	-9.88034188034188
			7.47863247863248	-9.88034188034188
			7.47863247863248	-9.87179487179487
			7.47863247863248	-9.86324786324786
			7.47008547008547	-9.85470085470086
			7.47008547008547	-9.84615384615385
			7.47008547008547	-9.83760683760684
			7.47008547008547	-9.82905982905983
			7.46153846153846	-9.82051282051282
			7.46153846153846	-9.81196581196581
			7.45299145299145	-9.8034188034188
			7.45299145299145	-9.7948717948718
			7.45299145299145	-9.78632478632479
			7.44444444444445	-9.77777777777778
			7.44444444444445	-9.76923076923077
			7.44444444444445	-9.76068376068376
			7.44444444444445	-9.75213675213675
			7.43589743589744	-9.74358974358974
			7.43589743589744	-9.73504273504274
		</curveLM10>
		<curveLM11 type=matrix rownames=FALSE colnames=FALSE nrow=63 ncol=2 as.numeric=TRUE >
			7.43589743589744	-9.73504273504274
			7.42735042735043	-9.73504273504274
			7.41880341880342	-9.73504273504274
			7.41025641025641	-9.73504273504274
			7.4017094017094	-9.73504273504274
			7.39316239316239	-9.73504273504274
			7.38461538461539	-9.74358974358974
			7.37606837606838	-9.74358974358974
			7.36752136752137	-9.74358974358974
			7.35897435897436	-9.75213675213675
			7.35042735042735	-9.75213675213675
			7.34188034188034	-9.76068376068376
			7.33333333333333	-9.76068376068376
			7.32478632478633	-9.76923076923077
			7.31623931623932	-9.76923076923077
			7.30769230769231	-9.77777777777778
			7.2991452991453	-9.78632478632479
			7.29059829059829	-9.78632478632479
			7.28205128205128	-9.7948717948718
			7.27350427350427	-9.7948717948718
			7.26495726495727	-9.8034188034188
			7.25641025641026	-9.81196581196581
			7.24786324786325	-9.81196581196581
			7.23931623931624	-9.82051282051282
			7.23076923076923	-9.82051282051282
			7.22222222222222	-9.82905982905983
			7.21367521367521	-9.83760683760684
			7.20512820512821	-9.84615384615385
			7.1965811965812	-9.85470085470086
			7.18803418803419	-9.85470085470086
			7.17948717948718	-9.86324786324786
			7.17094017094017	-9.86324786324786
			7.17094017094017	-9.87179487179487
			7.16239316239316	-9.87179487179487
			7.15384615384615	-9.88034188034188
			7.14529914529915	-9.88888888888889
			7.13675213675214	-9.8974358974359
			7.12820512820513	-9.8974358974359
			7.11965811965812	-9.90598290598291
			7.11111111111111	-9.91452991452991
			7.1025641025641	-9.91452991452991
			7.1025641025641	-9.92307692307692
			7.09401709401709	-9.92307692307692
			7.08547008547009	-9.92307692307692
			7.07692307692308	-9.93162393162393
			7.06837606837607	-9.93162393162393
			7.05982905982906	-9.94017094017094
			7.05128205128205	-9.94017094017094
			7.04273504273504	-9.94017094017094
			7.03418803418803	-9.94017094017094
			7.02564102564103	-9.94871794871795
			7.01709401709402	-9.94871794871795
			7.00854700854701	-9.94871794871795
			7	-9.94871794871795
			6.99145299145299	-9.94871794871795
			6.98290598290598	-9.94871794871795
			6.97435897435898	-9.94871794871795
			6.96581196581197	-9.94871794871795
			6.95726495726496	-9.94871794871795
			6.94871794871795	-9.94871794871795
			6.94017094017094	-9.94871794871795
			6.93162393162393	-9.94871794871795
			6.92307692307692	-9.94871794871795
		</curveLM11>
		<curveLM12 type=matrix rownames=FALSE colnames=FALSE nrow=276 ncol=2 as.numeric=TRUE >
			6.92307692307692	-9.94871794871795
			6.91452991452991	-9.94017094017094
			6.90598290598291	-9.93162393162393
			6.90598290598291	-9.92307692307692
			6.90598290598291	-9.91452991452991
			6.90598290598291	-9.90598290598291
			6.90598290598291	-9.8974358974359
			6.90598290598291	-9.88888888888889
			6.90598290598291	-9.88034188034188
			6.90598290598291	-9.87179487179487
			6.90598290598291	-9.86324786324786
			6.90598290598291	-9.85470085470086
			6.90598290598291	-9.84615384615385
			6.90598290598291	-9.83760683760684
			6.90598290598291	-9.82905982905983
			6.90598290598291	-9.82051282051282
			6.91452991452991	-9.81196581196581
			6.91452991452991	-9.8034188034188
			6.91452991452991	-9.7948717948718
			6.91452991452991	-9.78632478632479
			6.91452991452991	-9.77777777777778
			6.92307692307692	-9.76923076923077
			6.92307692307692	-9.76068376068376
			6.92307692307692	-9.75213675213675
			6.92307692307692	-9.74358974358974
			6.92307692307692	-9.73504273504274
			6.93162393162393	-9.72649572649573
			6.93162393162393	-9.71794871794872
			6.93162393162393	-9.70940170940171
			6.93162393162393	-9.7008547008547
			6.94017094017094	-9.69230769230769
			6.94017094017094	-9.68376068376068
			6.94017094017094	-9.67521367521368
			6.94017094017094	-9.66666666666667
			6.94871794871795	-9.65811965811966
			6.94871794871795	-9.64957264957265
			6.94871794871795	-9.64102564102564
			6.95726495726496	-9.63247863247863
			6.95726495726496	-9.62393162393163
			6.95726495726496	-9.61538461538462
			6.95726495726496	-9.60683760683761
			6.96581196581197	-9.5982905982906
			6.96581196581197	-9.58974358974359
			6.96581196581197	-9.58119658119658
			6.97435897435898	-9.57264957264957
			6.97435897435898	-9.56410256410257
			6.97435897435898	-9.55555555555556
			6.97435897435898	-9.54700854700855
			6.98290598290598	-9.54700854700855
			6.98290598290598	-9.53846153846154
			6.98290598290598	-9.52991452991453
			6.98290598290598	-9.52136752136752
			6.99145299145299	-9.51282051282051
			6.99145299145299	-9.50427350427351
			6.99145299145299	-9.4957264957265
			7	-9.48717948717949
			7	-9.47863247863248
			7	-9.47008547008547
			7.00854700854701	-9.46153846153846
			7.00854700854701	-9.45299145299145
			7.00854700854701	-9.44444444444444
			7.01709401709402	-9.43589743589744
			7.01709401709402	-9.42735042735043
			7.01709401709402	-9.41880341880342
			7.02564102564103	-9.41025641025641
			7.02564102564103	-9.4017094017094
			7.02564102564103	-9.39316239316239
			7.03418803418803	-9.38461538461539
			7.03418803418803	-9.37606837606838
			7.03418803418803	-9.36752136752137
			7.04273504273504	-9.35897435897436
			7.04273504273504	-9.35042735042735
			7.05128205128205	-9.34188034188034
			7.05128205128205	-9.33333333333333
			7.05128205128205	-9.32478632478633
			7.05982905982906	-9.31623931623932
			7.05982905982906	-9.30769230769231
			7.05982905982906	-9.2991452991453
			7.06837606837607	-9.29059829059829
			7.06837606837607	-9.28205128205128
			7.06837606837607	-9.27350427350427
			7.07692307692308	-9.26495726495727
			7.07692307692308	-9.25641025641026
			7.07692307692308	-9.24786324786325
			7.08547008547009	-9.23931623931624
			7.08547008547009	-9.23076923076923
			7.09401709401709	-9.22222222222222
			7.09401709401709	-9.21367521367521
			7.09401709401709	-9.20512820512821
			7.1025641025641	-9.1965811965812
			7.1025641025641	-9.18803418803419
			7.1025641025641	-9.17948717948718
			7.11111111111111	-9.17094017094017
			7.11111111111111	-9.16239316239316
			7.11111111111111	-9.15384615384616
			7.11965811965812	-9.14529914529915
			7.11965811965812	-9.13675213675214
			7.12820512820513	-9.12820512820513
			7.12820512820513	-9.11965811965812
			7.12820512820513	-9.11111111111111
			7.13675213675214	-9.1025641025641
			7.13675213675214	-9.0940170940171
			7.13675213675214	-9.08547008547009
			7.14529914529915	-9.07692307692308
			7.14529914529915	-9.06837606837607
			7.15384615384615	-9.05982905982906
			7.15384615384615	-9.05128205128205
			7.15384615384615	-9.04273504273504
			7.16239316239316	-9.03418803418804
			7.16239316239316	-9.02564102564103
			7.16239316239316	-9.01709401709402
			7.17094017094017	-9.00854700854701
			7.17094017094017	-9
			7.17948717948718	-8.99145299145299
			7.17948717948718	-8.98290598290598
			7.17948717948718	-8.97435897435897
			7.18803418803419	-8.96581196581197
			7.18803418803419	-8.95726495726496
			7.1965811965812	-8.94871794871795
			7.1965811965812	-8.94017094017094
			7.1965811965812	-8.93162393162393
			7.20512820512821	-8.92307692307692
			7.20512820512821	-8.91452991452991
			7.21367521367521	-8.90598290598291
			7.21367521367521	-8.8974358974359
			7.21367521367521	-8.88888888888889
			7.22222222222222	-8.88034188034188
			7.22222222222222	-8.87179487179487
			7.22222222222222	-8.86324786324786
			7.23076923076923	-8.85470085470086
			7.23076923076923	-8.84615384615385
			7.23076923076923	-8.83760683760684
			7.23931623931624	-8.83760683760684
			7.23931623931624	-8.82905982905983
			7.23931623931624	-8.82051282051282
			7.24786324786325	-8.81196581196581
			7.24786324786325	-8.8034188034188
			7.25641025641026	-8.7948717948718
			7.25641025641026	-8.78632478632479
			7.25641025641026	-8.77777777777778
			7.26495726495727	-8.76923076923077
			7.26495726495727	-8.76068376068376
			7.27350427350427	-8.75213675213675
			7.27350427350427	-8.74358974358974
			7.27350427350427	-8.73504273504274
			7.28205128205128	-8.72649572649573
			7.28205128205128	-8.71794871794872
			7.29059829059829	-8.70940170940171
			7.29059829059829	-8.7008547008547
			7.29059829059829	-8.69230769230769
			7.2991452991453	-8.68376068376068
			7.2991452991453	-8.67521367521368
			7.30769230769231	-8.66666666666667
			7.30769230769231	-8.65811965811966
			7.30769230769231	-8.64957264957265
			7.31623931623932	-8.64102564102564
			7.31623931623932	-8.63247863247863
			7.32478632478633	-8.62393162393163
			7.32478632478633	-8.61538461538462
			7.32478632478633	-8.60683760683761
			7.32478632478633	-8.5982905982906
			7.33333333333333	-8.58974358974359
			7.33333333333333	-8.58119658119658
			7.33333333333333	-8.57264957264957
			7.33333333333333	-8.56410256410257
			7.33333333333333	-8.55555555555556
			7.34188034188034	-8.54700854700855
			7.34188034188034	-8.53846153846154
			7.34188034188034	-8.52991452991453
			7.35042735042735	-8.52136752136752
			7.35042735042735	-8.51282051282051
			7.35042735042735	-8.5042735042735
			7.35042735042735	-8.4957264957265
			7.35042735042735	-8.48717948717949
			7.35897435897436	-8.48717948717949
			7.35897435897436	-8.47863247863248
			7.35897435897436	-8.47008547008547
			7.35897435897436	-8.46153846153846
			7.36752136752137	-8.45299145299145
			7.36752136752137	-8.44444444444444
			7.36752136752137	-8.43589743589744
			7.36752136752137	-8.42735042735043
			7.37606837606838	-8.41880341880342
			7.37606837606838	-8.41025641025641
			7.37606837606838	-8.4017094017094
			7.38461538461539	-8.39316239316239
			7.38461538461539	-8.38461538461539
			7.38461538461539	-8.37606837606838
			7.38461538461539	-8.36752136752137
			7.39316239316239	-8.35897435897436
			7.39316239316239	-8.35042735042735
			7.39316239316239	-8.34188034188034
			7.4017094017094	-8.33333333333333
			7.4017094017094	-8.32478632478633
			7.41025641025641	-8.31623931623932
			7.41025641025641	-8.30769230769231
			7.41025641025641	-8.2991452991453
			7.41025641025641	-8.29059829059829
			7.41880341880342	-8.29059829059829
			7.41880341880342	-8.28205128205128
			7.41880341880342	-8.27350427350427
			7.42735042735043	-8.26495726495727
			7.42735042735043	-8.25641025641026
			7.42735042735043	-8.24786324786325
			7.43589743589744	-8.23931623931624
			7.43589743589744	-8.23076923076923
			7.43589743589744	-8.22222222222222
			7.44444444444445	-8.22222222222222
			7.44444444444445	-8.21367521367521
			7.44444444444445	-8.20512820512821
			7.45299145299145	-8.1965811965812
			7.45299145299145	-8.18803418803419
			7.46153846153846	-8.17948717948718
			7.46153846153846	-8.17094017094017
			7.46153846153846	-8.16239316239316
			7.47008547008547	-8.15384615384616
			7.47008547008547	-8.14529914529915
			7.47863247863248	-8.13675213675214
			7.47863247863248	-8.12820512820513
			7.48717948717949	-8.11965811965812
			7.48717948717949	-8.11111111111111
			7.48717948717949	-8.1025641025641
			7.4957264957265	-8.0940170940171
			7.4957264957265	-8.08547008547009
			7.50427350427351	-8.07692307692308
			7.50427350427351	-8.06837606837607
			7.51282051282051	-8.05982905982906
			7.51282051282051	-8.05128205128205
			7.52136752136752	-8.04273504273504
			7.52136752136752	-8.03418803418804
			7.52991452991453	-8.02564102564103
			7.52991452991453	-8.01709401709402
			7.53846153846154	-8.00854700854701
			7.53846153846154	-8
			7.54700854700855	-7.99145299145299
			7.54700854700855	-7.98290598290598
			7.54700854700855	-7.97435897435898
			7.55555555555556	-7.96581196581197
			7.56410256410256	-7.95726495726496
			7.56410256410256	-7.94871794871795
			7.57264957264957	-7.94017094017094
			7.57264957264957	-7.93162393162393
			7.58119658119658	-7.92307692307692
			7.58119658119658	-7.91452991452992
			7.58974358974359	-7.90598290598291
			7.58974358974359	-7.8974358974359
			7.58974358974359	-7.88888888888889
			7.5982905982906	-7.88888888888889
			7.5982905982906	-7.88034188034188
			7.5982905982906	-7.87179487179487
			7.60683760683761	-7.87179487179487
			7.60683760683761	-7.86324786324786
			7.61538461538462	-7.85470085470086
			7.61538461538462	-7.84615384615385
			7.62393162393162	-7.83760683760684
			7.62393162393162	-7.82905982905983
			7.62393162393162	-7.82051282051282
			7.63247863247863	-7.82051282051282
			7.63247863247863	-7.81196581196581
			7.64102564102564	-7.8034188034188
			7.64102564102564	-7.7948717948718
			7.64957264957265	-7.7948717948718
			7.64957264957265	-7.78632478632479
			7.64957264957265	-7.77777777777778
			7.65811965811966	-7.76923076923077
			7.66666666666667	-7.76068376068376
			7.66666666666667	-7.75213675213675
			7.67521367521368	-7.74358974358974
			7.67521367521368	-7.73504273504274
			7.68376068376068	-7.72649572649573
			7.68376068376068	-7.71794871794872
			7.69230769230769	-7.71794871794872
			7.69230769230769	-7.70940170940171
			7.7008547008547	-7.7008547008547
			7.7008547008547	-7.69230769230769
			7.70940170940171	-7.68376068376068
		</curveLM12>
	</curves.scaled>
	<ruler.points type=matrix rownames=TRUE colnames=FALSE nrow=5 ncol=2 as.numeric=TRUE >
		Ruler point 1	434	1409
		Ruler point 2	551	1409
		Ruler point 3	668	1409
		Ruler point 4	785	1409
		Ruler point 5	903	1409
	</ruler.points>
</shapes>

