<shapes type=list>
	<ruler.pixel type=vector names=FALSE length=1 as.numeric=TRUE >117</ruler.pixel>
	<ruler.interval type=vector names=FALSE length=1 as.numeric=TRUE >1</ruler.interval>
	<scaling.units type=vector names=FALSE length=1 as.numeric=FALSE >cm</scaling.units>
	<scaling type=vector names=FALSE length=1 as.numeric=TRUE >0.00854700854700855</scaling>
	<landmarks.pixel type=matrix rownames=TRUE colnames=FALSE nrow=6 ncol=2 as.numeric=TRUE >
		LM01	901	779
		LM02	992	1177
		LM03	932	1123
		LM04	901	1193
		LM05	870	1119
		LM06	809	1166
	</landmarks.pixel>
	<landmarks.scaled type=matrix rownames=TRUE colnames=FALSE nrow=6 ncol=2 as.numeric=TRUE >
		LM01	7.7008547008547	-6.65811965811966
		LM02	8.47863247863248	-10.0598290598291
		LM03	7.96581196581197	-9.5982905982906
		LM04	7.7008547008547	-10.1965811965812
		LM05	7.43589743589744	-9.56410256410257
		LM06	6.91452991452991	-9.96581196581197
	</landmarks.scaled>
	<curves.control type=list>
		<curveLM07 type=matrix rownames=FALSE colnames=FALSE nrow=7 ncol=2 as.numeric=TRUE >
			901	779
			951	864
			970	980
			1001	1095
			997	1122
			1003	1172
			992	1177
		</curveLM07>
		<curveLM08 type=matrix rownames=FALSE colnames=FALSE nrow=5 ncol=2 as.numeric=TRUE >
			992	1177
			982	1178
			966	1146
			941	1122
			932	1123
		</curveLM08>
		<curveLM09 type=matrix rownames=FALSE colnames=FALSE nrow=5 ncol=2 as.numeric=TRUE >
			932	1123
			923	1128
			919	1170
			912	1196
			901	1193
		</curveLM09>
		<curveLM10 type=matrix rownames=FALSE colnames=FALSE nrow=5 ncol=2 as.numeric=TRUE >
			901	1193
			886	1190
			881	1152
			879	1122
			870	1119
		</curveLM10>
		<curveLM11 type=matrix rownames=FALSE colnames=FALSE nrow=5 ncol=2 as.numeric=TRUE >
			870	1119
			862	1121
			841	1141
			815	1172
			809	1166
		</curveLM11>
		<curveLM12 type=matrix rownames=FALSE colnames=FALSE nrow=5 ncol=2 as.numeric=TRUE >
			809	1166
			797	1149
			832	984
			839	904
			901	779
		</curveLM12>
	</curves.control>
	<curves.pixel type=list>
		<curveLM07 type=matrix rownames=FALSE colnames=FALSE nrow=406 ncol=2 as.numeric=TRUE >
			901	779
			902	780
			902	781
			903	782
			903	783
			904	784
			905	785
			905	786
			906	787
			906	788
			907	789
			907	790
			908	791
			909	792
			909	793
			910	794
			910	795
			911	796
			911	797
			912	798
			912	799
			913	800
			913	801
			914	802
			914	803
			915	804
			915	805
			916	806
			916	807
			917	808
			917	809
			918	810
			918	811
			919	812
			919	813
			920	814
			920	815
			921	816
			921	817
			921	818
			922	819
			922	820
			923	821
			923	822
			924	823
			924	824
			925	825
			925	826
			926	827
			926	828
			926	829
			927	830
			927	831
			928	832
			928	833
			929	834
			929	835
			930	836
			930	837
			930	838
			931	839
			931	840
			932	841
			932	842
			933	843
			933	844
			933	845
			934	846
			934	847
			935	848
			935	849
			935	850
			936	851
			936	852
			937	853
			937	854
			937	855
			938	856
			938	857
			938	858
			939	859
			939	860
			939	861
			940	862
			940	863
			940	864
			941	865
			941	866
			941	867
			942	868
			942	869
			943	870
			943	871
			943	872
			944	873
			944	874
			944	875
			945	876
			945	877
			945	878
			946	879
			946	880
			946	881
			947	882
			947	883
			947	884
			948	885
			948	886
			948	887
			949	888
			949	889
			949	890
			950	891
			950	892
			950	893
			950	894
			951	895
			951	896
			951	897
			952	898
			952	899
			952	900
			953	901
			953	902
			953	903
			953	904
			954	905
			954	906
			954	907
			955	908
			955	909
			955	910
			955	911
			956	912
			956	913
			956	914
			956	915
			957	916
			957	917
			957	918
			957	919
			958	920
			958	921
			958	922
			958	923
			959	924
			959	925
			959	926
			959	927
			959	928
			960	929
			960	930
			960	931
			961	932
			961	933
			961	934
			961	935
			961	936
			962	937
			962	938
			962	939
			962	940
			963	941
			963	942
			963	943
			963	944
			963	945
			964	946
			964	947
			964	948
			964	949
			964	950
			965	951
			965	952
			965	953
			965	954
			965	955
			966	956
			966	957
			966	958
			966	959
			967	960
			967	961
			967	962
			967	963
			967	964
			967	965
			968	966
			968	967
			968	968
			968	969
			968	970
			968	971
			969	971
			969	972
			969	973
			969	974
			969	975
			969	976
			969	977
			970	977
			970	978
			970	979
			970	980
			970	981
			970	982
			971	983
			971	984
			971	985
			972	986
			972	987
			972	988
			972	989
			973	990
			973	991
			973	992
			974	993
			974	994
			974	995
			974	996
			975	997
			975	998
			975	999
			975	1000
			976	1001
			976	1002
			976	1003
			976	1004
			977	1005
			977	1006
			977	1007
			977	1008
			978	1009
			978	1010
			978	1011
			978	1012
			979	1013
			979	1014
			979	1015
			979	1016
			980	1017
			980	1018
			980	1019
			980	1020
			981	1021
			981	1022
			981	1023
			981	1024
			982	1025
			982	1026
			982	1027
			982	1028
			983	1029
			983	1030
			983	1031
			983	1032
			984	1033
			984	1034
			984	1035
			984	1036
			985	1037
			985	1038
			985	1039
			985	1040
			985	1041
			986	1041
			986	1042
			986	1043
			986	1044
			986	1045
			987	1046
			987	1047
			987	1048
			987	1049
			987	1050
			988	1051
			988	1052
			988	1053
			988	1054
			989	1055
			989	1056
			989	1057
			989	1058
			989	1059
			990	1060
			990	1061
			990	1062
			990	1063
			990	1064
			991	1065
			991	1066
			991	1067
			991	1068
			992	1069
			992	1070
			992	1071
			992	1072
			992	1073
			992	1074
			993	1075
			993	1076
			993	1077
			993	1078
			993	1079
			994	1080
			994	1081
			994	1082
			994	1083
			994	1084
			994	1085
			995	1086
			995	1087
			995	1088
			995	1089
			995	1090
			995	1091
			996	1092
			996	1093
			996	1094
			996	1095
			996	1096
			996	1097
			996	1098
			996	1099
			996	1100
			997	1101
			997	1102
			997	1103
			997	1104
			997	1105
			997	1106
			997	1107
			997	1108
			997	1109
			997	1110
			997	1111
			997	1112
			997	1113
			997	1114
			997	1115
			997	1116
			997	1117
			997	1118
			997	1119
			997	1120
			997	1121
			997	1122
			997	1123
			997	1124
			997	1125
			997	1126
			998	1127
			998	1128
			998	1129
			998	1130
			998	1131
			998	1132
			998	1133
			998	1134
			998	1135
			998	1136
			998	1137
			999	1138
			999	1139
			999	1140
			999	1141
			999	1142
			999	1143
			999	1144
			999	1145
			999	1146
			999	1147
			999	1148
			999	1149
			999	1150
			999	1151
			999	1152
			999	1153
			999	1154
			999	1155
			999	1156
			999	1157
			999	1158
			999	1159
			999	1160
			999	1161
			999	1162
			998	1163
			998	1164
			998	1165
			998	1166
			998	1167
			998	1168
			997	1169
			997	1170
			997	1171
			997	1172
			996	1172
			996	1173
			996	1174
			995	1174
			995	1175
			994	1175
			994	1176
			993	1176
			992	1177
		</curveLM07>
		<curveLM08 type=matrix rownames=FALSE colnames=FALSE nrow=77 ncol=2 as.numeric=TRUE >
			992	1177
			991	1177
			990	1177
			989	1177
			988	1176
			987	1176
			986	1175
			985	1174
			984	1173
			983	1173
			983	1172
			982	1171
			981	1170
			980	1170
			980	1169
			979	1168
			978	1167
			977	1166
			977	1165
			976	1164
			976	1163
			975	1163
			975	1162
			974	1161
			974	1160
			973	1160
			973	1159
			972	1158
			972	1157
			971	1156
			971	1155
			970	1154
			970	1153
			969	1152
			969	1151
			968	1150
			968	1149
			967	1148
			967	1147
			966	1146
			965	1145
			964	1144
			963	1143
			962	1142
			961	1141
			960	1140
			959	1139
			958	1139
			957	1138
			956	1137
			955	1136
			954	1135
			953	1135
			953	1134
			952	1133
			951	1133
			950	1132
			949	1131
			948	1130
			947	1130
			946	1129
			945	1128
			944	1128
			944	1127
			943	1127
			942	1126
			941	1126
			941	1125
			940	1125
			939	1125
			938	1124
			937	1124
			936	1123
			935	1123
			934	1123
			933	1123
			932	1123
		</curveLM08>
		<curveLM09 type=matrix rownames=FALSE colnames=FALSE nrow=84 ncol=2 as.numeric=TRUE >
			932	1123
			931	1124
			930	1124
			929	1125
			929	1126
			928	1127
			928	1128
			927	1129
			927	1130
			926	1131
			926	1132
			926	1133
			925	1134
			925	1135
			925	1136
			924	1137
			924	1138
			924	1139
			924	1140
			923	1140
			923	1141
			923	1142
			923	1143
			923	1144
			922	1145
			922	1146
			922	1147
			922	1148
			922	1149
			922	1150
			921	1150
			921	1151
			921	1152
			921	1153
			921	1154
			921	1155
			921	1156
			920	1157
			920	1158
			920	1159
			920	1160
			920	1161
			920	1162
			920	1163
			920	1164
			920	1165
			919	1166
			919	1167
			919	1168
			919	1169
			919	1170
			919	1171
			918	1172
			918	1173
			918	1174
			917	1175
			917	1176
			917	1177
			917	1178
			916	1179
			916	1180
			915	1181
			915	1182
			915	1183
			914	1183
			914	1184
			914	1185
			913	1185
			913	1186
			912	1187
			912	1188
			911	1189
			910	1189
			910	1190
			909	1191
			908	1191
			908	1192
			907	1192
			906	1193
			905	1193
			904	1193
			903	1193
			902	1193
			901	1193
		</curveLM09>
		<curveLM10 type=matrix rownames=FALSE colnames=FALSE nrow=83 ncol=2 as.numeric=TRUE >
			901	1193
			900	1193
			899	1192
			898	1192
			897	1191
			896	1191
			895	1190
			894	1189
			893	1188
			892	1187
			891	1186
			891	1185
			890	1184
			889	1183
			889	1182
			888	1181
			888	1180
			888	1179
			887	1178
			887	1177
			886	1176
			886	1175
			886	1174
			885	1173
			885	1172
			885	1171
			884	1170
			884	1169
			884	1168
			884	1167
			884	1166
			883	1166
			883	1165
			883	1164
			883	1163
			883	1162
			882	1161
			882	1160
			882	1159
			882	1158
			882	1157
			881	1156
			881	1155
			881	1154
			881	1153
			881	1152
			881	1151
			881	1150
			881	1149
			881	1148
			881	1147
			880	1146
			880	1145
			880	1144
			880	1143
			880	1142
			880	1141
			880	1140
			880	1139
			879	1138
			879	1137
			879	1136
			879	1135
			879	1134
			878	1133
			878	1132
			878	1131
			878	1130
			877	1129
			877	1128
			877	1127
			876	1127
			876	1126
			876	1125
			875	1125
			875	1124
			875	1123
			874	1123
			874	1122
			873	1121
			872	1120
			871	1119
			870	1119
		</curveLM10>
		<curveLM11 type=matrix rownames=FALSE colnames=FALSE nrow=72 ncol=2 as.numeric=TRUE >
			870	1119
			869	1119
			868	1120
			867	1120
			866	1121
			865	1121
			864	1122
			863	1123
			862	1123
			861	1124
			860	1124
			859	1125
			859	1126
			858	1126
			857	1127
			856	1128
			855	1129
			854	1129
			853	1130
			852	1131
			851	1132
			850	1133
			849	1134
			848	1135
			847	1135
			847	1136
			846	1136
			845	1137
			844	1138
			843	1139
			842	1140
			841	1141
			840	1142
			839	1143
			838	1144
			838	1145
			837	1146
			836	1146
			836	1147
			835	1148
			834	1149
			833	1150
			832	1151
			831	1152
			831	1153
			830	1153
			829	1154
			829	1155
			828	1155
			827	1156
			827	1157
			826	1157
			826	1158
			825	1158
			824	1159
			824	1160
			823	1160
			823	1161
			822	1161
			821	1162
			820	1163
			819	1163
			818	1164
			817	1165
			816	1165
			815	1166
			814	1166
			813	1167
			812	1167
			811	1167
			810	1167
			809	1166
		</curveLM11>
		<curveLM12 type=matrix rownames=FALSE colnames=FALSE nrow=398 ncol=2 as.numeric=TRUE >
			809	1166
			809	1165
			808	1164
			808	1163
			807	1162
			807	1161
			807	1160
			807	1159
			807	1158
			806	1157
			806	1156
			806	1155
			806	1154
			806	1153
			806	1152
			806	1151
			806	1150
			806	1149
			806	1148
			806	1147
			806	1146
			806	1145
			806	1144
			806	1143
			806	1142
			806	1141
			806	1140
			806	1139
			806	1138
			806	1137
			806	1136
			806	1135
			806	1134
			807	1133
			807	1132
			807	1131
			807	1130
			807	1129
			807	1128
			807	1127
			807	1126
			807	1125
			807	1124
			808	1123
			808	1122
			808	1121
			808	1120
			808	1119
			808	1118
			808	1117
			808	1116
			808	1115
			809	1114
			809	1113
			809	1112
			809	1111
			809	1110
			809	1109
			809	1108
			809	1107
			810	1106
			810	1105
			810	1104
			810	1103
			810	1102
			810	1101
			810	1100
			810	1099
			811	1098
			811	1097
			811	1096
			811	1095
			811	1094
			811	1093
			812	1092
			812	1091
			812	1090
			812	1089
			812	1088
			812	1087
			813	1086
			813	1085
			813	1084
			813	1083
			813	1082
			813	1081
			814	1080
			814	1079
			814	1078
			814	1077
			814	1076
			814	1075
			815	1074
			815	1073
			815	1072
			815	1071
			815	1070
			815	1069
			816	1068
			816	1067
			816	1066
			816	1065
			816	1064
			816	1063
			817	1062
			817	1061
			817	1060
			817	1059
			817	1058
			818	1057
			818	1056
			818	1055
			818	1054
			818	1053
			818	1052
			819	1051
			819	1050
			819	1049
			819	1048
			819	1047
			820	1046
			820	1045
			820	1044
			820	1043
			820	1042
			820	1041
			821	1040
			821	1039
			821	1038
			821	1037
			821	1036
			822	1035
			822	1034
			822	1033
			822	1032
			822	1031
			823	1030
			823	1029
			823	1028
			823	1027
			823	1026
			824	1025
			824	1024
			824	1023
			824	1022
			824	1021
			825	1020
			825	1019
			825	1018
			825	1017
			825	1016
			826	1015
			826	1014
			826	1013
			826	1012
			826	1011
			827	1010
			827	1009
			827	1008
			827	1007
			827	1006
			828	1005
			828	1004
			828	1003
			828	1002
			828	1001
			829	1000
			829	999
			829	998
			829	997
			829	996
			830	995
			830	994
			830	993
			830	992
			830	991
			831	990
			831	989
			831	988
			831	987
			831	986
			832	985
			832	984
			832	983
			832	982
			832	981
			832	980
			832	979
			833	978
			833	977
			833	976
			833	975
			833	974
			833	973
			833	972
			833	971
			834	970
			834	969
			834	968
			834	967
			834	966
			834	965
			835	964
			835	963
			835	962
			835	961
			835	960
			835	959
			836	958
			836	957
			836	956
			836	955
			836	954
			836	953
			837	952
			837	951
			837	950
			837	949
			837	948
			838	947
			838	946
			838	945
			838	944
			838	943
			839	942
			839	941
			839	940
			839	939
			840	938
			840	937
			840	936
			840	935
			841	934
			841	933
			841	932
			841	931
			842	930
			842	929
			842	928
			842	927
			843	926
			843	925
			843	924
			843	923
			844	922
			844	921
			844	920
			845	919
			845	918
			845	917
			845	916
			846	915
			846	914
			846	913
			847	912
			847	911
			847	910
			848	909
			848	908
			848	907
			849	906
			849	905
			849	904
			849	903
			850	902
			850	901
			850	900
			851	899
			851	898
			851	897
			852	896
			852	895
			852	894
			853	893
			853	892
			853	891
			854	890
			854	889
			854	888
			855	887
			855	886
			855	885
			856	884
			856	883
			856	882
			857	881
			857	880
			857	879
			858	879
			858	878
			858	877
			859	876
			859	875
			860	874
			860	873
			860	872
			861	871
			861	870
			861	869
			862	868
			862	867
			863	866
			863	865
			863	864
			864	863
			864	862
			864	861
			865	860
			865	859
			866	858
			866	857
			866	856
			867	855
			867	854
			868	853
			868	852
			869	851
			869	850
			869	849
			870	848
			870	847
			871	846
			871	845
			871	844
			871	843
			872	843
			872	842
			872	841
			873	840
			873	839
			874	838
			874	837
			875	836
			875	835
			875	834
			876	833
			876	832
			877	832
			877	831
			877	830
			878	829
			878	828
			879	827
			879	826
			879	825
			880	824
			880	823
			881	822
			881	821
			881	820
			882	819
			883	818
			883	817
			883	816
			884	816
			884	815
			884	814
			885	814
			885	813
			885	812
			885	811
			886	811
			886	810
			886	809
			887	809
			887	808
			887	807
			888	807
			888	806
			888	805
			889	805
			889	804
			889	803
			890	803
			890	802
			890	801
			891	800
			891	799
			892	798
			892	797
			893	796
			893	795
			894	794
			894	793
			895	792
			895	791
			896	790
			896	789
			897	788
			897	787
			898	786
			898	785
			899	784
			899	783
			900	782
			900	781
			901	780
			901	779
		</curveLM12>
	</curves.pixel>
	<curves.scaled type=list>
		<curveLM07 type=matrix rownames=FALSE colnames=FALSE nrow=406 ncol=2 as.numeric=TRUE >
			7.7008547008547	-6.65811965811966
			7.70940170940171	-6.66666666666667
			7.70940170940171	-6.67521367521368
			7.71794871794872	-6.68376068376068
			7.71794871794872	-6.69230769230769
			7.72649572649573	-6.7008547008547
			7.73504273504274	-6.70940170940171
			7.73504273504274	-6.71794871794872
			7.74358974358974	-6.72649572649573
			7.74358974358974	-6.73504273504274
			7.75213675213675	-6.74358974358974
			7.75213675213675	-6.75213675213675
			7.76068376068376	-6.76068376068376
			7.76923076923077	-6.76923076923077
			7.76923076923077	-6.77777777777778
			7.77777777777778	-6.78632478632479
			7.77777777777778	-6.7948717948718
			7.78632478632479	-6.8034188034188
			7.78632478632479	-6.81196581196581
			7.7948717948718	-6.82051282051282
			7.7948717948718	-6.82905982905983
			7.8034188034188	-6.83760683760684
			7.8034188034188	-6.84615384615385
			7.81196581196581	-6.85470085470086
			7.81196581196581	-6.86324786324786
			7.82051282051282	-6.87179487179487
			7.82051282051282	-6.88034188034188
			7.82905982905983	-6.88888888888889
			7.82905982905983	-6.8974358974359
			7.83760683760684	-6.90598290598291
			7.83760683760684	-6.91452991452991
			7.84615384615385	-6.92307692307692
			7.84615384615385	-6.93162393162393
			7.85470085470086	-6.94017094017094
			7.85470085470086	-6.94871794871795
			7.86324786324786	-6.95726495726496
			7.86324786324786	-6.96581196581197
			7.87179487179487	-6.97435897435898
			7.87179487179487	-6.98290598290598
			7.87179487179487	-6.99145299145299
			7.88034188034188	-7
			7.88034188034188	-7.00854700854701
			7.88888888888889	-7.01709401709402
			7.88888888888889	-7.02564102564103
			7.8974358974359	-7.03418803418803
			7.8974358974359	-7.04273504273504
			7.90598290598291	-7.05128205128205
			7.90598290598291	-7.05982905982906
			7.91452991452992	-7.06837606837607
			7.91452991452992	-7.07692307692308
			7.91452991452992	-7.08547008547009
			7.92307692307692	-7.09401709401709
			7.92307692307692	-7.1025641025641
			7.93162393162393	-7.11111111111111
			7.93162393162393	-7.11965811965812
			7.94017094017094	-7.12820512820513
			7.94017094017094	-7.13675213675214
			7.94871794871795	-7.14529914529915
			7.94871794871795	-7.15384615384615
			7.94871794871795	-7.16239316239316
			7.95726495726496	-7.17094017094017
			7.95726495726496	-7.17948717948718
			7.96581196581197	-7.18803418803419
			7.96581196581197	-7.1965811965812
			7.97435897435898	-7.20512820512821
			7.97435897435898	-7.21367521367521
			7.97435897435898	-7.22222222222222
			7.98290598290598	-7.23076923076923
			7.98290598290598	-7.23931623931624
			7.99145299145299	-7.24786324786325
			7.99145299145299	-7.25641025641026
			7.99145299145299	-7.26495726495727
			8	-7.27350427350427
			8	-7.28205128205128
			8.00854700854701	-7.29059829059829
			8.00854700854701	-7.2991452991453
			8.00854700854701	-7.30769230769231
			8.01709401709402	-7.31623931623932
			8.01709401709402	-7.32478632478633
			8.01709401709402	-7.33333333333333
			8.02564102564103	-7.34188034188034
			8.02564102564103	-7.35042735042735
			8.02564102564103	-7.35897435897436
			8.03418803418804	-7.36752136752137
			8.03418803418804	-7.37606837606838
			8.03418803418804	-7.38461538461539
			8.04273504273504	-7.39316239316239
			8.04273504273504	-7.4017094017094
			8.04273504273504	-7.41025641025641
			8.05128205128205	-7.41880341880342
			8.05128205128205	-7.42735042735043
			8.05982905982906	-7.43589743589744
			8.05982905982906	-7.44444444444445
			8.05982905982906	-7.45299145299145
			8.06837606837607	-7.46153846153846
			8.06837606837607	-7.47008547008547
			8.06837606837607	-7.47863247863248
			8.07692307692308	-7.48717948717949
			8.07692307692308	-7.4957264957265
			8.07692307692308	-7.50427350427351
			8.08547008547009	-7.51282051282051
			8.08547008547009	-7.52136752136752
			8.08547008547009	-7.52991452991453
			8.0940170940171	-7.53846153846154
			8.0940170940171	-7.54700854700855
			8.0940170940171	-7.55555555555556
			8.1025641025641	-7.56410256410256
			8.1025641025641	-7.57264957264957
			8.1025641025641	-7.58119658119658
			8.11111111111111	-7.58974358974359
			8.11111111111111	-7.5982905982906
			8.11111111111111	-7.60683760683761
			8.11965811965812	-7.61538461538462
			8.11965811965812	-7.62393162393162
			8.11965811965812	-7.63247863247863
			8.11965811965812	-7.64102564102564
			8.12820512820513	-7.64957264957265
			8.12820512820513	-7.65811965811966
			8.12820512820513	-7.66666666666667
			8.13675213675214	-7.67521367521368
			8.13675213675214	-7.68376068376068
			8.13675213675214	-7.69230769230769
			8.14529914529915	-7.7008547008547
			8.14529914529915	-7.70940170940171
			8.14529914529915	-7.71794871794872
			8.14529914529915	-7.72649572649573
			8.15384615384616	-7.73504273504274
			8.15384615384616	-7.74358974358974
			8.15384615384616	-7.75213675213675
			8.16239316239316	-7.76068376068376
			8.16239316239316	-7.76923076923077
			8.16239316239316	-7.77777777777778
			8.16239316239316	-7.78632478632479
			8.17094017094017	-7.7948717948718
			8.17094017094017	-7.8034188034188
			8.17094017094017	-7.81196581196581
			8.17094017094017	-7.82051282051282
			8.17948717948718	-7.82905982905983
			8.17948717948718	-7.83760683760684
			8.17948717948718	-7.84615384615385
			8.17948717948718	-7.85470085470086
			8.18803418803419	-7.86324786324786
			8.18803418803419	-7.87179487179487
			8.18803418803419	-7.88034188034188
			8.18803418803419	-7.88888888888889
			8.1965811965812	-7.8974358974359
			8.1965811965812	-7.90598290598291
			8.1965811965812	-7.91452991452992
			8.1965811965812	-7.92307692307692
			8.1965811965812	-7.93162393162393
			8.20512820512821	-7.94017094017094
			8.20512820512821	-7.94871794871795
			8.20512820512821	-7.95726495726496
			8.21367521367521	-7.96581196581197
			8.21367521367521	-7.97435897435898
			8.21367521367521	-7.98290598290598
			8.21367521367521	-7.99145299145299
			8.21367521367521	-8
			8.22222222222222	-8.00854700854701
			8.22222222222222	-8.01709401709402
			8.22222222222222	-8.02564102564103
			8.22222222222222	-8.03418803418804
			8.23076923076923	-8.04273504273504
			8.23076923076923	-8.05128205128205
			8.23076923076923	-8.05982905982906
			8.23076923076923	-8.06837606837607
			8.23076923076923	-8.07692307692308
			8.23931623931624	-8.08547008547009
			8.23931623931624	-8.0940170940171
			8.23931623931624	-8.1025641025641
			8.23931623931624	-8.11111111111111
			8.23931623931624	-8.11965811965812
			8.24786324786325	-8.12820512820513
			8.24786324786325	-8.13675213675214
			8.24786324786325	-8.14529914529915
			8.24786324786325	-8.15384615384616
			8.24786324786325	-8.16239316239316
			8.25641025641026	-8.17094017094017
			8.25641025641026	-8.17948717948718
			8.25641025641026	-8.18803418803419
			8.25641025641026	-8.1965811965812
			8.26495726495727	-8.20512820512821
			8.26495726495727	-8.21367521367521
			8.26495726495727	-8.22222222222222
			8.26495726495727	-8.23076923076923
			8.26495726495727	-8.23931623931624
			8.26495726495727	-8.24786324786325
			8.27350427350427	-8.25641025641026
			8.27350427350427	-8.26495726495727
			8.27350427350427	-8.27350427350427
			8.27350427350427	-8.28205128205128
			8.27350427350427	-8.29059829059829
			8.27350427350427	-8.2991452991453
			8.28205128205128	-8.2991452991453
			8.28205128205128	-8.30769230769231
			8.28205128205128	-8.31623931623932
			8.28205128205128	-8.32478632478633
			8.28205128205128	-8.33333333333333
			8.28205128205128	-8.34188034188034
			8.28205128205128	-8.35042735042735
			8.29059829059829	-8.35042735042735
			8.29059829059829	-8.35897435897436
			8.29059829059829	-8.36752136752137
			8.29059829059829	-8.37606837606838
			8.29059829059829	-8.38461538461539
			8.29059829059829	-8.39316239316239
			8.2991452991453	-8.4017094017094
			8.2991452991453	-8.41025641025641
			8.2991452991453	-8.41880341880342
			8.30769230769231	-8.42735042735043
			8.30769230769231	-8.43589743589744
			8.30769230769231	-8.44444444444444
			8.30769230769231	-8.45299145299145
			8.31623931623932	-8.46153846153846
			8.31623931623932	-8.47008547008547
			8.31623931623932	-8.47863247863248
			8.32478632478633	-8.48717948717949
			8.32478632478633	-8.4957264957265
			8.32478632478633	-8.5042735042735
			8.32478632478633	-8.51282051282051
			8.33333333333333	-8.52136752136752
			8.33333333333333	-8.52991452991453
			8.33333333333333	-8.53846153846154
			8.33333333333333	-8.54700854700855
			8.34188034188034	-8.55555555555556
			8.34188034188034	-8.56410256410257
			8.34188034188034	-8.57264957264957
			8.34188034188034	-8.58119658119658
			8.35042735042735	-8.58974358974359
			8.35042735042735	-8.5982905982906
			8.35042735042735	-8.60683760683761
			8.35042735042735	-8.61538461538462
			8.35897435897436	-8.62393162393163
			8.35897435897436	-8.63247863247863
			8.35897435897436	-8.64102564102564
			8.35897435897436	-8.64957264957265
			8.36752136752137	-8.65811965811966
			8.36752136752137	-8.66666666666667
			8.36752136752137	-8.67521367521368
			8.36752136752137	-8.68376068376068
			8.37606837606838	-8.69230769230769
			8.37606837606838	-8.7008547008547
			8.37606837606838	-8.70940170940171
			8.37606837606838	-8.71794871794872
			8.38461538461539	-8.72649572649573
			8.38461538461539	-8.73504273504274
			8.38461538461539	-8.74358974358974
			8.38461538461539	-8.75213675213675
			8.39316239316239	-8.76068376068376
			8.39316239316239	-8.76923076923077
			8.39316239316239	-8.77777777777778
			8.39316239316239	-8.78632478632479
			8.4017094017094	-8.7948717948718
			8.4017094017094	-8.8034188034188
			8.4017094017094	-8.81196581196581
			8.4017094017094	-8.82051282051282
			8.41025641025641	-8.82905982905983
			8.41025641025641	-8.83760683760684
			8.41025641025641	-8.84615384615385
			8.41025641025641	-8.85470085470086
			8.41880341880342	-8.86324786324786
			8.41880341880342	-8.87179487179487
			8.41880341880342	-8.88034188034188
			8.41880341880342	-8.88888888888889
			8.41880341880342	-8.8974358974359
			8.42735042735043	-8.8974358974359
			8.42735042735043	-8.90598290598291
			8.42735042735043	-8.91452991452991
			8.42735042735043	-8.92307692307692
			8.42735042735043	-8.93162393162393
			8.43589743589744	-8.94017094017094
			8.43589743589744	-8.94871794871795
			8.43589743589744	-8.95726495726496
			8.43589743589744	-8.96581196581197
			8.43589743589744	-8.97435897435897
			8.44444444444444	-8.98290598290598
			8.44444444444444	-8.99145299145299
			8.44444444444444	-9
			8.44444444444444	-9.00854700854701
			8.45299145299145	-9.01709401709402
			8.45299145299145	-9.02564102564103
			8.45299145299145	-9.03418803418804
			8.45299145299145	-9.04273504273504
			8.45299145299145	-9.05128205128205
			8.46153846153846	-9.05982905982906
			8.46153846153846	-9.06837606837607
			8.46153846153846	-9.07692307692308
			8.46153846153846	-9.08547008547009
			8.46153846153846	-9.0940170940171
			8.47008547008547	-9.1025641025641
			8.47008547008547	-9.11111111111111
			8.47008547008547	-9.11965811965812
			8.47008547008547	-9.12820512820513
			8.47863247863248	-9.13675213675214
			8.47863247863248	-9.14529914529915
			8.47863247863248	-9.15384615384616
			8.47863247863248	-9.16239316239316
			8.47863247863248	-9.17094017094017
			8.47863247863248	-9.17948717948718
			8.48717948717949	-9.18803418803419
			8.48717948717949	-9.1965811965812
			8.48717948717949	-9.20512820512821
			8.48717948717949	-9.21367521367521
			8.48717948717949	-9.22222222222222
			8.4957264957265	-9.23076923076923
			8.4957264957265	-9.23931623931624
			8.4957264957265	-9.24786324786325
			8.4957264957265	-9.25641025641026
			8.4957264957265	-9.26495726495727
			8.4957264957265	-9.27350427350427
			8.5042735042735	-9.28205128205128
			8.5042735042735	-9.29059829059829
			8.5042735042735	-9.2991452991453
			8.5042735042735	-9.30769230769231
			8.5042735042735	-9.31623931623932
			8.5042735042735	-9.32478632478633
			8.51282051282051	-9.33333333333333
			8.51282051282051	-9.34188034188034
			8.51282051282051	-9.35042735042735
			8.51282051282051	-9.35897435897436
			8.51282051282051	-9.36752136752137
			8.51282051282051	-9.37606837606838
			8.51282051282051	-9.38461538461539
			8.51282051282051	-9.39316239316239
			8.51282051282051	-9.4017094017094
			8.52136752136752	-9.41025641025641
			8.52136752136752	-9.41880341880342
			8.52136752136752	-9.42735042735043
			8.52136752136752	-9.43589743589744
			8.52136752136752	-9.44444444444444
			8.52136752136752	-9.45299145299145
			8.52136752136752	-9.46153846153846
			8.52136752136752	-9.47008547008547
			8.52136752136752	-9.47863247863248
			8.52136752136752	-9.48717948717949
			8.52136752136752	-9.4957264957265
			8.52136752136752	-9.50427350427351
			8.52136752136752	-9.51282051282051
			8.52136752136752	-9.52136752136752
			8.52136752136752	-9.52991452991453
			8.52136752136752	-9.53846153846154
			8.52136752136752	-9.54700854700855
			8.52136752136752	-9.55555555555556
			8.52136752136752	-9.56410256410257
			8.52136752136752	-9.57264957264957
			8.52136752136752	-9.58119658119658
			8.52136752136752	-9.58974358974359
			8.52136752136752	-9.5982905982906
			8.52136752136752	-9.60683760683761
			8.52136752136752	-9.61538461538462
			8.52136752136752	-9.62393162393163
			8.52991452991453	-9.63247863247863
			8.52991452991453	-9.64102564102564
			8.52991452991453	-9.64957264957265
			8.52991452991453	-9.65811965811966
			8.52991452991453	-9.66666666666667
			8.52991452991453	-9.67521367521368
			8.52991452991453	-9.68376068376068
			8.52991452991453	-9.69230769230769
			8.52991452991453	-9.7008547008547
			8.52991452991453	-9.70940170940171
			8.52991452991453	-9.71794871794872
			8.53846153846154	-9.72649572649573
			8.53846153846154	-9.73504273504274
			8.53846153846154	-9.74358974358974
			8.53846153846154	-9.75213675213675
			8.53846153846154	-9.76068376068376
			8.53846153846154	-9.76923076923077
			8.53846153846154	-9.77777777777778
			8.53846153846154	-9.78632478632479
			8.53846153846154	-9.7948717948718
			8.53846153846154	-9.8034188034188
			8.53846153846154	-9.81196581196581
			8.53846153846154	-9.82051282051282
			8.53846153846154	-9.82905982905983
			8.53846153846154	-9.83760683760684
			8.53846153846154	-9.84615384615385
			8.53846153846154	-9.85470085470086
			8.53846153846154	-9.86324786324786
			8.53846153846154	-9.87179487179487
			8.53846153846154	-9.88034188034188
			8.53846153846154	-9.88888888888889
			8.53846153846154	-9.8974358974359
			8.53846153846154	-9.90598290598291
			8.53846153846154	-9.91452991452991
			8.53846153846154	-9.92307692307692
			8.53846153846154	-9.93162393162393
			8.52991452991453	-9.94017094017094
			8.52991452991453	-9.94871794871795
			8.52991452991453	-9.95726495726496
			8.52991452991453	-9.96581196581197
			8.52991452991453	-9.97435897435898
			8.52991452991453	-9.98290598290598
			8.52136752136752	-9.99145299145299
			8.52136752136752	-10
			8.52136752136752	-10.008547008547
			8.52136752136752	-10.017094017094
			8.51282051282051	-10.017094017094
			8.51282051282051	-10.025641025641
			8.51282051282051	-10.034188034188
			8.5042735042735	-10.034188034188
			8.5042735042735	-10.042735042735
			8.4957264957265	-10.042735042735
			8.4957264957265	-10.0512820512821
			8.48717948717949	-10.0512820512821
			8.47863247863248	-10.0598290598291
		</curveLM07>
		<curveLM08 type=matrix rownames=FALSE colnames=FALSE nrow=77 ncol=2 as.numeric=TRUE >
			8.47863247863248	-10.0598290598291
			8.47008547008547	-10.0598290598291
			8.46153846153846	-10.0598290598291
			8.45299145299145	-10.0598290598291
			8.44444444444444	-10.0512820512821
			8.43589743589744	-10.0512820512821
			8.42735042735043	-10.042735042735
			8.41880341880342	-10.034188034188
			8.41025641025641	-10.025641025641
			8.4017094017094	-10.025641025641
			8.4017094017094	-10.017094017094
			8.39316239316239	-10.008547008547
			8.38461538461539	-10
			8.37606837606838	-10
			8.37606837606838	-9.99145299145299
			8.36752136752137	-9.98290598290598
			8.35897435897436	-9.97435897435898
			8.35042735042735	-9.96581196581197
			8.35042735042735	-9.95726495726496
			8.34188034188034	-9.94871794871795
			8.34188034188034	-9.94017094017094
			8.33333333333333	-9.94017094017094
			8.33333333333333	-9.93162393162393
			8.32478632478633	-9.92307692307692
			8.32478632478633	-9.91452991452991
			8.31623931623932	-9.91452991452991
			8.31623931623932	-9.90598290598291
			8.30769230769231	-9.8974358974359
			8.30769230769231	-9.88888888888889
			8.2991452991453	-9.88034188034188
			8.2991452991453	-9.87179487179487
			8.29059829059829	-9.86324786324786
			8.29059829059829	-9.85470085470086
			8.28205128205128	-9.84615384615385
			8.28205128205128	-9.83760683760684
			8.27350427350427	-9.82905982905983
			8.27350427350427	-9.82051282051282
			8.26495726495727	-9.81196581196581
			8.26495726495727	-9.8034188034188
			8.25641025641026	-9.7948717948718
			8.24786324786325	-9.78632478632479
			8.23931623931624	-9.77777777777778
			8.23076923076923	-9.76923076923077
			8.22222222222222	-9.76068376068376
			8.21367521367521	-9.75213675213675
			8.20512820512821	-9.74358974358974
			8.1965811965812	-9.73504273504274
			8.18803418803419	-9.73504273504274
			8.17948717948718	-9.72649572649573
			8.17094017094017	-9.71794871794872
			8.16239316239316	-9.70940170940171
			8.15384615384616	-9.7008547008547
			8.14529914529915	-9.7008547008547
			8.14529914529915	-9.69230769230769
			8.13675213675214	-9.68376068376068
			8.12820512820513	-9.68376068376068
			8.11965811965812	-9.67521367521368
			8.11111111111111	-9.66666666666667
			8.1025641025641	-9.65811965811966
			8.0940170940171	-9.65811965811966
			8.08547008547009	-9.64957264957265
			8.07692307692308	-9.64102564102564
			8.06837606837607	-9.64102564102564
			8.06837606837607	-9.63247863247863
			8.05982905982906	-9.63247863247863
			8.05128205128205	-9.62393162393163
			8.04273504273504	-9.62393162393163
			8.04273504273504	-9.61538461538462
			8.03418803418804	-9.61538461538462
			8.02564102564103	-9.61538461538462
			8.01709401709402	-9.60683760683761
			8.00854700854701	-9.60683760683761
			8	-9.5982905982906
			7.99145299145299	-9.5982905982906
			7.98290598290598	-9.5982905982906
			7.97435897435898	-9.5982905982906
			7.96581196581197	-9.5982905982906
		</curveLM08>
		<curveLM09 type=matrix rownames=FALSE colnames=FALSE nrow=84 ncol=2 as.numeric=TRUE >
			7.96581196581197	-9.5982905982906
			7.95726495726496	-9.60683760683761
			7.94871794871795	-9.60683760683761
			7.94017094017094	-9.61538461538462
			7.94017094017094	-9.62393162393163
			7.93162393162393	-9.63247863247863
			7.93162393162393	-9.64102564102564
			7.92307692307692	-9.64957264957265
			7.92307692307692	-9.65811965811966
			7.91452991452992	-9.66666666666667
			7.91452991452992	-9.67521367521368
			7.91452991452992	-9.68376068376068
			7.90598290598291	-9.69230769230769
			7.90598290598291	-9.7008547008547
			7.90598290598291	-9.70940170940171
			7.8974358974359	-9.71794871794872
			7.8974358974359	-9.72649572649573
			7.8974358974359	-9.73504273504274
			7.8974358974359	-9.74358974358974
			7.88888888888889	-9.74358974358974
			7.88888888888889	-9.75213675213675
			7.88888888888889	-9.76068376068376
			7.88888888888889	-9.76923076923077
			7.88888888888889	-9.77777777777778
			7.88034188034188	-9.78632478632479
			7.88034188034188	-9.7948717948718
			7.88034188034188	-9.8034188034188
			7.88034188034188	-9.81196581196581
			7.88034188034188	-9.82051282051282
			7.88034188034188	-9.82905982905983
			7.87179487179487	-9.82905982905983
			7.87179487179487	-9.83760683760684
			7.87179487179487	-9.84615384615385
			7.87179487179487	-9.85470085470086
			7.87179487179487	-9.86324786324786
			7.87179487179487	-9.87179487179487
			7.87179487179487	-9.88034188034188
			7.86324786324786	-9.88888888888889
			7.86324786324786	-9.8974358974359
			7.86324786324786	-9.90598290598291
			7.86324786324786	-9.91452991452991
			7.86324786324786	-9.92307692307692
			7.86324786324786	-9.93162393162393
			7.86324786324786	-9.94017094017094
			7.86324786324786	-9.94871794871795
			7.86324786324786	-9.95726495726496
			7.85470085470086	-9.96581196581197
			7.85470085470086	-9.97435897435898
			7.85470085470086	-9.98290598290598
			7.85470085470086	-9.99145299145299
			7.85470085470086	-10
			7.85470085470086	-10.008547008547
			7.84615384615385	-10.017094017094
			7.84615384615385	-10.025641025641
			7.84615384615385	-10.034188034188
			7.83760683760684	-10.042735042735
			7.83760683760684	-10.0512820512821
			7.83760683760684	-10.0598290598291
			7.83760683760684	-10.0683760683761
			7.82905982905983	-10.0769230769231
			7.82905982905983	-10.0854700854701
			7.82051282051282	-10.0940170940171
			7.82051282051282	-10.1025641025641
			7.82051282051282	-10.1111111111111
			7.81196581196581	-10.1111111111111
			7.81196581196581	-10.1196581196581
			7.81196581196581	-10.1282051282051
			7.8034188034188	-10.1282051282051
			7.8034188034188	-10.1367521367521
			7.7948717948718	-10.1452991452991
			7.7948717948718	-10.1538461538462
			7.78632478632479	-10.1623931623932
			7.77777777777778	-10.1623931623932
			7.77777777777778	-10.1709401709402
			7.76923076923077	-10.1794871794872
			7.76068376068376	-10.1794871794872
			7.76068376068376	-10.1880341880342
			7.75213675213675	-10.1880341880342
			7.74358974358974	-10.1965811965812
			7.73504273504274	-10.1965811965812
			7.72649572649573	-10.1965811965812
			7.71794871794872	-10.1965811965812
			7.70940170940171	-10.1965811965812
			7.7008547008547	-10.1965811965812
		</curveLM09>
		<curveLM10 type=matrix rownames=FALSE colnames=FALSE nrow=83 ncol=2 as.numeric=TRUE >
			7.7008547008547	-10.1965811965812
			7.69230769230769	-10.1965811965812
			7.68376068376068	-10.1880341880342
			7.67521367521368	-10.1880341880342
			7.66666666666667	-10.1794871794872
			7.65811965811966	-10.1794871794872
			7.64957264957265	-10.1709401709402
			7.64102564102564	-10.1623931623932
			7.63247863247863	-10.1538461538462
			7.62393162393162	-10.1452991452991
			7.61538461538462	-10.1367521367521
			7.61538461538462	-10.1282051282051
			7.60683760683761	-10.1196581196581
			7.5982905982906	-10.1111111111111
			7.5982905982906	-10.1025641025641
			7.58974358974359	-10.0940170940171
			7.58974358974359	-10.0854700854701
			7.58974358974359	-10.0769230769231
			7.58119658119658	-10.0683760683761
			7.58119658119658	-10.0598290598291
			7.57264957264957	-10.0512820512821
			7.57264957264957	-10.042735042735
			7.57264957264957	-10.034188034188
			7.56410256410256	-10.025641025641
			7.56410256410256	-10.017094017094
			7.56410256410256	-10.008547008547
			7.55555555555556	-10
			7.55555555555556	-9.99145299145299
			7.55555555555556	-9.98290598290598
			7.55555555555556	-9.97435897435898
			7.55555555555556	-9.96581196581197
			7.54700854700855	-9.96581196581197
			7.54700854700855	-9.95726495726496
			7.54700854700855	-9.94871794871795
			7.54700854700855	-9.94017094017094
			7.54700854700855	-9.93162393162393
			7.53846153846154	-9.92307692307692
			7.53846153846154	-9.91452991452991
			7.53846153846154	-9.90598290598291
			7.53846153846154	-9.8974358974359
			7.53846153846154	-9.88888888888889
			7.52991452991453	-9.88034188034188
			7.52991452991453	-9.87179487179487
			7.52991452991453	-9.86324786324786
			7.52991452991453	-9.85470085470086
			7.52991452991453	-9.84615384615385
			7.52991452991453	-9.83760683760684
			7.52991452991453	-9.82905982905983
			7.52991452991453	-9.82051282051282
			7.52991452991453	-9.81196581196581
			7.52991452991453	-9.8034188034188
			7.52136752136752	-9.7948717948718
			7.52136752136752	-9.78632478632479
			7.52136752136752	-9.77777777777778
			7.52136752136752	-9.76923076923077
			7.52136752136752	-9.76068376068376
			7.52136752136752	-9.75213675213675
			7.52136752136752	-9.74358974358974
			7.52136752136752	-9.73504273504274
			7.51282051282051	-9.72649572649573
			7.51282051282051	-9.71794871794872
			7.51282051282051	-9.70940170940171
			7.51282051282051	-9.7008547008547
			7.51282051282051	-9.69230769230769
			7.50427350427351	-9.68376068376068
			7.50427350427351	-9.67521367521368
			7.50427350427351	-9.66666666666667
			7.50427350427351	-9.65811965811966
			7.4957264957265	-9.64957264957265
			7.4957264957265	-9.64102564102564
			7.4957264957265	-9.63247863247863
			7.48717948717949	-9.63247863247863
			7.48717948717949	-9.62393162393163
			7.48717948717949	-9.61538461538462
			7.47863247863248	-9.61538461538462
			7.47863247863248	-9.60683760683761
			7.47863247863248	-9.5982905982906
			7.47008547008547	-9.5982905982906
			7.47008547008547	-9.58974358974359
			7.46153846153846	-9.58119658119658
			7.45299145299145	-9.57264957264957
			7.44444444444445	-9.56410256410257
			7.43589743589744	-9.56410256410257
		</curveLM10>
		<curveLM11 type=matrix rownames=FALSE colnames=FALSE nrow=72 ncol=2 as.numeric=TRUE >
			7.43589743589744	-9.56410256410257
			7.42735042735043	-9.56410256410257
			7.41880341880342	-9.57264957264957
			7.41025641025641	-9.57264957264957
			7.4017094017094	-9.58119658119658
			7.39316239316239	-9.58119658119658
			7.38461538461539	-9.58974358974359
			7.37606837606838	-9.5982905982906
			7.36752136752137	-9.5982905982906
			7.35897435897436	-9.60683760683761
			7.35042735042735	-9.60683760683761
			7.34188034188034	-9.61538461538462
			7.34188034188034	-9.62393162393163
			7.33333333333333	-9.62393162393163
			7.32478632478633	-9.63247863247863
			7.31623931623932	-9.64102564102564
			7.30769230769231	-9.64957264957265
			7.2991452991453	-9.64957264957265
			7.29059829059829	-9.65811965811966
			7.28205128205128	-9.66666666666667
			7.27350427350427	-9.67521367521368
			7.26495726495727	-9.68376068376068
			7.25641025641026	-9.69230769230769
			7.24786324786325	-9.7008547008547
			7.23931623931624	-9.7008547008547
			7.23931623931624	-9.70940170940171
			7.23076923076923	-9.70940170940171
			7.22222222222222	-9.71794871794872
			7.21367521367521	-9.72649572649573
			7.20512820512821	-9.73504273504274
			7.1965811965812	-9.74358974358974
			7.18803418803419	-9.75213675213675
			7.17948717948718	-9.76068376068376
			7.17094017094017	-9.76923076923077
			7.16239316239316	-9.77777777777778
			7.16239316239316	-9.78632478632479
			7.15384615384615	-9.7948717948718
			7.14529914529915	-9.7948717948718
			7.14529914529915	-9.8034188034188
			7.13675213675214	-9.81196581196581
			7.12820512820513	-9.82051282051282
			7.11965811965812	-9.82905982905983
			7.11111111111111	-9.83760683760684
			7.1025641025641	-9.84615384615385
			7.1025641025641	-9.85470085470086
			7.09401709401709	-9.85470085470086
			7.08547008547009	-9.86324786324786
			7.08547008547009	-9.87179487179487
			7.07692307692308	-9.87179487179487
			7.06837606837607	-9.88034188034188
			7.06837606837607	-9.88888888888889
			7.05982905982906	-9.88888888888889
			7.05982905982906	-9.8974358974359
			7.05128205128205	-9.8974358974359
			7.04273504273504	-9.90598290598291
			7.04273504273504	-9.91452991452991
			7.03418803418803	-9.91452991452991
			7.03418803418803	-9.92307692307692
			7.02564102564103	-9.92307692307692
			7.01709401709402	-9.93162393162393
			7.00854700854701	-9.94017094017094
			7	-9.94017094017094
			6.99145299145299	-9.94871794871795
			6.98290598290598	-9.95726495726496
			6.97435897435898	-9.95726495726496
			6.96581196581197	-9.96581196581197
			6.95726495726496	-9.96581196581197
			6.94871794871795	-9.97435897435898
			6.94017094017094	-9.97435897435898
			6.93162393162393	-9.97435897435898
			6.92307692307692	-9.97435897435898
			6.91452991452991	-9.96581196581197
		</curveLM11>
		<curveLM12 type=matrix rownames=FALSE colnames=FALSE nrow=398 ncol=2 as.numeric=TRUE >
			6.91452991452991	-9.96581196581197
			6.91452991452991	-9.95726495726496
			6.90598290598291	-9.94871794871795
			6.90598290598291	-9.94017094017094
			6.8974358974359	-9.93162393162393
			6.8974358974359	-9.92307692307692
			6.8974358974359	-9.91452991452991
			6.8974358974359	-9.90598290598291
			6.8974358974359	-9.8974358974359
			6.88888888888889	-9.88888888888889
			6.88888888888889	-9.88034188034188
			6.88888888888889	-9.87179487179487
			6.88888888888889	-9.86324786324786
			6.88888888888889	-9.85470085470086
			6.88888888888889	-9.84615384615385
			6.88888888888889	-9.83760683760684
			6.88888888888889	-9.82905982905983
			6.88888888888889	-9.82051282051282
			6.88888888888889	-9.81196581196581
			6.88888888888889	-9.8034188034188
			6.88888888888889	-9.7948717948718
			6.88888888888889	-9.78632478632479
			6.88888888888889	-9.77777777777778
			6.88888888888889	-9.76923076923077
			6.88888888888889	-9.76068376068376
			6.88888888888889	-9.75213675213675
			6.88888888888889	-9.74358974358974
			6.88888888888889	-9.73504273504274
			6.88888888888889	-9.72649572649573
			6.88888888888889	-9.71794871794872
			6.88888888888889	-9.70940170940171
			6.88888888888889	-9.7008547008547
			6.88888888888889	-9.69230769230769
			6.8974358974359	-9.68376068376068
			6.8974358974359	-9.67521367521368
			6.8974358974359	-9.66666666666667
			6.8974358974359	-9.65811965811966
			6.8974358974359	-9.64957264957265
			6.8974358974359	-9.64102564102564
			6.8974358974359	-9.63247863247863
			6.8974358974359	-9.62393162393163
			6.8974358974359	-9.61538461538462
			6.8974358974359	-9.60683760683761
			6.90598290598291	-9.5982905982906
			6.90598290598291	-9.58974358974359
			6.90598290598291	-9.58119658119658
			6.90598290598291	-9.57264957264957
			6.90598290598291	-9.56410256410257
			6.90598290598291	-9.55555555555556
			6.90598290598291	-9.54700854700855
			6.90598290598291	-9.53846153846154
			6.90598290598291	-9.52991452991453
			6.91452991452991	-9.52136752136752
			6.91452991452991	-9.51282051282051
			6.91452991452991	-9.50427350427351
			6.91452991452991	-9.4957264957265
			6.91452991452991	-9.48717948717949
			6.91452991452991	-9.47863247863248
			6.91452991452991	-9.47008547008547
			6.91452991452991	-9.46153846153846
			6.92307692307692	-9.45299145299145
			6.92307692307692	-9.44444444444444
			6.92307692307692	-9.43589743589744
			6.92307692307692	-9.42735042735043
			6.92307692307692	-9.41880341880342
			6.92307692307692	-9.41025641025641
			6.92307692307692	-9.4017094017094
			6.92307692307692	-9.39316239316239
			6.93162393162393	-9.38461538461539
			6.93162393162393	-9.37606837606838
			6.93162393162393	-9.36752136752137
			6.93162393162393	-9.35897435897436
			6.93162393162393	-9.35042735042735
			6.93162393162393	-9.34188034188034
			6.94017094017094	-9.33333333333333
			6.94017094017094	-9.32478632478633
			6.94017094017094	-9.31623931623932
			6.94017094017094	-9.30769230769231
			6.94017094017094	-9.2991452991453
			6.94017094017094	-9.29059829059829
			6.94871794871795	-9.28205128205128
			6.94871794871795	-9.27350427350427
			6.94871794871795	-9.26495726495727
			6.94871794871795	-9.25641025641026
			6.94871794871795	-9.24786324786325
			6.94871794871795	-9.23931623931624
			6.95726495726496	-9.23076923076923
			6.95726495726496	-9.22222222222222
			6.95726495726496	-9.21367521367521
			6.95726495726496	-9.20512820512821
			6.95726495726496	-9.1965811965812
			6.95726495726496	-9.18803418803419
			6.96581196581197	-9.17948717948718
			6.96581196581197	-9.17094017094017
			6.96581196581197	-9.16239316239316
			6.96581196581197	-9.15384615384616
			6.96581196581197	-9.14529914529915
			6.96581196581197	-9.13675213675214
			6.97435897435898	-9.12820512820513
			6.97435897435898	-9.11965811965812
			6.97435897435898	-9.11111111111111
			6.97435897435898	-9.1025641025641
			6.97435897435898	-9.0940170940171
			6.97435897435898	-9.08547008547009
			6.98290598290598	-9.07692307692308
			6.98290598290598	-9.06837606837607
			6.98290598290598	-9.05982905982906
			6.98290598290598	-9.05128205128205
			6.98290598290598	-9.04273504273504
			6.99145299145299	-9.03418803418804
			6.99145299145299	-9.02564102564103
			6.99145299145299	-9.01709401709402
			6.99145299145299	-9.00854700854701
			6.99145299145299	-9
			6.99145299145299	-8.99145299145299
			7	-8.98290598290598
			7	-8.97435897435897
			7	-8.96581196581197
			7	-8.95726495726496
			7	-8.94871794871795
			7.00854700854701	-8.94017094017094
			7.00854700854701	-8.93162393162393
			7.00854700854701	-8.92307692307692
			7.00854700854701	-8.91452991452991
			7.00854700854701	-8.90598290598291
			7.00854700854701	-8.8974358974359
			7.01709401709402	-8.88888888888889
			7.01709401709402	-8.88034188034188
			7.01709401709402	-8.87179487179487
			7.01709401709402	-8.86324786324786
			7.01709401709402	-8.85470085470086
			7.02564102564103	-8.84615384615385
			7.02564102564103	-8.83760683760684
			7.02564102564103	-8.82905982905983
			7.02564102564103	-8.82051282051282
			7.02564102564103	-8.81196581196581
			7.03418803418803	-8.8034188034188
			7.03418803418803	-8.7948717948718
			7.03418803418803	-8.78632478632479
			7.03418803418803	-8.77777777777778
			7.03418803418803	-8.76923076923077
			7.04273504273504	-8.76068376068376
			7.04273504273504	-8.75213675213675
			7.04273504273504	-8.74358974358974
			7.04273504273504	-8.73504273504274
			7.04273504273504	-8.72649572649573
			7.05128205128205	-8.71794871794872
			7.05128205128205	-8.70940170940171
			7.05128205128205	-8.7008547008547
			7.05128205128205	-8.69230769230769
			7.05128205128205	-8.68376068376068
			7.05982905982906	-8.67521367521368
			7.05982905982906	-8.66666666666667
			7.05982905982906	-8.65811965811966
			7.05982905982906	-8.64957264957265
			7.05982905982906	-8.64102564102564
			7.06837606837607	-8.63247863247863
			7.06837606837607	-8.62393162393163
			7.06837606837607	-8.61538461538462
			7.06837606837607	-8.60683760683761
			7.06837606837607	-8.5982905982906
			7.07692307692308	-8.58974358974359
			7.07692307692308	-8.58119658119658
			7.07692307692308	-8.57264957264957
			7.07692307692308	-8.56410256410257
			7.07692307692308	-8.55555555555556
			7.08547008547009	-8.54700854700855
			7.08547008547009	-8.53846153846154
			7.08547008547009	-8.52991452991453
			7.08547008547009	-8.52136752136752
			7.08547008547009	-8.51282051282051
			7.09401709401709	-8.5042735042735
			7.09401709401709	-8.4957264957265
			7.09401709401709	-8.48717948717949
			7.09401709401709	-8.47863247863248
			7.09401709401709	-8.47008547008547
			7.1025641025641	-8.46153846153846
			7.1025641025641	-8.45299145299145
			7.1025641025641	-8.44444444444444
			7.1025641025641	-8.43589743589744
			7.1025641025641	-8.42735042735043
			7.11111111111111	-8.41880341880342
			7.11111111111111	-8.41025641025641
			7.11111111111111	-8.4017094017094
			7.11111111111111	-8.39316239316239
			7.11111111111111	-8.38461538461539
			7.11111111111111	-8.37606837606838
			7.11111111111111	-8.36752136752137
			7.11965811965812	-8.35897435897436
			7.11965811965812	-8.35042735042735
			7.11965811965812	-8.34188034188034
			7.11965811965812	-8.33333333333333
			7.11965811965812	-8.32478632478633
			7.11965811965812	-8.31623931623932
			7.11965811965812	-8.30769230769231
			7.11965811965812	-8.2991452991453
			7.12820512820513	-8.29059829059829
			7.12820512820513	-8.28205128205128
			7.12820512820513	-8.27350427350427
			7.12820512820513	-8.26495726495727
			7.12820512820513	-8.25641025641026
			7.12820512820513	-8.24786324786325
			7.13675213675214	-8.23931623931624
			7.13675213675214	-8.23076923076923
			7.13675213675214	-8.22222222222222
			7.13675213675214	-8.21367521367521
			7.13675213675214	-8.20512820512821
			7.13675213675214	-8.1965811965812
			7.14529914529915	-8.18803418803419
			7.14529914529915	-8.17948717948718
			7.14529914529915	-8.17094017094017
			7.14529914529915	-8.16239316239316
			7.14529914529915	-8.15384615384616
			7.14529914529915	-8.14529914529915
			7.15384615384615	-8.13675213675214
			7.15384615384615	-8.12820512820513
			7.15384615384615	-8.11965811965812
			7.15384615384615	-8.11111111111111
			7.15384615384615	-8.1025641025641
			7.16239316239316	-8.0940170940171
			7.16239316239316	-8.08547008547009
			7.16239316239316	-8.07692307692308
			7.16239316239316	-8.06837606837607
			7.16239316239316	-8.05982905982906
			7.17094017094017	-8.05128205128205
			7.17094017094017	-8.04273504273504
			7.17094017094017	-8.03418803418804
			7.17094017094017	-8.02564102564103
			7.17948717948718	-8.01709401709402
			7.17948717948718	-8.00854700854701
			7.17948717948718	-8
			7.17948717948718	-7.99145299145299
			7.18803418803419	-7.98290598290598
			7.18803418803419	-7.97435897435898
			7.18803418803419	-7.96581196581197
			7.18803418803419	-7.95726495726496
			7.1965811965812	-7.94871794871795
			7.1965811965812	-7.94017094017094
			7.1965811965812	-7.93162393162393
			7.1965811965812	-7.92307692307692
			7.20512820512821	-7.91452991452992
			7.20512820512821	-7.90598290598291
			7.20512820512821	-7.8974358974359
			7.20512820512821	-7.88888888888889
			7.21367521367521	-7.88034188034188
			7.21367521367521	-7.87179487179487
			7.21367521367521	-7.86324786324786
			7.22222222222222	-7.85470085470086
			7.22222222222222	-7.84615384615385
			7.22222222222222	-7.83760683760684
			7.22222222222222	-7.82905982905983
			7.23076923076923	-7.82051282051282
			7.23076923076923	-7.81196581196581
			7.23076923076923	-7.8034188034188
			7.23931623931624	-7.7948717948718
			7.23931623931624	-7.78632478632479
			7.23931623931624	-7.77777777777778
			7.24786324786325	-7.76923076923077
			7.24786324786325	-7.76068376068376
			7.24786324786325	-7.75213675213675
			7.25641025641026	-7.74358974358974
			7.25641025641026	-7.73504273504274
			7.25641025641026	-7.72649572649573
			7.25641025641026	-7.71794871794872
			7.26495726495727	-7.70940170940171
			7.26495726495727	-7.7008547008547
			7.26495726495727	-7.69230769230769
			7.27350427350427	-7.68376068376068
			7.27350427350427	-7.67521367521368
			7.27350427350427	-7.66666666666667
			7.28205128205128	-7.65811965811966
			7.28205128205128	-7.64957264957265
			7.28205128205128	-7.64102564102564
			7.29059829059829	-7.63247863247863
			7.29059829059829	-7.62393162393162
			7.29059829059829	-7.61538461538462
			7.2991452991453	-7.60683760683761
			7.2991452991453	-7.5982905982906
			7.2991452991453	-7.58974358974359
			7.30769230769231	-7.58119658119658
			7.30769230769231	-7.57264957264957
			7.30769230769231	-7.56410256410256
			7.31623931623932	-7.55555555555556
			7.31623931623932	-7.54700854700855
			7.31623931623932	-7.53846153846154
			7.32478632478633	-7.52991452991453
			7.32478632478633	-7.52136752136752
			7.32478632478633	-7.51282051282051
			7.33333333333333	-7.51282051282051
			7.33333333333333	-7.50427350427351
			7.33333333333333	-7.4957264957265
			7.34188034188034	-7.48717948717949
			7.34188034188034	-7.47863247863248
			7.35042735042735	-7.47008547008547
			7.35042735042735	-7.46153846153846
			7.35042735042735	-7.45299145299145
			7.35897435897436	-7.44444444444445
			7.35897435897436	-7.43589743589744
			7.35897435897436	-7.42735042735043
			7.36752136752137	-7.41880341880342
			7.36752136752137	-7.41025641025641
			7.37606837606838	-7.4017094017094
			7.37606837606838	-7.39316239316239
			7.37606837606838	-7.38461538461539
			7.38461538461539	-7.37606837606838
			7.38461538461539	-7.36752136752137
			7.38461538461539	-7.35897435897436
			7.39316239316239	-7.35042735042735
			7.39316239316239	-7.34188034188034
			7.4017094017094	-7.33333333333333
			7.4017094017094	-7.32478632478633
			7.4017094017094	-7.31623931623932
			7.41025641025641	-7.30769230769231
			7.41025641025641	-7.2991452991453
			7.41880341880342	-7.29059829059829
			7.41880341880342	-7.28205128205128
			7.42735042735043	-7.27350427350427
			7.42735042735043	-7.26495726495727
			7.42735042735043	-7.25641025641026
			7.43589743589744	-7.24786324786325
			7.43589743589744	-7.23931623931624
			7.44444444444445	-7.23076923076923
			7.44444444444445	-7.22222222222222
			7.44444444444445	-7.21367521367521
			7.44444444444445	-7.20512820512821
			7.45299145299145	-7.20512820512821
			7.45299145299145	-7.1965811965812
			7.45299145299145	-7.18803418803419
			7.46153846153846	-7.17948717948718
			7.46153846153846	-7.17094017094017
			7.47008547008547	-7.16239316239316
			7.47008547008547	-7.15384615384615
			7.47863247863248	-7.14529914529915
			7.47863247863248	-7.13675213675214
			7.47863247863248	-7.12820512820513
			7.48717948717949	-7.11965811965812
			7.48717948717949	-7.11111111111111
			7.4957264957265	-7.11111111111111
			7.4957264957265	-7.1025641025641
			7.4957264957265	-7.09401709401709
			7.50427350427351	-7.08547008547009
			7.50427350427351	-7.07692307692308
			7.51282051282051	-7.06837606837607
			7.51282051282051	-7.05982905982906
			7.51282051282051	-7.05128205128205
			7.52136752136752	-7.04273504273504
			7.52136752136752	-7.03418803418803
			7.52991452991453	-7.02564102564103
			7.52991452991453	-7.01709401709402
			7.52991452991453	-7.00854700854701
			7.53846153846154	-7
			7.54700854700855	-6.99145299145299
			7.54700854700855	-6.98290598290598
			7.54700854700855	-6.97435897435898
			7.55555555555556	-6.97435897435898
			7.55555555555556	-6.96581196581197
			7.55555555555556	-6.95726495726496
			7.56410256410256	-6.95726495726496
			7.56410256410256	-6.94871794871795
			7.56410256410256	-6.94017094017094
			7.56410256410256	-6.93162393162393
			7.57264957264957	-6.93162393162393
			7.57264957264957	-6.92307692307692
			7.57264957264957	-6.91452991452991
			7.58119658119658	-6.91452991452991
			7.58119658119658	-6.90598290598291
			7.58119658119658	-6.8974358974359
			7.58974358974359	-6.8974358974359
			7.58974358974359	-6.88888888888889
			7.58974358974359	-6.88034188034188
			7.5982905982906	-6.88034188034188
			7.5982905982906	-6.87179487179487
			7.5982905982906	-6.86324786324786
			7.60683760683761	-6.86324786324786
			7.60683760683761	-6.85470085470086
			7.60683760683761	-6.84615384615385
			7.61538461538462	-6.83760683760684
			7.61538461538462	-6.82905982905983
			7.62393162393162	-6.82051282051282
			7.62393162393162	-6.81196581196581
			7.63247863247863	-6.8034188034188
			7.63247863247863	-6.7948717948718
			7.64102564102564	-6.78632478632479
			7.64102564102564	-6.77777777777778
			7.64957264957265	-6.76923076923077
			7.64957264957265	-6.76068376068376
			7.65811965811966	-6.75213675213675
			7.65811965811966	-6.74358974358974
			7.66666666666667	-6.73504273504274
			7.66666666666667	-6.72649572649573
			7.67521367521368	-6.71794871794872
			7.67521367521368	-6.70940170940171
			7.68376068376068	-6.7008547008547
			7.68376068376068	-6.69230769230769
			7.69230769230769	-6.68376068376068
			7.69230769230769	-6.67521367521368
			7.7008547008547	-6.66666666666667
			7.7008547008547	-6.65811965811966
		</curveLM12>
	</curves.scaled>
	<ruler.points type=matrix rownames=TRUE colnames=FALSE nrow=5 ncol=2 as.numeric=TRUE >
		Ruler point 1	434	1409
		Ruler point 2	551	1409
		Ruler point 3	668	1409
		Ruler point 4	785	1409
		Ruler point 5	902	1409
	</ruler.points>
</shapes>

