<shapes type=list>
	<ruler.pixel type=vector names=FALSE length=1 as.numeric=TRUE >117</ruler.pixel>
	<ruler.interval type=vector names=FALSE length=1 as.numeric=TRUE >1</ruler.interval>
	<scaling.units type=vector names=FALSE length=1 as.numeric=FALSE >cm</scaling.units>
	<scaling type=vector names=FALSE length=1 as.numeric=TRUE >0.00854700854700855</scaling>
	<landmarks.pixel type=matrix rownames=TRUE colnames=FALSE nrow=6 ncol=2 as.numeric=TRUE >
		LM01	900	865
		LM02	999	1134
		LM03	930	1095
		LM04	899	1194
		LM05	864	1093
		LM06	799	1136
	</landmarks.pixel>
	<landmarks.scaled type=matrix rownames=TRUE colnames=FALSE nrow=6 ncol=2 as.numeric=TRUE >
		LM01	7.69230769230769	-7.39316239316239
		LM02	8.53846153846154	-9.69230769230769
		LM03	7.94871794871795	-9.35897435897436
		LM04	7.68376068376068	-10.2051282051282
		LM05	7.38461538461539	-9.34188034188034
		LM06	6.82905982905983	-9.70940170940171
	</landmarks.scaled>
	<curves.control type=list>
		<curveLM07 type=matrix rownames=FALSE colnames=FALSE nrow=5 ncol=2 as.numeric=TRUE >
			900	865
			907	860
			954	964
			1011	1112
			999	1134
		</curveLM07>
		<curveLM08 type=matrix rownames=FALSE colnames=FALSE nrow=5 ncol=2 as.numeric=TRUE >
			999	1134
			988	1138
			948	1100
			938	1090
			930	1095
		</curveLM08>
		<curveLM09 type=matrix rownames=FALSE colnames=FALSE nrow=5 ncol=2 as.numeric=TRUE >
			930	1095
			920	1099
			918	1143
			914	1190
			899	1194
		</curveLM09>
		<curveLM10 type=matrix rownames=FALSE colnames=FALSE nrow=5 ncol=2 as.numeric=TRUE >
			899	1194
			882	1193
			873	1118
			871	1100
			864	1093
		</curveLM10>
		<curveLM11 type=matrix rownames=FALSE colnames=FALSE nrow=5 ncol=2 as.numeric=TRUE >
			864	1093
			852	1090
			831	1115
			807	1146
			799	1136
		</curveLM11>
		<curveLM12 type=matrix rownames=FALSE colnames=FALSE nrow=5 ncol=2 as.numeric=TRUE >
			799	1136
			782	1119
			827	1012
			852	947
			900	865
		</curveLM12>
	</curves.control>
	<curves.pixel type=list>
		<curveLM07 type=matrix rownames=FALSE colnames=FALSE nrow=284 ncol=2 as.numeric=TRUE >
			900	865
			901	865
			902	865
			903	866
			904	867
			905	868
			906	869
			907	870
			907	871
			908	872
			909	873
			909	874
			910	875
			911	876
			911	877
			912	878
			913	879
			913	880
			914	881
			914	882
			914	883
			915	883
			915	884
			916	885
			916	886
			917	887
			918	888
			918	889
			919	890
			919	891
			919	892
			920	892
			920	893
			920	894
			921	894
			921	895
			922	896
			922	897
			923	898
			923	899
			924	900
			924	901
			925	902
			925	903
			926	904
			926	905
			927	906
			927	907
			927	908
			928	909
			929	910
			929	911
			930	912
			930	913
			931	914
			931	915
			932	916
			932	917
			933	918
			933	919
			934	920
			934	921
			934	922
			935	923
			935	924
			936	925
			937	926
			937	927
			937	928
			938	929
			938	930
			939	931
			939	932
			940	933
			940	934
			941	935
			941	936
			942	937
			942	938
			943	939
			943	940
			943	941
			944	941
			944	942
			944	943
			945	944
			945	945
			946	946
			946	947
			947	948
			947	949
			948	950
			948	951
			948	952
			949	952
			949	953
			949	954
			950	954
			950	955
			950	956
			951	957
			951	958
			952	959
			952	960
			952	961
			953	961
			953	962
			954	963
			954	964
			954	965
			955	966
			955	967
			956	968
			956	969
			956	970
			957	971
			957	972
			957	973
			958	974
			958	975
			958	976
			959	976
			959	977
			959	978
			960	979
			960	980
			961	981
			961	982
			961	983
			962	984
			962	985
			962	986
			963	987
			963	988
			963	989
			964	990
			964	991
			964	992
			965	993
			965	994
			966	995
			966	996
			966	997
			967	997
			967	998
			967	999
			968	1000
			968	1001
			968	1002
			969	1003
			969	1004
			969	1005
			970	1006
			970	1007
			970	1008
			971	1009
			971	1010
			971	1011
			972	1012
			972	1013
			973	1014
			973	1015
			973	1016
			974	1017
			974	1018
			974	1019
			975	1020
			975	1021
			975	1022
			976	1023
			976	1024
			976	1025
			977	1026
			977	1027
			977	1028
			978	1029
			978	1030
			979	1031
			979	1032
			979	1033
			980	1034
			980	1035
			980	1036
			981	1037
			981	1038
			981	1039
			982	1040
			982	1041
			982	1042
			983	1043
			983	1044
			983	1045
			983	1046
			984	1047
			984	1048
			984	1049
			985	1050
			985	1051
			985	1052
			986	1053
			986	1054
			986	1055
			987	1056
			987	1057
			987	1058
			987	1059
			988	1059
			988	1060
			988	1061
			988	1062
			989	1063
			989	1064
			989	1065
			990	1066
			990	1067
			990	1068
			991	1069
			991	1070
			991	1071
			991	1072
			992	1073
			992	1074
			992	1075
			993	1076
			993	1077
			993	1078
			993	1079
			994	1080
			994	1081
			994	1082
			994	1083
			995	1084
			995	1085
			995	1086
			996	1087
			996	1088
			996	1089
			996	1090
			996	1091
			997	1092
			997	1093
			997	1094
			997	1095
			998	1096
			998	1097
			998	1098
			998	1099
			998	1100
			998	1101
			999	1101
			999	1102
			999	1103
			999	1104
			999	1105
			999	1106
			1000	1107
			1000	1108
			1000	1109
			1000	1110
			1000	1111
			1000	1112
			1000	1113
			1001	1114
			1001	1115
			1001	1116
			1001	1117
			1001	1118
			1001	1119
			1001	1120
			1001	1121
			1001	1122
			1001	1123
			1001	1124
			1001	1125
			1001	1126
			1001	1127
			1001	1128
			1001	1129
			1000	1130
			1000	1131
			1000	1132
			1000	1133
			999	1133
			999	1134
		</curveLM07>
		<curveLM08 type=matrix rownames=FALSE colnames=FALSE nrow=77 ncol=2 as.numeric=TRUE >
			999	1134
			998	1134
			997	1134
			996	1134
			995	1134
			994	1134
			993	1134
			992	1134
			991	1133
			990	1133
			989	1132
			988	1132
			987	1131
			986	1131
			985	1130
			984	1129
			983	1129
			982	1128
			981	1127
			980	1127
			979	1126
			978	1126
			977	1125
			976	1124
			975	1123
			974	1123
			973	1122
			972	1121
			971	1121
			971	1120
			970	1119
			969	1118
			968	1118
			967	1117
			966	1116
			965	1115
			964	1114
			963	1113
			962	1113
			961	1112
			960	1111
			959	1110
			958	1109
			957	1109
			957	1108
			956	1107
			955	1107
			955	1106
			954	1105
			953	1105
			952	1104
			951	1103
			950	1102
			949	1101
			948	1100
			947	1099
			946	1098
			945	1098
			945	1097
			944	1096
			943	1096
			942	1095
			941	1095
			941	1094
			940	1094
			939	1094
			938	1094
			937	1094
			937	1093
			936	1093
			935	1093
			934	1093
			934	1094
			933	1094
			932	1094
			931	1095
			930	1095
		</curveLM08>
		<curveLM09 type=matrix rownames=FALSE colnames=FALSE nrow=105 ncol=2 as.numeric=TRUE >
			930	1095
			929	1095
			929	1096
			928	1096
			927	1097
			927	1098
			926	1099
			925	1100
			925	1101
			924	1102
			924	1103
			923	1104
			923	1105
			923	1106
			922	1107
			922	1108
			922	1109
			922	1110
			921	1111
			921	1112
			921	1113
			921	1114
			921	1115
			921	1116
			920	1117
			920	1118
			920	1119
			920	1120
			920	1121
			920	1122
			920	1123
			919	1124
			919	1125
			919	1126
			919	1127
			919	1128
			919	1129
			919	1130
			919	1131
			919	1132
			919	1133
			919	1134
			918	1135
			918	1136
			918	1137
			918	1138
			918	1139
			918	1140
			918	1141
			918	1142
			918	1143
			918	1144
			918	1145
			918	1146
			918	1147
			918	1148
			917	1149
			917	1150
			917	1151
			917	1152
			917	1153
			917	1154
			917	1155
			917	1156
			916	1157
			916	1158
			916	1159
			916	1160
			916	1161
			916	1162
			915	1163
			915	1164
			915	1165
			915	1166
			915	1167
			914	1168
			914	1169
			914	1170
			914	1171
			914	1172
			913	1173
			913	1174
			913	1175
			912	1176
			912	1177
			912	1178
			911	1179
			911	1180
			911	1181
			910	1181
			910	1182
			910	1183
			909	1184
			909	1185
			908	1186
			907	1187
			907	1188
			906	1189
			905	1190
			904	1191
			903	1192
			902	1193
			901	1193
			900	1194
			899	1194
		</curveLM09>
		<curveLM10 type=matrix rownames=FALSE colnames=FALSE nrow=111 ncol=2 as.numeric=TRUE >
			899	1194
			898	1194
			897	1194
			896	1193
			895	1193
			894	1192
			893	1191
			892	1190
			891	1189
			891	1188
			890	1187
			889	1186
			889	1185
			888	1184
			887	1183
			887	1182
			886	1181
			886	1180
			886	1179
			885	1178
			885	1177
			884	1176
			884	1175
			884	1174
			884	1173
			883	1173
			883	1172
			883	1171
			883	1170
			882	1170
			882	1169
			882	1168
			882	1167
			882	1166
			881	1165
			881	1164
			881	1163
			880	1162
			880	1161
			880	1160
			880	1159
			879	1158
			879	1157
			879	1156
			879	1155
			879	1154
			878	1153
			878	1152
			878	1151
			878	1150
			878	1149
			877	1148
			877	1147
			877	1146
			877	1145
			877	1144
			877	1143
			876	1142
			876	1141
			876	1140
			876	1139
			876	1138
			876	1137
			875	1136
			875	1135
			875	1134
			875	1133
			875	1132
			875	1131
			875	1130
			874	1129
			874	1128
			874	1127
			874	1126
			874	1125
			874	1124
			874	1123
			873	1122
			873	1121
			873	1120
			873	1119
			873	1118
			873	1117
			873	1116
			873	1115
			872	1114
			872	1113
			872	1112
			872	1111
			872	1110
			872	1109
			871	1108
			871	1107
			871	1106
			870	1105
			870	1104
			870	1103
			870	1102
			869	1102
			869	1101
			869	1100
			868	1100
			868	1099
			868	1098
			867	1098
			867	1097
			867	1096
			866	1096
			866	1095
			865	1094
			864	1093
		</curveLM10>
		<curveLM11 type=matrix rownames=FALSE colnames=FALSE nrow=74 ncol=2 as.numeric=TRUE >
			864	1093
			863	1093
			862	1093
			861	1093
			860	1093
			859	1093
			858	1093
			857	1093
			857	1094
			856	1094
			855	1094
			854	1095
			853	1095
			852	1096
			851	1096
			850	1097
			849	1097
			848	1098
			847	1099
			846	1099
			845	1100
			844	1101
			843	1102
			842	1103
			841	1104
			840	1105
			839	1106
			838	1107
			837	1108
			836	1109
			835	1110
			835	1111
			834	1111
			833	1112
			833	1113
			832	1114
			831	1115
			830	1116
			830	1117
			829	1118
			828	1119
			827	1120
			826	1121
			826	1122
			825	1122
			824	1123
			823	1124
			823	1125
			822	1126
			821	1127
			820	1128
			819	1129
			818	1130
			817	1131
			816	1132
			815	1132
			815	1133
			814	1134
			813	1134
			813	1135
			812	1135
			811	1136
			810	1136
			809	1137
			808	1137
			807	1138
			806	1138
			805	1138
			804	1138
			803	1138
			802	1138
			801	1138
			800	1137
			799	1136
		</curveLM11>
		<curveLM12 type=matrix rownames=FALSE colnames=FALSE nrow=278 ncol=2 as.numeric=TRUE >
			799	1136
			798	1135
			797	1134
			797	1133
			796	1132
			796	1131
			796	1130
			795	1129
			795	1128
			795	1127
			795	1126
			795	1125
			794	1124
			794	1123
			794	1122
			794	1121
			794	1120
			794	1119
			794	1118
			794	1117
			794	1116
			795	1115
			795	1114
			795	1113
			795	1112
			795	1111
			795	1110
			795	1109
			795	1108
			796	1107
			796	1106
			796	1105
			796	1104
			796	1103
			796	1102
			797	1101
			797	1100
			797	1099
			797	1098
			797	1097
			798	1096
			798	1095
			798	1094
			798	1093
			799	1092
			799	1091
			799	1090
			799	1089
			800	1088
			800	1087
			800	1086
			800	1085
			801	1084
			801	1083
			801	1082
			802	1081
			802	1080
			802	1079
			802	1078
			803	1078
			803	1077
			803	1076
			803	1075
			804	1074
			804	1073
			804	1072
			805	1071
			805	1070
			805	1069
			806	1068
			806	1067
			806	1066
			807	1065
			807	1064
			807	1063
			808	1062
			808	1061
			808	1060
			809	1059
			809	1058
			809	1057
			810	1056
			810	1055
			811	1054
			811	1053
			811	1052
			812	1051
			812	1050
			812	1049
			813	1048
			813	1047
			813	1046
			814	1045
			814	1044
			815	1043
			815	1042
			815	1041
			816	1040
			816	1039
			817	1038
			817	1037
			817	1036
			818	1035
			818	1034
			819	1033
			819	1032
			819	1031
			820	1030
			820	1029
			820	1028
			821	1027
			821	1026
			821	1025
			822	1025
			822	1024
			822	1023
			823	1022
			823	1021
			824	1020
			824	1019
			825	1018
			825	1017
			825	1016
			826	1015
			826	1014
			827	1013
			827	1012
			827	1011
			828	1010
			828	1009
			829	1008
			829	1007
			829	1006
			830	1005
			830	1004
			831	1003
			831	1002
			831	1001
			832	1000
			832	999
			833	998
			833	997
			833	996
			834	995
			834	994
			835	993
			835	992
			835	991
			836	990
			836	989
			837	988
			837	987
			838	986
			838	985
			838	984
			839	983
			839	982
			840	981
			840	980
			841	979
			841	978
			841	977
			842	976
			842	975
			843	974
			843	973
			844	972
			844	971
			845	970
			845	969
			845	968
			846	967
			846	966
			847	965
			847	964
			848	963
			848	962
			849	961
			849	960
			850	959
			850	958
			851	957
			851	956
			852	955
			852	954
			853	953
			853	952
			854	951
			854	950
			855	949
			855	948
			856	947
			856	946
			857	945
			857	944
			858	943
			858	942
			859	941
			859	940
			860	939
			860	938
			861	937
			861	936
			862	935
			862	934
			863	933
			863	932
			864	931
			864	930
			865	929
			865	928
			866	927
			866	926
			867	925
			867	924
			868	923
			868	922
			869	921
			869	920
			870	919
			870	918
			871	917
			871	916
			872	915
			873	914
			873	913
			874	912
			874	911
			875	910
			875	909
			876	908
			876	907
			877	906
			877	905
			878	905
			878	904
			878	903
			879	902
			879	901
			880	901
			880	900
			881	899
			881	898
			882	897
			882	896
			883	896
			883	895
			883	894
			884	893
			884	892
			885	891
			886	890
			886	889
			887	888
			887	887
			888	886
			889	885
			889	884
			890	883
			890	882
			891	881
			891	880
			892	879
			893	878
			893	877
			894	876
			894	875
			895	874
			896	873
			896	872
			897	871
			897	870
			898	869
			899	868
			899	867
			899	866
			900	866
			900	865
		</curveLM12>
	</curves.pixel>
	<curves.scaled type=list>
		<curveLM07 type=matrix rownames=FALSE colnames=FALSE nrow=284 ncol=2 as.numeric=TRUE >
			7.69230769230769	-7.39316239316239
			7.7008547008547	-7.39316239316239
			7.70940170940171	-7.39316239316239
			7.71794871794872	-7.4017094017094
			7.72649572649573	-7.41025641025641
			7.73504273504274	-7.41880341880342
			7.74358974358974	-7.42735042735043
			7.75213675213675	-7.43589743589744
			7.75213675213675	-7.44444444444445
			7.76068376068376	-7.45299145299145
			7.76923076923077	-7.46153846153846
			7.76923076923077	-7.47008547008547
			7.77777777777778	-7.47863247863248
			7.78632478632479	-7.48717948717949
			7.78632478632479	-7.4957264957265
			7.7948717948718	-7.50427350427351
			7.8034188034188	-7.51282051282051
			7.8034188034188	-7.52136752136752
			7.81196581196581	-7.52991452991453
			7.81196581196581	-7.53846153846154
			7.81196581196581	-7.54700854700855
			7.82051282051282	-7.54700854700855
			7.82051282051282	-7.55555555555556
			7.82905982905983	-7.56410256410256
			7.82905982905983	-7.57264957264957
			7.83760683760684	-7.58119658119658
			7.84615384615385	-7.58974358974359
			7.84615384615385	-7.5982905982906
			7.85470085470086	-7.60683760683761
			7.85470085470086	-7.61538461538462
			7.85470085470086	-7.62393162393162
			7.86324786324786	-7.62393162393162
			7.86324786324786	-7.63247863247863
			7.86324786324786	-7.64102564102564
			7.87179487179487	-7.64102564102564
			7.87179487179487	-7.64957264957265
			7.88034188034188	-7.65811965811966
			7.88034188034188	-7.66666666666667
			7.88888888888889	-7.67521367521368
			7.88888888888889	-7.68376068376068
			7.8974358974359	-7.69230769230769
			7.8974358974359	-7.7008547008547
			7.90598290598291	-7.70940170940171
			7.90598290598291	-7.71794871794872
			7.91452991452992	-7.72649572649573
			7.91452991452992	-7.73504273504274
			7.92307692307692	-7.74358974358974
			7.92307692307692	-7.75213675213675
			7.92307692307692	-7.76068376068376
			7.93162393162393	-7.76923076923077
			7.94017094017094	-7.77777777777778
			7.94017094017094	-7.78632478632479
			7.94871794871795	-7.7948717948718
			7.94871794871795	-7.8034188034188
			7.95726495726496	-7.81196581196581
			7.95726495726496	-7.82051282051282
			7.96581196581197	-7.82905982905983
			7.96581196581197	-7.83760683760684
			7.97435897435898	-7.84615384615385
			7.97435897435898	-7.85470085470086
			7.98290598290598	-7.86324786324786
			7.98290598290598	-7.87179487179487
			7.98290598290598	-7.88034188034188
			7.99145299145299	-7.88888888888889
			7.99145299145299	-7.8974358974359
			8	-7.90598290598291
			8.00854700854701	-7.91452991452992
			8.00854700854701	-7.92307692307692
			8.00854700854701	-7.93162393162393
			8.01709401709402	-7.94017094017094
			8.01709401709402	-7.94871794871795
			8.02564102564103	-7.95726495726496
			8.02564102564103	-7.96581196581197
			8.03418803418804	-7.97435897435898
			8.03418803418804	-7.98290598290598
			8.04273504273504	-7.99145299145299
			8.04273504273504	-8
			8.05128205128205	-8.00854700854701
			8.05128205128205	-8.01709401709402
			8.05982905982906	-8.02564102564103
			8.05982905982906	-8.03418803418804
			8.05982905982906	-8.04273504273504
			8.06837606837607	-8.04273504273504
			8.06837606837607	-8.05128205128205
			8.06837606837607	-8.05982905982906
			8.07692307692308	-8.06837606837607
			8.07692307692308	-8.07692307692308
			8.08547008547009	-8.08547008547009
			8.08547008547009	-8.0940170940171
			8.0940170940171	-8.1025641025641
			8.0940170940171	-8.11111111111111
			8.1025641025641	-8.11965811965812
			8.1025641025641	-8.12820512820513
			8.1025641025641	-8.13675213675214
			8.11111111111111	-8.13675213675214
			8.11111111111111	-8.14529914529915
			8.11111111111111	-8.15384615384616
			8.11965811965812	-8.15384615384616
			8.11965811965812	-8.16239316239316
			8.11965811965812	-8.17094017094017
			8.12820512820513	-8.17948717948718
			8.12820512820513	-8.18803418803419
			8.13675213675214	-8.1965811965812
			8.13675213675214	-8.20512820512821
			8.13675213675214	-8.21367521367521
			8.14529914529915	-8.21367521367521
			8.14529914529915	-8.22222222222222
			8.15384615384616	-8.23076923076923
			8.15384615384616	-8.23931623931624
			8.15384615384616	-8.24786324786325
			8.16239316239316	-8.25641025641026
			8.16239316239316	-8.26495726495727
			8.17094017094017	-8.27350427350427
			8.17094017094017	-8.28205128205128
			8.17094017094017	-8.29059829059829
			8.17948717948718	-8.2991452991453
			8.17948717948718	-8.30769230769231
			8.17948717948718	-8.31623931623932
			8.18803418803419	-8.32478632478633
			8.18803418803419	-8.33333333333333
			8.18803418803419	-8.34188034188034
			8.1965811965812	-8.34188034188034
			8.1965811965812	-8.35042735042735
			8.1965811965812	-8.35897435897436
			8.20512820512821	-8.36752136752137
			8.20512820512821	-8.37606837606838
			8.21367521367521	-8.38461538461539
			8.21367521367521	-8.39316239316239
			8.21367521367521	-8.4017094017094
			8.22222222222222	-8.41025641025641
			8.22222222222222	-8.41880341880342
			8.22222222222222	-8.42735042735043
			8.23076923076923	-8.43589743589744
			8.23076923076923	-8.44444444444444
			8.23076923076923	-8.45299145299145
			8.23931623931624	-8.46153846153846
			8.23931623931624	-8.47008547008547
			8.23931623931624	-8.47863247863248
			8.24786324786325	-8.48717948717949
			8.24786324786325	-8.4957264957265
			8.25641025641026	-8.5042735042735
			8.25641025641026	-8.51282051282051
			8.25641025641026	-8.52136752136752
			8.26495726495727	-8.52136752136752
			8.26495726495727	-8.52991452991453
			8.26495726495727	-8.53846153846154
			8.27350427350427	-8.54700854700855
			8.27350427350427	-8.55555555555556
			8.27350427350427	-8.56410256410257
			8.28205128205128	-8.57264957264957
			8.28205128205128	-8.58119658119658
			8.28205128205128	-8.58974358974359
			8.29059829059829	-8.5982905982906
			8.29059829059829	-8.60683760683761
			8.29059829059829	-8.61538461538462
			8.2991452991453	-8.62393162393163
			8.2991452991453	-8.63247863247863
			8.2991452991453	-8.64102564102564
			8.30769230769231	-8.64957264957265
			8.30769230769231	-8.65811965811966
			8.31623931623932	-8.66666666666667
			8.31623931623932	-8.67521367521368
			8.31623931623932	-8.68376068376068
			8.32478632478633	-8.69230769230769
			8.32478632478633	-8.7008547008547
			8.32478632478633	-8.70940170940171
			8.33333333333333	-8.71794871794872
			8.33333333333333	-8.72649572649573
			8.33333333333333	-8.73504273504274
			8.34188034188034	-8.74358974358974
			8.34188034188034	-8.75213675213675
			8.34188034188034	-8.76068376068376
			8.35042735042735	-8.76923076923077
			8.35042735042735	-8.77777777777778
			8.35042735042735	-8.78632478632479
			8.35897435897436	-8.7948717948718
			8.35897435897436	-8.8034188034188
			8.36752136752137	-8.81196581196581
			8.36752136752137	-8.82051282051282
			8.36752136752137	-8.82905982905983
			8.37606837606838	-8.83760683760684
			8.37606837606838	-8.84615384615385
			8.37606837606838	-8.85470085470086
			8.38461538461539	-8.86324786324786
			8.38461538461539	-8.87179487179487
			8.38461538461539	-8.88034188034188
			8.39316239316239	-8.88888888888889
			8.39316239316239	-8.8974358974359
			8.39316239316239	-8.90598290598291
			8.4017094017094	-8.91452991452991
			8.4017094017094	-8.92307692307692
			8.4017094017094	-8.93162393162393
			8.4017094017094	-8.94017094017094
			8.41025641025641	-8.94871794871795
			8.41025641025641	-8.95726495726496
			8.41025641025641	-8.96581196581197
			8.41880341880342	-8.97435897435897
			8.41880341880342	-8.98290598290598
			8.41880341880342	-8.99145299145299
			8.42735042735043	-9
			8.42735042735043	-9.00854700854701
			8.42735042735043	-9.01709401709402
			8.43589743589744	-9.02564102564103
			8.43589743589744	-9.03418803418804
			8.43589743589744	-9.04273504273504
			8.43589743589744	-9.05128205128205
			8.44444444444444	-9.05128205128205
			8.44444444444444	-9.05982905982906
			8.44444444444444	-9.06837606837607
			8.44444444444444	-9.07692307692308
			8.45299145299145	-9.08547008547009
			8.45299145299145	-9.0940170940171
			8.45299145299145	-9.1025641025641
			8.46153846153846	-9.11111111111111
			8.46153846153846	-9.11965811965812
			8.46153846153846	-9.12820512820513
			8.47008547008547	-9.13675213675214
			8.47008547008547	-9.14529914529915
			8.47008547008547	-9.15384615384616
			8.47008547008547	-9.16239316239316
			8.47863247863248	-9.17094017094017
			8.47863247863248	-9.17948717948718
			8.47863247863248	-9.18803418803419
			8.48717948717949	-9.1965811965812
			8.48717948717949	-9.20512820512821
			8.48717948717949	-9.21367521367521
			8.48717948717949	-9.22222222222222
			8.4957264957265	-9.23076923076923
			8.4957264957265	-9.23931623931624
			8.4957264957265	-9.24786324786325
			8.4957264957265	-9.25641025641026
			8.5042735042735	-9.26495726495727
			8.5042735042735	-9.27350427350427
			8.5042735042735	-9.28205128205128
			8.51282051282051	-9.29059829059829
			8.51282051282051	-9.2991452991453
			8.51282051282051	-9.30769230769231
			8.51282051282051	-9.31623931623932
			8.51282051282051	-9.32478632478633
			8.52136752136752	-9.33333333333333
			8.52136752136752	-9.34188034188034
			8.52136752136752	-9.35042735042735
			8.52136752136752	-9.35897435897436
			8.52991452991453	-9.36752136752137
			8.52991452991453	-9.37606837606838
			8.52991452991453	-9.38461538461539
			8.52991452991453	-9.39316239316239
			8.52991452991453	-9.4017094017094
			8.52991452991453	-9.41025641025641
			8.53846153846154	-9.41025641025641
			8.53846153846154	-9.41880341880342
			8.53846153846154	-9.42735042735043
			8.53846153846154	-9.43589743589744
			8.53846153846154	-9.44444444444444
			8.53846153846154	-9.45299145299145
			8.54700854700855	-9.46153846153846
			8.54700854700855	-9.47008547008547
			8.54700854700855	-9.47863247863248
			8.54700854700855	-9.48717948717949
			8.54700854700855	-9.4957264957265
			8.54700854700855	-9.50427350427351
			8.54700854700855	-9.51282051282051
			8.55555555555556	-9.52136752136752
			8.55555555555556	-9.52991452991453
			8.55555555555556	-9.53846153846154
			8.55555555555556	-9.54700854700855
			8.55555555555556	-9.55555555555556
			8.55555555555556	-9.56410256410257
			8.55555555555556	-9.57264957264957
			8.55555555555556	-9.58119658119658
			8.55555555555556	-9.58974358974359
			8.55555555555556	-9.5982905982906
			8.55555555555556	-9.60683760683761
			8.55555555555556	-9.61538461538462
			8.55555555555556	-9.62393162393163
			8.55555555555556	-9.63247863247863
			8.55555555555556	-9.64102564102564
			8.55555555555556	-9.64957264957265
			8.54700854700855	-9.65811965811966
			8.54700854700855	-9.66666666666667
			8.54700854700855	-9.67521367521368
			8.54700854700855	-9.68376068376068
			8.53846153846154	-9.68376068376068
			8.53846153846154	-9.69230769230769
		</curveLM07>
		<curveLM08 type=matrix rownames=FALSE colnames=FALSE nrow=77 ncol=2 as.numeric=TRUE >
			8.53846153846154	-9.69230769230769
			8.52991452991453	-9.69230769230769
			8.52136752136752	-9.69230769230769
			8.51282051282051	-9.69230769230769
			8.5042735042735	-9.69230769230769
			8.4957264957265	-9.69230769230769
			8.48717948717949	-9.69230769230769
			8.47863247863248	-9.69230769230769
			8.47008547008547	-9.68376068376068
			8.46153846153846	-9.68376068376068
			8.45299145299145	-9.67521367521368
			8.44444444444444	-9.67521367521368
			8.43589743589744	-9.66666666666667
			8.42735042735043	-9.66666666666667
			8.41880341880342	-9.65811965811966
			8.41025641025641	-9.64957264957265
			8.4017094017094	-9.64957264957265
			8.39316239316239	-9.64102564102564
			8.38461538461539	-9.63247863247863
			8.37606837606838	-9.63247863247863
			8.36752136752137	-9.62393162393163
			8.35897435897436	-9.62393162393163
			8.35042735042735	-9.61538461538462
			8.34188034188034	-9.60683760683761
			8.33333333333333	-9.5982905982906
			8.32478632478633	-9.5982905982906
			8.31623931623932	-9.58974358974359
			8.30769230769231	-9.58119658119658
			8.2991452991453	-9.58119658119658
			8.2991452991453	-9.57264957264957
			8.29059829059829	-9.56410256410257
			8.28205128205128	-9.55555555555556
			8.27350427350427	-9.55555555555556
			8.26495726495727	-9.54700854700855
			8.25641025641026	-9.53846153846154
			8.24786324786325	-9.52991452991453
			8.23931623931624	-9.52136752136752
			8.23076923076923	-9.51282051282051
			8.22222222222222	-9.51282051282051
			8.21367521367521	-9.50427350427351
			8.20512820512821	-9.4957264957265
			8.1965811965812	-9.48717948717949
			8.18803418803419	-9.47863247863248
			8.17948717948718	-9.47863247863248
			8.17948717948718	-9.47008547008547
			8.17094017094017	-9.46153846153846
			8.16239316239316	-9.46153846153846
			8.16239316239316	-9.45299145299145
			8.15384615384616	-9.44444444444444
			8.14529914529915	-9.44444444444444
			8.13675213675214	-9.43589743589744
			8.12820512820513	-9.42735042735043
			8.11965811965812	-9.41880341880342
			8.11111111111111	-9.41025641025641
			8.1025641025641	-9.4017094017094
			8.0940170940171	-9.39316239316239
			8.08547008547009	-9.38461538461539
			8.07692307692308	-9.38461538461539
			8.07692307692308	-9.37606837606838
			8.06837606837607	-9.36752136752137
			8.05982905982906	-9.36752136752137
			8.05128205128205	-9.35897435897436
			8.04273504273504	-9.35897435897436
			8.04273504273504	-9.35042735042735
			8.03418803418804	-9.35042735042735
			8.02564102564103	-9.35042735042735
			8.01709401709402	-9.35042735042735
			8.00854700854701	-9.35042735042735
			8.00854700854701	-9.34188034188034
			8	-9.34188034188034
			7.99145299145299	-9.34188034188034
			7.98290598290598	-9.34188034188034
			7.98290598290598	-9.35042735042735
			7.97435897435898	-9.35042735042735
			7.96581196581197	-9.35042735042735
			7.95726495726496	-9.35897435897436
			7.94871794871795	-9.35897435897436
		</curveLM08>
		<curveLM09 type=matrix rownames=FALSE colnames=FALSE nrow=105 ncol=2 as.numeric=TRUE >
			7.94871794871795	-9.35897435897436
			7.94017094017094	-9.35897435897436
			7.94017094017094	-9.36752136752137
			7.93162393162393	-9.36752136752137
			7.92307692307692	-9.37606837606838
			7.92307692307692	-9.38461538461539
			7.91452991452992	-9.39316239316239
			7.90598290598291	-9.4017094017094
			7.90598290598291	-9.41025641025641
			7.8974358974359	-9.41880341880342
			7.8974358974359	-9.42735042735043
			7.88888888888889	-9.43589743589744
			7.88888888888889	-9.44444444444444
			7.88888888888889	-9.45299145299145
			7.88034188034188	-9.46153846153846
			7.88034188034188	-9.47008547008547
			7.88034188034188	-9.47863247863248
			7.88034188034188	-9.48717948717949
			7.87179487179487	-9.4957264957265
			7.87179487179487	-9.50427350427351
			7.87179487179487	-9.51282051282051
			7.87179487179487	-9.52136752136752
			7.87179487179487	-9.52991452991453
			7.87179487179487	-9.53846153846154
			7.86324786324786	-9.54700854700855
			7.86324786324786	-9.55555555555556
			7.86324786324786	-9.56410256410257
			7.86324786324786	-9.57264957264957
			7.86324786324786	-9.58119658119658
			7.86324786324786	-9.58974358974359
			7.86324786324786	-9.5982905982906
			7.85470085470086	-9.60683760683761
			7.85470085470086	-9.61538461538462
			7.85470085470086	-9.62393162393163
			7.85470085470086	-9.63247863247863
			7.85470085470086	-9.64102564102564
			7.85470085470086	-9.64957264957265
			7.85470085470086	-9.65811965811966
			7.85470085470086	-9.66666666666667
			7.85470085470086	-9.67521367521368
			7.85470085470086	-9.68376068376068
			7.85470085470086	-9.69230769230769
			7.84615384615385	-9.7008547008547
			7.84615384615385	-9.70940170940171
			7.84615384615385	-9.71794871794872
			7.84615384615385	-9.72649572649573
			7.84615384615385	-9.73504273504274
			7.84615384615385	-9.74358974358974
			7.84615384615385	-9.75213675213675
			7.84615384615385	-9.76068376068376
			7.84615384615385	-9.76923076923077
			7.84615384615385	-9.77777777777778
			7.84615384615385	-9.78632478632479
			7.84615384615385	-9.7948717948718
			7.84615384615385	-9.8034188034188
			7.84615384615385	-9.81196581196581
			7.83760683760684	-9.82051282051282
			7.83760683760684	-9.82905982905983
			7.83760683760684	-9.83760683760684
			7.83760683760684	-9.84615384615385
			7.83760683760684	-9.85470085470086
			7.83760683760684	-9.86324786324786
			7.83760683760684	-9.87179487179487
			7.83760683760684	-9.88034188034188
			7.82905982905983	-9.88888888888889
			7.82905982905983	-9.8974358974359
			7.82905982905983	-9.90598290598291
			7.82905982905983	-9.91452991452991
			7.82905982905983	-9.92307692307692
			7.82905982905983	-9.93162393162393
			7.82051282051282	-9.94017094017094
			7.82051282051282	-9.94871794871795
			7.82051282051282	-9.95726495726496
			7.82051282051282	-9.96581196581197
			7.82051282051282	-9.97435897435898
			7.81196581196581	-9.98290598290598
			7.81196581196581	-9.99145299145299
			7.81196581196581	-10
			7.81196581196581	-10.008547008547
			7.81196581196581	-10.017094017094
			7.8034188034188	-10.025641025641
			7.8034188034188	-10.034188034188
			7.8034188034188	-10.042735042735
			7.7948717948718	-10.0512820512821
			7.7948717948718	-10.0598290598291
			7.7948717948718	-10.0683760683761
			7.78632478632479	-10.0769230769231
			7.78632478632479	-10.0854700854701
			7.78632478632479	-10.0940170940171
			7.77777777777778	-10.0940170940171
			7.77777777777778	-10.1025641025641
			7.77777777777778	-10.1111111111111
			7.76923076923077	-10.1196581196581
			7.76923076923077	-10.1282051282051
			7.76068376068376	-10.1367521367521
			7.75213675213675	-10.1452991452991
			7.75213675213675	-10.1538461538462
			7.74358974358974	-10.1623931623932
			7.73504273504274	-10.1709401709402
			7.72649572649573	-10.1794871794872
			7.71794871794872	-10.1880341880342
			7.70940170940171	-10.1965811965812
			7.7008547008547	-10.1965811965812
			7.69230769230769	-10.2051282051282
			7.68376068376068	-10.2051282051282
		</curveLM09>
		<curveLM10 type=matrix rownames=FALSE colnames=FALSE nrow=111 ncol=2 as.numeric=TRUE >
			7.68376068376068	-10.2051282051282
			7.67521367521368	-10.2051282051282
			7.66666666666667	-10.2051282051282
			7.65811965811966	-10.1965811965812
			7.64957264957265	-10.1965811965812
			7.64102564102564	-10.1880341880342
			7.63247863247863	-10.1794871794872
			7.62393162393162	-10.1709401709402
			7.61538461538462	-10.1623931623932
			7.61538461538462	-10.1538461538462
			7.60683760683761	-10.1452991452991
			7.5982905982906	-10.1367521367521
			7.5982905982906	-10.1282051282051
			7.58974358974359	-10.1196581196581
			7.58119658119658	-10.1111111111111
			7.58119658119658	-10.1025641025641
			7.57264957264957	-10.0940170940171
			7.57264957264957	-10.0854700854701
			7.57264957264957	-10.0769230769231
			7.56410256410256	-10.0683760683761
			7.56410256410256	-10.0598290598291
			7.55555555555556	-10.0512820512821
			7.55555555555556	-10.042735042735
			7.55555555555556	-10.034188034188
			7.55555555555556	-10.025641025641
			7.54700854700855	-10.025641025641
			7.54700854700855	-10.017094017094
			7.54700854700855	-10.008547008547
			7.54700854700855	-10
			7.53846153846154	-10
			7.53846153846154	-9.99145299145299
			7.53846153846154	-9.98290598290598
			7.53846153846154	-9.97435897435898
			7.53846153846154	-9.96581196581197
			7.52991452991453	-9.95726495726496
			7.52991452991453	-9.94871794871795
			7.52991452991453	-9.94017094017094
			7.52136752136752	-9.93162393162393
			7.52136752136752	-9.92307692307692
			7.52136752136752	-9.91452991452991
			7.52136752136752	-9.90598290598291
			7.51282051282051	-9.8974358974359
			7.51282051282051	-9.88888888888889
			7.51282051282051	-9.88034188034188
			7.51282051282051	-9.87179487179487
			7.51282051282051	-9.86324786324786
			7.50427350427351	-9.85470085470086
			7.50427350427351	-9.84615384615385
			7.50427350427351	-9.83760683760684
			7.50427350427351	-9.82905982905983
			7.50427350427351	-9.82051282051282
			7.4957264957265	-9.81196581196581
			7.4957264957265	-9.8034188034188
			7.4957264957265	-9.7948717948718
			7.4957264957265	-9.78632478632479
			7.4957264957265	-9.77777777777778
			7.4957264957265	-9.76923076923077
			7.48717948717949	-9.76068376068376
			7.48717948717949	-9.75213675213675
			7.48717948717949	-9.74358974358974
			7.48717948717949	-9.73504273504274
			7.48717948717949	-9.72649572649573
			7.48717948717949	-9.71794871794872
			7.47863247863248	-9.70940170940171
			7.47863247863248	-9.7008547008547
			7.47863247863248	-9.69230769230769
			7.47863247863248	-9.68376068376068
			7.47863247863248	-9.67521367521368
			7.47863247863248	-9.66666666666667
			7.47863247863248	-9.65811965811966
			7.47008547008547	-9.64957264957265
			7.47008547008547	-9.64102564102564
			7.47008547008547	-9.63247863247863
			7.47008547008547	-9.62393162393163
			7.47008547008547	-9.61538461538462
			7.47008547008547	-9.60683760683761
			7.47008547008547	-9.5982905982906
			7.46153846153846	-9.58974358974359
			7.46153846153846	-9.58119658119658
			7.46153846153846	-9.57264957264957
			7.46153846153846	-9.56410256410257
			7.46153846153846	-9.55555555555556
			7.46153846153846	-9.54700854700855
			7.46153846153846	-9.53846153846154
			7.46153846153846	-9.52991452991453
			7.45299145299145	-9.52136752136752
			7.45299145299145	-9.51282051282051
			7.45299145299145	-9.50427350427351
			7.45299145299145	-9.4957264957265
			7.45299145299145	-9.48717948717949
			7.45299145299145	-9.47863247863248
			7.44444444444445	-9.47008547008547
			7.44444444444445	-9.46153846153846
			7.44444444444445	-9.45299145299145
			7.43589743589744	-9.44444444444444
			7.43589743589744	-9.43589743589744
			7.43589743589744	-9.42735042735043
			7.43589743589744	-9.41880341880342
			7.42735042735043	-9.41880341880342
			7.42735042735043	-9.41025641025641
			7.42735042735043	-9.4017094017094
			7.41880341880342	-9.4017094017094
			7.41880341880342	-9.39316239316239
			7.41880341880342	-9.38461538461539
			7.41025641025641	-9.38461538461539
			7.41025641025641	-9.37606837606838
			7.41025641025641	-9.36752136752137
			7.4017094017094	-9.36752136752137
			7.4017094017094	-9.35897435897436
			7.39316239316239	-9.35042735042735
			7.38461538461539	-9.34188034188034
		</curveLM10>
		<curveLM11 type=matrix rownames=FALSE colnames=FALSE nrow=74 ncol=2 as.numeric=TRUE >
			7.38461538461539	-9.34188034188034
			7.37606837606838	-9.34188034188034
			7.36752136752137	-9.34188034188034
			7.35897435897436	-9.34188034188034
			7.35042735042735	-9.34188034188034
			7.34188034188034	-9.34188034188034
			7.33333333333333	-9.34188034188034
			7.32478632478633	-9.34188034188034
			7.32478632478633	-9.35042735042735
			7.31623931623932	-9.35042735042735
			7.30769230769231	-9.35042735042735
			7.2991452991453	-9.35897435897436
			7.29059829059829	-9.35897435897436
			7.28205128205128	-9.36752136752137
			7.27350427350427	-9.36752136752137
			7.26495726495727	-9.37606837606838
			7.25641025641026	-9.37606837606838
			7.24786324786325	-9.38461538461539
			7.23931623931624	-9.39316239316239
			7.23076923076923	-9.39316239316239
			7.22222222222222	-9.4017094017094
			7.21367521367521	-9.41025641025641
			7.20512820512821	-9.41880341880342
			7.1965811965812	-9.42735042735043
			7.18803418803419	-9.43589743589744
			7.17948717948718	-9.44444444444444
			7.17094017094017	-9.45299145299145
			7.16239316239316	-9.46153846153846
			7.15384615384615	-9.47008547008547
			7.14529914529915	-9.47863247863248
			7.13675213675214	-9.48717948717949
			7.13675213675214	-9.4957264957265
			7.12820512820513	-9.4957264957265
			7.11965811965812	-9.50427350427351
			7.11965811965812	-9.51282051282051
			7.11111111111111	-9.52136752136752
			7.1025641025641	-9.52991452991453
			7.09401709401709	-9.53846153846154
			7.09401709401709	-9.54700854700855
			7.08547008547009	-9.55555555555556
			7.07692307692308	-9.56410256410257
			7.06837606837607	-9.57264957264957
			7.05982905982906	-9.58119658119658
			7.05982905982906	-9.58974358974359
			7.05128205128205	-9.58974358974359
			7.04273504273504	-9.5982905982906
			7.03418803418803	-9.60683760683761
			7.03418803418803	-9.61538461538462
			7.02564102564103	-9.62393162393163
			7.01709401709402	-9.63247863247863
			7.00854700854701	-9.64102564102564
			7	-9.64957264957265
			6.99145299145299	-9.65811965811966
			6.98290598290598	-9.66666666666667
			6.97435897435898	-9.67521367521368
			6.96581196581197	-9.67521367521368
			6.96581196581197	-9.68376068376068
			6.95726495726496	-9.69230769230769
			6.94871794871795	-9.69230769230769
			6.94871794871795	-9.7008547008547
			6.94017094017094	-9.7008547008547
			6.93162393162393	-9.70940170940171
			6.92307692307692	-9.70940170940171
			6.91452991452991	-9.71794871794872
			6.90598290598291	-9.71794871794872
			6.8974358974359	-9.72649572649573
			6.88888888888889	-9.72649572649573
			6.88034188034188	-9.72649572649573
			6.87179487179487	-9.72649572649573
			6.86324786324786	-9.72649572649573
			6.85470085470086	-9.72649572649573
			6.84615384615385	-9.72649572649573
			6.83760683760684	-9.71794871794872
			6.82905982905983	-9.70940170940171
		</curveLM11>
		<curveLM12 type=matrix rownames=FALSE colnames=FALSE nrow=278 ncol=2 as.numeric=TRUE >
			6.82905982905983	-9.70940170940171
			6.82051282051282	-9.7008547008547
			6.81196581196581	-9.69230769230769
			6.81196581196581	-9.68376068376068
			6.8034188034188	-9.67521367521368
			6.8034188034188	-9.66666666666667
			6.8034188034188	-9.65811965811966
			6.7948717948718	-9.64957264957265
			6.7948717948718	-9.64102564102564
			6.7948717948718	-9.63247863247863
			6.7948717948718	-9.62393162393163
			6.7948717948718	-9.61538461538462
			6.78632478632479	-9.60683760683761
			6.78632478632479	-9.5982905982906
			6.78632478632479	-9.58974358974359
			6.78632478632479	-9.58119658119658
			6.78632478632479	-9.57264957264957
			6.78632478632479	-9.56410256410257
			6.78632478632479	-9.55555555555556
			6.78632478632479	-9.54700854700855
			6.78632478632479	-9.53846153846154
			6.7948717948718	-9.52991452991453
			6.7948717948718	-9.52136752136752
			6.7948717948718	-9.51282051282051
			6.7948717948718	-9.50427350427351
			6.7948717948718	-9.4957264957265
			6.7948717948718	-9.48717948717949
			6.7948717948718	-9.47863247863248
			6.7948717948718	-9.47008547008547
			6.8034188034188	-9.46153846153846
			6.8034188034188	-9.45299145299145
			6.8034188034188	-9.44444444444444
			6.8034188034188	-9.43589743589744
			6.8034188034188	-9.42735042735043
			6.8034188034188	-9.41880341880342
			6.81196581196581	-9.41025641025641
			6.81196581196581	-9.4017094017094
			6.81196581196581	-9.39316239316239
			6.81196581196581	-9.38461538461539
			6.81196581196581	-9.37606837606838
			6.82051282051282	-9.36752136752137
			6.82051282051282	-9.35897435897436
			6.82051282051282	-9.35042735042735
			6.82051282051282	-9.34188034188034
			6.82905982905983	-9.33333333333333
			6.82905982905983	-9.32478632478633
			6.82905982905983	-9.31623931623932
			6.82905982905983	-9.30769230769231
			6.83760683760684	-9.2991452991453
			6.83760683760684	-9.29059829059829
			6.83760683760684	-9.28205128205128
			6.83760683760684	-9.27350427350427
			6.84615384615385	-9.26495726495727
			6.84615384615385	-9.25641025641026
			6.84615384615385	-9.24786324786325
			6.85470085470086	-9.23931623931624
			6.85470085470086	-9.23076923076923
			6.85470085470086	-9.22222222222222
			6.85470085470086	-9.21367521367521
			6.86324786324786	-9.21367521367521
			6.86324786324786	-9.20512820512821
			6.86324786324786	-9.1965811965812
			6.86324786324786	-9.18803418803419
			6.87179487179487	-9.17948717948718
			6.87179487179487	-9.17094017094017
			6.87179487179487	-9.16239316239316
			6.88034188034188	-9.15384615384616
			6.88034188034188	-9.14529914529915
			6.88034188034188	-9.13675213675214
			6.88888888888889	-9.12820512820513
			6.88888888888889	-9.11965811965812
			6.88888888888889	-9.11111111111111
			6.8974358974359	-9.1025641025641
			6.8974358974359	-9.0940170940171
			6.8974358974359	-9.08547008547009
			6.90598290598291	-9.07692307692308
			6.90598290598291	-9.06837606837607
			6.90598290598291	-9.05982905982906
			6.91452991452991	-9.05128205128205
			6.91452991452991	-9.04273504273504
			6.91452991452991	-9.03418803418804
			6.92307692307692	-9.02564102564103
			6.92307692307692	-9.01709401709402
			6.93162393162393	-9.00854700854701
			6.93162393162393	-9
			6.93162393162393	-8.99145299145299
			6.94017094017094	-8.98290598290598
			6.94017094017094	-8.97435897435897
			6.94017094017094	-8.96581196581197
			6.94871794871795	-8.95726495726496
			6.94871794871795	-8.94871794871795
			6.94871794871795	-8.94017094017094
			6.95726495726496	-8.93162393162393
			6.95726495726496	-8.92307692307692
			6.96581196581197	-8.91452991452991
			6.96581196581197	-8.90598290598291
			6.96581196581197	-8.8974358974359
			6.97435897435898	-8.88888888888889
			6.97435897435898	-8.88034188034188
			6.98290598290598	-8.87179487179487
			6.98290598290598	-8.86324786324786
			6.98290598290598	-8.85470085470086
			6.99145299145299	-8.84615384615385
			6.99145299145299	-8.83760683760684
			7	-8.82905982905983
			7	-8.82051282051282
			7	-8.81196581196581
			7.00854700854701	-8.8034188034188
			7.00854700854701	-8.7948717948718
			7.00854700854701	-8.78632478632479
			7.01709401709402	-8.77777777777778
			7.01709401709402	-8.76923076923077
			7.01709401709402	-8.76068376068376
			7.02564102564103	-8.76068376068376
			7.02564102564103	-8.75213675213675
			7.02564102564103	-8.74358974358974
			7.03418803418803	-8.73504273504274
			7.03418803418803	-8.72649572649573
			7.04273504273504	-8.71794871794872
			7.04273504273504	-8.70940170940171
			7.05128205128205	-8.7008547008547
			7.05128205128205	-8.69230769230769
			7.05128205128205	-8.68376068376068
			7.05982905982906	-8.67521367521368
			7.05982905982906	-8.66666666666667
			7.06837606837607	-8.65811965811966
			7.06837606837607	-8.64957264957265
			7.06837606837607	-8.64102564102564
			7.07692307692308	-8.63247863247863
			7.07692307692308	-8.62393162393163
			7.08547008547009	-8.61538461538462
			7.08547008547009	-8.60683760683761
			7.08547008547009	-8.5982905982906
			7.09401709401709	-8.58974358974359
			7.09401709401709	-8.58119658119658
			7.1025641025641	-8.57264957264957
			7.1025641025641	-8.56410256410257
			7.1025641025641	-8.55555555555556
			7.11111111111111	-8.54700854700855
			7.11111111111111	-8.53846153846154
			7.11965811965812	-8.52991452991453
			7.11965811965812	-8.52136752136752
			7.11965811965812	-8.51282051282051
			7.12820512820513	-8.5042735042735
			7.12820512820513	-8.4957264957265
			7.13675213675214	-8.48717948717949
			7.13675213675214	-8.47863247863248
			7.13675213675214	-8.47008547008547
			7.14529914529915	-8.46153846153846
			7.14529914529915	-8.45299145299145
			7.15384615384615	-8.44444444444444
			7.15384615384615	-8.43589743589744
			7.16239316239316	-8.42735042735043
			7.16239316239316	-8.41880341880342
			7.16239316239316	-8.41025641025641
			7.17094017094017	-8.4017094017094
			7.17094017094017	-8.39316239316239
			7.17948717948718	-8.38461538461539
			7.17948717948718	-8.37606837606838
			7.18803418803419	-8.36752136752137
			7.18803418803419	-8.35897435897436
			7.18803418803419	-8.35042735042735
			7.1965811965812	-8.34188034188034
			7.1965811965812	-8.33333333333333
			7.20512820512821	-8.32478632478633
			7.20512820512821	-8.31623931623932
			7.21367521367521	-8.30769230769231
			7.21367521367521	-8.2991452991453
			7.22222222222222	-8.29059829059829
			7.22222222222222	-8.28205128205128
			7.22222222222222	-8.27350427350427
			7.23076923076923	-8.26495726495727
			7.23076923076923	-8.25641025641026
			7.23931623931624	-8.24786324786325
			7.23931623931624	-8.23931623931624
			7.24786324786325	-8.23076923076923
			7.24786324786325	-8.22222222222222
			7.25641025641026	-8.21367521367521
			7.25641025641026	-8.20512820512821
			7.26495726495727	-8.1965811965812
			7.26495726495727	-8.18803418803419
			7.27350427350427	-8.17948717948718
			7.27350427350427	-8.17094017094017
			7.28205128205128	-8.16239316239316
			7.28205128205128	-8.15384615384616
			7.29059829059829	-8.14529914529915
			7.29059829059829	-8.13675213675214
			7.2991452991453	-8.12820512820513
			7.2991452991453	-8.11965811965812
			7.30769230769231	-8.11111111111111
			7.30769230769231	-8.1025641025641
			7.31623931623932	-8.0940170940171
			7.31623931623932	-8.08547008547009
			7.32478632478633	-8.07692307692308
			7.32478632478633	-8.06837606837607
			7.33333333333333	-8.05982905982906
			7.33333333333333	-8.05128205128205
			7.34188034188034	-8.04273504273504
			7.34188034188034	-8.03418803418804
			7.35042735042735	-8.02564102564103
			7.35042735042735	-8.01709401709402
			7.35897435897436	-8.00854700854701
			7.35897435897436	-8
			7.36752136752137	-7.99145299145299
			7.36752136752137	-7.98290598290598
			7.37606837606838	-7.97435897435898
			7.37606837606838	-7.96581196581197
			7.38461538461539	-7.95726495726496
			7.38461538461539	-7.94871794871795
			7.39316239316239	-7.94017094017094
			7.39316239316239	-7.93162393162393
			7.4017094017094	-7.92307692307692
			7.4017094017094	-7.91452991452992
			7.41025641025641	-7.90598290598291
			7.41025641025641	-7.8974358974359
			7.41880341880342	-7.88888888888889
			7.41880341880342	-7.88034188034188
			7.42735042735043	-7.87179487179487
			7.42735042735043	-7.86324786324786
			7.43589743589744	-7.85470085470086
			7.43589743589744	-7.84615384615385
			7.44444444444445	-7.83760683760684
			7.44444444444445	-7.82905982905983
			7.45299145299145	-7.82051282051282
			7.46153846153846	-7.81196581196581
			7.46153846153846	-7.8034188034188
			7.47008547008547	-7.7948717948718
			7.47008547008547	-7.78632478632479
			7.47863247863248	-7.77777777777778
			7.47863247863248	-7.76923076923077
			7.48717948717949	-7.76068376068376
			7.48717948717949	-7.75213675213675
			7.4957264957265	-7.74358974358974
			7.4957264957265	-7.73504273504274
			7.50427350427351	-7.73504273504274
			7.50427350427351	-7.72649572649573
			7.50427350427351	-7.71794871794872
			7.51282051282051	-7.70940170940171
			7.51282051282051	-7.7008547008547
			7.52136752136752	-7.7008547008547
			7.52136752136752	-7.69230769230769
			7.52991452991453	-7.68376068376068
			7.52991452991453	-7.67521367521368
			7.53846153846154	-7.66666666666667
			7.53846153846154	-7.65811965811966
			7.54700854700855	-7.65811965811966
			7.54700854700855	-7.64957264957265
			7.54700854700855	-7.64102564102564
			7.55555555555556	-7.63247863247863
			7.55555555555556	-7.62393162393162
			7.56410256410256	-7.61538461538462
			7.57264957264957	-7.60683760683761
			7.57264957264957	-7.5982905982906
			7.58119658119658	-7.58974358974359
			7.58119658119658	-7.58119658119658
			7.58974358974359	-7.57264957264957
			7.5982905982906	-7.56410256410256
			7.5982905982906	-7.55555555555556
			7.60683760683761	-7.54700854700855
			7.60683760683761	-7.53846153846154
			7.61538461538462	-7.52991452991453
			7.61538461538462	-7.52136752136752
			7.62393162393162	-7.51282051282051
			7.63247863247863	-7.50427350427351
			7.63247863247863	-7.4957264957265
			7.64102564102564	-7.48717948717949
			7.64102564102564	-7.47863247863248
			7.64957264957265	-7.47008547008547
			7.65811965811966	-7.46153846153846
			7.65811965811966	-7.45299145299145
			7.66666666666667	-7.44444444444445
			7.66666666666667	-7.43589743589744
			7.67521367521368	-7.42735042735043
			7.68376068376068	-7.41880341880342
			7.68376068376068	-7.41025641025641
			7.68376068376068	-7.4017094017094
			7.69230769230769	-7.4017094017094
			7.69230769230769	-7.39316239316239
		</curveLM12>
	</curves.scaled>
	<ruler.points type=matrix rownames=TRUE colnames=FALSE nrow=5 ncol=2 as.numeric=TRUE >
		Ruler point 1	434	1409
		Ruler point 2	551	1409
		Ruler point 3	668	1409
		Ruler point 4	785	1409
		Ruler point 5	903	1409
	</ruler.points>
</shapes>

