<shapes type=list>
	<ruler.pixel type=vector names=FALSE length=1 as.numeric=TRUE >117</ruler.pixel>
	<ruler.interval type=vector names=FALSE length=1 as.numeric=TRUE >1</ruler.interval>
	<scaling.units type=vector names=FALSE length=1 as.numeric=FALSE >cm</scaling.units>
	<scaling type=vector names=FALSE length=1 as.numeric=TRUE >0.00854700854700855</scaling>
	<landmarks.pixel type=matrix rownames=TRUE colnames=FALSE nrow=6 ncol=2 as.numeric=TRUE >
		LM01	900	871
		LM02	995	1125
		LM03	933	1105
		LM04	901	1196
		LM05	865	1110
		LM06	796	1140
	</landmarks.pixel>
	<landmarks.scaled type=matrix rownames=TRUE colnames=FALSE nrow=6 ncol=2 as.numeric=TRUE >
		LM01	7.69230769230769	-7.44444444444445
		LM02	8.5042735042735	-9.61538461538462
		LM03	7.97435897435898	-9.44444444444444
		LM04	7.7008547008547	-10.2222222222222
		LM05	7.39316239316239	-9.48717948717949
		LM06	6.8034188034188	-9.74358974358974
	</landmarks.scaled>
	<curves.control type=list>
		<curveLM07 type=matrix rownames=FALSE colnames=FALSE nrow=7 ncol=2 as.numeric=TRUE >
			900	871
			923	897
			946	971
			972	1024
			990	1082
			1005	1118
			995	1125
		</curveLM07>
		<curveLM08 type=matrix rownames=FALSE colnames=FALSE nrow=5 ncol=2 as.numeric=TRUE >
			995	1125
			989	1134
			972	1121
			948	1102
			933	1105
		</curveLM08>
		<curveLM09 type=matrix rownames=FALSE colnames=FALSE nrow=5 ncol=2 as.numeric=TRUE >
			933	1105
			928	1113
			921	1168
			910	1197
			901	1196
		</curveLM09>
		<curveLM10 type=matrix rownames=FALSE colnames=FALSE nrow=3 ncol=2 as.numeric=TRUE >
			901	1196
			889	1195
			865	1110
		</curveLM10>
		<curveLM11 type=matrix rownames=FALSE colnames=FALSE nrow=5 ncol=2 as.numeric=TRUE >
			865	1110
			856	1105
			826	1128
			809	1144
			796	1140
		</curveLM11>
		<curveLM12 type=matrix rownames=FALSE colnames=FALSE nrow=5 ncol=2 as.numeric=TRUE >
			796	1140
			785	1132
			825	1016
			834	980
			900	871
		</curveLM12>
	</curves.control>
	<curves.pixel type=list>
		<curveLM07 type=matrix rownames=FALSE colnames=FALSE nrow=262 ncol=2 as.numeric=TRUE >
			900	871
			901	872
			902	873
			903	874
			904	875
			904	876
			905	877
			905	878
			906	878
			907	879
			907	880
			908	881
			908	882
			909	883
			910	884
			910	885
			911	886
			911	887
			912	888
			913	889
			913	890
			914	891
			914	892
			915	893
			916	894
			916	895
			917	896
			917	897
			918	898
			918	899
			919	900
			919	901
			920	902
			920	903
			920	904
			921	905
			922	906
			922	907
			923	908
			923	909
			924	910
			924	911
			924	912
			925	913
			925	914
			926	915
			926	916
			927	917
			927	918
			928	919
			928	920
			928	921
			929	922
			929	923
			930	924
			930	925
			930	926
			931	927
			931	928
			932	929
			932	930
			932	931
			933	932
			933	933
			934	934
			934	935
			934	936
			935	937
			935	938
			935	939
			936	940
			936	941
			936	942
			937	943
			937	944
			937	945
			938	946
			938	947
			938	948
			939	949
			939	950
			939	951
			940	952
			940	953
			940	954
			941	955
			941	956
			941	957
			942	958
			942	959
			942	960
			943	961
			943	962
			943	963
			944	964
			944	965
			944	966
			945	967
			945	968
			945	969
			946	970
			946	971
			947	972
			947	973
			947	974
			948	974
			948	975
			948	976
			949	977
			949	978
			950	978
			950	979
			950	980
			951	981
			951	982
			952	983
			952	984
			953	985
			953	986
			954	987
			954	988
			954	989
			955	990
			955	991
			956	992
			956	993
			957	993
			957	994
			957	995
			958	996
			958	997
			959	998
			959	999
			960	1000
			960	1001
			960	1002
			961	1003
			961	1004
			962	1005
			962	1006
			962	1007
			963	1008
			963	1009
			964	1010
			964	1011
			964	1012
			965	1012
			965	1013
			966	1014
			966	1015
			966	1016
			967	1017
			967	1018
			968	1019
			968	1020
			968	1021
			969	1022
			969	1023
			970	1024
			970	1025
			970	1026
			971	1027
			971	1028
			971	1029
			972	1030
			972	1031
			973	1032
			973	1033
			973	1034
			974	1035
			974	1036
			974	1037
			975	1038
			975	1039
			976	1040
			976	1041
			976	1042
			977	1043
			977	1044
			977	1045
			978	1046
			978	1047
			979	1048
			979	1049
			979	1050
			980	1051
			980	1052
			981	1053
			981	1054
			981	1055
			981	1056
			982	1057
			982	1058
			982	1059
			983	1059
			983	1060
			983	1061
			984	1062
			984	1063
			984	1064
			984	1065
			985	1066
			985	1067
			986	1068
			986	1069
			986	1070
			987	1071
			987	1072
			987	1073
			988	1074
			988	1075
			988	1076
			989	1077
			989	1078
			989	1079
			989	1080
			990	1081
			990	1082
			990	1083
			991	1084
			991	1085
			992	1086
			992	1087
			992	1088
			993	1088
			993	1089
			993	1090
			993	1091
			994	1092
			994	1093
			995	1094
			995	1095
			995	1096
			996	1097
			996	1098
			996	1099
			997	1100
			997	1101
			997	1102
			997	1103
			998	1104
			998	1105
			998	1106
			998	1107
			998	1108
			999	1109
			999	1110
			999	1111
			999	1112
			999	1113
			999	1114
			999	1115
			999	1116
			999	1117
			999	1118
			999	1119
			998	1120
			998	1121
			998	1122
			997	1123
			996	1124
			995	1125
		</curveLM07>
		<curveLM08 type=matrix rownames=FALSE colnames=FALSE nrow=63 ncol=2 as.numeric=TRUE >
			995	1125
			994	1126
			993	1127
			992	1128
			991	1128
			990	1128
			989	1129
			988	1129
			987	1129
			986	1128
			985	1128
			984	1128
			983	1128
			982	1127
			981	1127
			980	1126
			979	1126
			978	1125
			977	1124
			976	1124
			975	1123
			974	1122
			973	1122
			972	1121
			971	1120
			970	1119
			969	1119
			968	1118
			967	1117
			966	1116
			965	1116
			964	1115
			963	1115
			962	1114
			961	1113
			960	1112
			959	1112
			958	1111
			957	1111
			956	1110
			955	1110
			954	1109
			953	1109
			952	1108
			951	1108
			950	1107
			949	1107
			948	1107
			947	1106
			946	1106
			945	1106
			944	1105
			943	1105
			942	1105
			941	1105
			940	1105
			939	1105
			938	1105
			937	1105
			936	1105
			935	1105
			934	1105
			933	1105
		</curveLM08>
		<curveLM09 type=matrix rownames=FALSE colnames=FALSE nrow=98 ncol=2 as.numeric=TRUE >
			933	1105
			933	1106
			932	1107
			932	1108
			931	1109
			931	1110
			931	1111
			930	1112
			930	1113
			930	1114
			930	1115
			929	1116
			929	1117
			929	1118
			929	1119
			928	1120
			928	1121
			928	1122
			928	1123
			928	1124
			927	1125
			927	1126
			927	1127
			927	1128
			927	1129
			927	1130
			926	1131
			926	1132
			926	1133
			926	1134
			926	1135
			926	1136
			925	1137
			925	1138
			925	1139
			925	1140
			925	1141
			925	1142
			924	1143
			924	1144
			924	1145
			924	1146
			924	1147
			924	1148
			924	1149
			923	1150
			923	1151
			923	1152
			923	1153
			923	1154
			923	1155
			923	1156
			922	1157
			922	1158
			922	1159
			922	1160
			922	1161
			922	1162
			922	1163
			921	1164
			921	1165
			921	1166
			921	1167
			921	1168
			921	1169
			920	1170
			920	1171
			919	1172
			919	1173
			919	1174
			918	1175
			918	1176
			917	1177
			917	1178
			917	1179
			916	1179
			916	1180
			915	1181
			915	1182
			915	1183
			914	1183
			914	1184
			913	1185
			913	1186
			912	1187
			911	1188
			911	1189
			910	1190
			909	1191
			909	1192
			908	1193
			907	1194
			906	1194
			905	1195
			904	1195
			903	1196
			902	1196
			901	1196
		</curveLM09>
		<curveLM10 type=matrix rownames=FALSE colnames=FALSE nrow=92 ncol=2 as.numeric=TRUE >
			901	1196
			900	1196
			899	1196
			898	1195
			897	1194
			896	1193
			895	1192
			895	1191
			894	1190
			893	1189
			893	1188
			892	1187
			892	1186
			891	1185
			890	1184
			890	1183
			890	1182
			889	1181
			889	1180
			888	1179
			888	1178
			887	1177
			887	1176
			886	1175
			886	1174
			886	1173
			885	1173
			885	1172
			885	1171
			885	1170
			884	1170
			884	1169
			884	1168
			883	1167
			883	1166
			882	1165
			882	1164
			882	1163
			881	1162
			881	1161
			881	1160
			880	1159
			880	1158
			879	1157
			879	1156
			879	1155
			879	1154
			878	1154
			878	1153
			878	1152
			877	1151
			877	1150
			877	1149
			877	1148
			876	1147
			876	1146
			875	1145
			875	1144
			875	1143
			875	1142
			874	1141
			874	1140
			874	1139
			873	1138
			873	1137
			873	1136
			872	1135
			872	1134
			872	1133
			871	1132
			871	1131
			871	1130
			871	1129
			870	1128
			870	1127
			870	1126
			869	1125
			869	1124
			869	1123
			868	1122
			868	1121
			868	1120
			868	1119
			867	1118
			867	1117
			867	1116
			866	1115
			866	1114
			866	1113
			866	1112
			865	1111
			865	1110
		</curveLM10>
		<curveLM11 type=matrix rownames=FALSE colnames=FALSE nrow=76 ncol=2 as.numeric=TRUE >
			865	1110
			864	1110
			863	1109
			862	1109
			861	1109
			860	1109
			859	1109
			858	1109
			858	1110
			857	1110
			856	1110
			855	1110
			854	1111
			853	1111
			852	1112
			851	1112
			850	1112
			849	1113
			848	1113
			847	1114
			846	1114
			845	1115
			844	1115
			843	1116
			842	1117
			841	1117
			840	1118
			839	1119
			838	1120
			837	1120
			836	1121
			835	1121
			835	1122
			834	1122
			833	1123
			832	1123
			832	1124
			831	1124
			830	1125
			829	1125
			829	1126
			828	1127
			827	1127
			826	1128
			825	1129
			824	1130
			823	1130
			823	1131
			822	1132
			821	1132
			820	1133
			819	1134
			818	1134
			817	1135
			817	1136
			816	1136
			815	1137
			814	1137
			813	1137
			812	1138
			811	1139
			810	1139
			809	1139
			808	1140
			807	1140
			806	1140
			805	1140
			804	1141
			803	1141
			802	1141
			801	1141
			800	1141
			799	1141
			798	1140
			797	1140
			796	1140
		</curveLM11>
		<curveLM12 type=matrix rownames=FALSE colnames=FALSE nrow=273 ncol=2 as.numeric=TRUE >
			796	1140
			795	1139
			795	1138
			794	1137
			794	1136
			794	1135
			794	1134
			794	1133
			794	1132
			794	1131
			794	1130
			794	1129
			794	1128
			794	1127
			794	1126
			794	1125
			794	1124
			794	1123
			794	1122
			795	1121
			795	1120
			795	1119
			795	1118
			795	1117
			795	1116
			796	1115
			796	1114
			796	1113
			796	1112
			796	1111
			797	1110
			797	1109
			797	1108
			797	1107
			798	1106
			798	1105
			798	1104
			798	1103
			798	1102
			799	1101
			799	1100
			799	1099
			800	1098
			800	1097
			800	1096
			800	1095
			800	1094
			801	1094
			801	1093
			801	1092
			801	1091
			802	1090
			802	1089
			802	1088
			802	1087
			803	1086
			803	1085
			803	1084
			804	1083
			804	1082
			804	1081
			805	1080
			805	1079
			805	1078
			805	1077
			806	1076
			806	1075
			806	1074
			806	1073
			807	1072
			807	1071
			807	1070
			808	1069
			808	1068
			808	1067
			809	1066
			809	1065
			809	1064
			810	1063
			810	1062
			810	1061
			810	1060
			811	1059
			811	1058
			811	1057
			812	1056
			812	1055
			812	1054
			813	1053
			813	1052
			813	1051
			814	1050
			814	1049
			814	1048
			815	1047
			815	1046
			815	1045
			816	1044
			816	1043
			816	1042
			817	1041
			817	1040
			817	1039
			818	1038
			818	1037
			818	1036
			819	1035
			819	1034
			819	1033
			820	1032
			820	1031
			820	1030
			821	1029
			821	1028
			821	1027
			822	1026
			822	1025
			822	1024
			823	1023
			823	1022
			823	1021
			824	1020
			824	1019
			824	1018
			825	1017
			825	1016
			825	1015
			826	1014
			826	1013
			826	1012
			826	1011
			827	1010
			827	1009
			827	1008
			828	1007
			828	1006
			828	1005
			829	1004
			829	1003
			830	1002
			830	1001
			830	1000
			831	999
			831	998
			832	997
			832	996
			832	995
			833	994
			833	993
			834	992
			834	991
			834	990
			835	989
			836	988
			836	987
			837	986
			837	985
			837	984
			838	983
			838	982
			839	981
			839	980
			840	979
			840	978
			840	977
			841	977
			841	976
			842	975
			842	974
			842	973
			843	972
			843	971
			844	971
			844	970
			845	969
			845	968
			846	967
			846	966
			847	965
			847	964
			848	963
			848	962
			848	961
			849	960
			849	959
			850	958
			851	957
			851	956
			852	955
			852	954
			853	953
			853	952
			854	951
			854	950
			855	949
			855	948
			856	947
			856	946
			857	945
			858	944
			858	943
			859	942
			859	941
			860	940
			861	939
			861	938
			862	937
			862	936
			863	935
			863	934
			864	933
			864	932
			865	931
			866	930
			866	929
			867	928
			867	927
			868	926
			868	925
			869	924
			870	923
			870	922
			871	921
			871	920
			872	919
			872	918
			873	917
			873	916
			874	915
			875	914
			875	913
			876	912
			876	911
			877	910
			878	909
			878	908
			879	907
			879	906
			880	905
			880	904
			881	903
			881	902
			882	901
			883	900
			883	899
			884	898
			884	897
			885	896
			885	895
			886	894
			887	893
			887	892
			888	891
			888	890
			889	889
			890	888
			890	887
			891	886
			891	885
			892	884
			893	883
			893	882
			894	881
			894	880
			895	879
			896	878
			896	877
			897	876
			898	875
			898	874
			899	873
			900	872
			900	871
		</curveLM12>
	</curves.pixel>
	<curves.scaled type=list>
		<curveLM07 type=matrix rownames=FALSE colnames=FALSE nrow=262 ncol=2 as.numeric=TRUE >
			7.69230769230769	-7.44444444444445
			7.7008547008547	-7.45299145299145
			7.70940170940171	-7.46153846153846
			7.71794871794872	-7.47008547008547
			7.72649572649573	-7.47863247863248
			7.72649572649573	-7.48717948717949
			7.73504273504274	-7.4957264957265
			7.73504273504274	-7.50427350427351
			7.74358974358974	-7.50427350427351
			7.75213675213675	-7.51282051282051
			7.75213675213675	-7.52136752136752
			7.76068376068376	-7.52991452991453
			7.76068376068376	-7.53846153846154
			7.76923076923077	-7.54700854700855
			7.77777777777778	-7.55555555555556
			7.77777777777778	-7.56410256410256
			7.78632478632479	-7.57264957264957
			7.78632478632479	-7.58119658119658
			7.7948717948718	-7.58974358974359
			7.8034188034188	-7.5982905982906
			7.8034188034188	-7.60683760683761
			7.81196581196581	-7.61538461538462
			7.81196581196581	-7.62393162393162
			7.82051282051282	-7.63247863247863
			7.82905982905983	-7.64102564102564
			7.82905982905983	-7.64957264957265
			7.83760683760684	-7.65811965811966
			7.83760683760684	-7.66666666666667
			7.84615384615385	-7.67521367521368
			7.84615384615385	-7.68376068376068
			7.85470085470086	-7.69230769230769
			7.85470085470086	-7.7008547008547
			7.86324786324786	-7.70940170940171
			7.86324786324786	-7.71794871794872
			7.86324786324786	-7.72649572649573
			7.87179487179487	-7.73504273504274
			7.88034188034188	-7.74358974358974
			7.88034188034188	-7.75213675213675
			7.88888888888889	-7.76068376068376
			7.88888888888889	-7.76923076923077
			7.8974358974359	-7.77777777777778
			7.8974358974359	-7.78632478632479
			7.8974358974359	-7.7948717948718
			7.90598290598291	-7.8034188034188
			7.90598290598291	-7.81196581196581
			7.91452991452992	-7.82051282051282
			7.91452991452992	-7.82905982905983
			7.92307692307692	-7.83760683760684
			7.92307692307692	-7.84615384615385
			7.93162393162393	-7.85470085470086
			7.93162393162393	-7.86324786324786
			7.93162393162393	-7.87179487179487
			7.94017094017094	-7.88034188034188
			7.94017094017094	-7.88888888888889
			7.94871794871795	-7.8974358974359
			7.94871794871795	-7.90598290598291
			7.94871794871795	-7.91452991452992
			7.95726495726496	-7.92307692307692
			7.95726495726496	-7.93162393162393
			7.96581196581197	-7.94017094017094
			7.96581196581197	-7.94871794871795
			7.96581196581197	-7.95726495726496
			7.97435897435898	-7.96581196581197
			7.97435897435898	-7.97435897435898
			7.98290598290598	-7.98290598290598
			7.98290598290598	-7.99145299145299
			7.98290598290598	-8
			7.99145299145299	-8.00854700854701
			7.99145299145299	-8.01709401709402
			7.99145299145299	-8.02564102564103
			8	-8.03418803418804
			8	-8.04273504273504
			8	-8.05128205128205
			8.00854700854701	-8.05982905982906
			8.00854700854701	-8.06837606837607
			8.00854700854701	-8.07692307692308
			8.01709401709402	-8.08547008547009
			8.01709401709402	-8.0940170940171
			8.01709401709402	-8.1025641025641
			8.02564102564103	-8.11111111111111
			8.02564102564103	-8.11965811965812
			8.02564102564103	-8.12820512820513
			8.03418803418804	-8.13675213675214
			8.03418803418804	-8.14529914529915
			8.03418803418804	-8.15384615384616
			8.04273504273504	-8.16239316239316
			8.04273504273504	-8.17094017094017
			8.04273504273504	-8.17948717948718
			8.05128205128205	-8.18803418803419
			8.05128205128205	-8.1965811965812
			8.05128205128205	-8.20512820512821
			8.05982905982906	-8.21367521367521
			8.05982905982906	-8.22222222222222
			8.05982905982906	-8.23076923076923
			8.06837606837607	-8.23931623931624
			8.06837606837607	-8.24786324786325
			8.06837606837607	-8.25641025641026
			8.07692307692308	-8.26495726495727
			8.07692307692308	-8.27350427350427
			8.07692307692308	-8.28205128205128
			8.08547008547009	-8.29059829059829
			8.08547008547009	-8.2991452991453
			8.0940170940171	-8.30769230769231
			8.0940170940171	-8.31623931623932
			8.0940170940171	-8.32478632478633
			8.1025641025641	-8.32478632478633
			8.1025641025641	-8.33333333333333
			8.1025641025641	-8.34188034188034
			8.11111111111111	-8.35042735042735
			8.11111111111111	-8.35897435897436
			8.11965811965812	-8.35897435897436
			8.11965811965812	-8.36752136752137
			8.11965811965812	-8.37606837606838
			8.12820512820513	-8.38461538461539
			8.12820512820513	-8.39316239316239
			8.13675213675214	-8.4017094017094
			8.13675213675214	-8.41025641025641
			8.14529914529915	-8.41880341880342
			8.14529914529915	-8.42735042735043
			8.15384615384616	-8.43589743589744
			8.15384615384616	-8.44444444444444
			8.15384615384616	-8.45299145299145
			8.16239316239316	-8.46153846153846
			8.16239316239316	-8.47008547008547
			8.17094017094017	-8.47863247863248
			8.17094017094017	-8.48717948717949
			8.17948717948718	-8.48717948717949
			8.17948717948718	-8.4957264957265
			8.17948717948718	-8.5042735042735
			8.18803418803419	-8.51282051282051
			8.18803418803419	-8.52136752136752
			8.1965811965812	-8.52991452991453
			8.1965811965812	-8.53846153846154
			8.20512820512821	-8.54700854700855
			8.20512820512821	-8.55555555555556
			8.20512820512821	-8.56410256410257
			8.21367521367521	-8.57264957264957
			8.21367521367521	-8.58119658119658
			8.22222222222222	-8.58974358974359
			8.22222222222222	-8.5982905982906
			8.22222222222222	-8.60683760683761
			8.23076923076923	-8.61538461538462
			8.23076923076923	-8.62393162393163
			8.23931623931624	-8.63247863247863
			8.23931623931624	-8.64102564102564
			8.23931623931624	-8.64957264957265
			8.24786324786325	-8.64957264957265
			8.24786324786325	-8.65811965811966
			8.25641025641026	-8.66666666666667
			8.25641025641026	-8.67521367521368
			8.25641025641026	-8.68376068376068
			8.26495726495727	-8.69230769230769
			8.26495726495727	-8.7008547008547
			8.27350427350427	-8.70940170940171
			8.27350427350427	-8.71794871794872
			8.27350427350427	-8.72649572649573
			8.28205128205128	-8.73504273504274
			8.28205128205128	-8.74358974358974
			8.29059829059829	-8.75213675213675
			8.29059829059829	-8.76068376068376
			8.29059829059829	-8.76923076923077
			8.2991452991453	-8.77777777777778
			8.2991452991453	-8.78632478632479
			8.2991452991453	-8.7948717948718
			8.30769230769231	-8.8034188034188
			8.30769230769231	-8.81196581196581
			8.31623931623932	-8.82051282051282
			8.31623931623932	-8.82905982905983
			8.31623931623932	-8.83760683760684
			8.32478632478633	-8.84615384615385
			8.32478632478633	-8.85470085470086
			8.32478632478633	-8.86324786324786
			8.33333333333333	-8.87179487179487
			8.33333333333333	-8.88034188034188
			8.34188034188034	-8.88888888888889
			8.34188034188034	-8.8974358974359
			8.34188034188034	-8.90598290598291
			8.35042735042735	-8.91452991452991
			8.35042735042735	-8.92307692307692
			8.35042735042735	-8.93162393162393
			8.35897435897436	-8.94017094017094
			8.35897435897436	-8.94871794871795
			8.36752136752137	-8.95726495726496
			8.36752136752137	-8.96581196581197
			8.36752136752137	-8.97435897435897
			8.37606837606838	-8.98290598290598
			8.37606837606838	-8.99145299145299
			8.38461538461539	-9
			8.38461538461539	-9.00854700854701
			8.38461538461539	-9.01709401709402
			8.38461538461539	-9.02564102564103
			8.39316239316239	-9.03418803418804
			8.39316239316239	-9.04273504273504
			8.39316239316239	-9.05128205128205
			8.4017094017094	-9.05128205128205
			8.4017094017094	-9.05982905982906
			8.4017094017094	-9.06837606837607
			8.41025641025641	-9.07692307692308
			8.41025641025641	-9.08547008547009
			8.41025641025641	-9.0940170940171
			8.41025641025641	-9.1025641025641
			8.41880341880342	-9.11111111111111
			8.41880341880342	-9.11965811965812
			8.42735042735043	-9.12820512820513
			8.42735042735043	-9.13675213675214
			8.42735042735043	-9.14529914529915
			8.43589743589744	-9.15384615384616
			8.43589743589744	-9.16239316239316
			8.43589743589744	-9.17094017094017
			8.44444444444444	-9.17948717948718
			8.44444444444444	-9.18803418803419
			8.44444444444444	-9.1965811965812
			8.45299145299145	-9.20512820512821
			8.45299145299145	-9.21367521367521
			8.45299145299145	-9.22222222222222
			8.45299145299145	-9.23076923076923
			8.46153846153846	-9.23931623931624
			8.46153846153846	-9.24786324786325
			8.46153846153846	-9.25641025641026
			8.47008547008547	-9.26495726495727
			8.47008547008547	-9.27350427350427
			8.47863247863248	-9.28205128205128
			8.47863247863248	-9.29059829059829
			8.47863247863248	-9.2991452991453
			8.48717948717949	-9.2991452991453
			8.48717948717949	-9.30769230769231
			8.48717948717949	-9.31623931623932
			8.48717948717949	-9.32478632478633
			8.4957264957265	-9.33333333333333
			8.4957264957265	-9.34188034188034
			8.5042735042735	-9.35042735042735
			8.5042735042735	-9.35897435897436
			8.5042735042735	-9.36752136752137
			8.51282051282051	-9.37606837606838
			8.51282051282051	-9.38461538461539
			8.51282051282051	-9.39316239316239
			8.52136752136752	-9.4017094017094
			8.52136752136752	-9.41025641025641
			8.52136752136752	-9.41880341880342
			8.52136752136752	-9.42735042735043
			8.52991452991453	-9.43589743589744
			8.52991452991453	-9.44444444444444
			8.52991452991453	-9.45299145299145
			8.52991452991453	-9.46153846153846
			8.52991452991453	-9.47008547008547
			8.53846153846154	-9.47863247863248
			8.53846153846154	-9.48717948717949
			8.53846153846154	-9.4957264957265
			8.53846153846154	-9.50427350427351
			8.53846153846154	-9.51282051282051
			8.53846153846154	-9.52136752136752
			8.53846153846154	-9.52991452991453
			8.53846153846154	-9.53846153846154
			8.53846153846154	-9.54700854700855
			8.53846153846154	-9.55555555555556
			8.53846153846154	-9.56410256410257
			8.52991452991453	-9.57264957264957
			8.52991452991453	-9.58119658119658
			8.52991452991453	-9.58974358974359
			8.52136752136752	-9.5982905982906
			8.51282051282051	-9.60683760683761
			8.5042735042735	-9.61538461538462
		</curveLM07>
		<curveLM08 type=matrix rownames=FALSE colnames=FALSE nrow=63 ncol=2 as.numeric=TRUE >
			8.5042735042735	-9.61538461538462
			8.4957264957265	-9.62393162393163
			8.48717948717949	-9.63247863247863
			8.47863247863248	-9.64102564102564
			8.47008547008547	-9.64102564102564
			8.46153846153846	-9.64102564102564
			8.45299145299145	-9.64957264957265
			8.44444444444444	-9.64957264957265
			8.43589743589744	-9.64957264957265
			8.42735042735043	-9.64102564102564
			8.41880341880342	-9.64102564102564
			8.41025641025641	-9.64102564102564
			8.4017094017094	-9.64102564102564
			8.39316239316239	-9.63247863247863
			8.38461538461539	-9.63247863247863
			8.37606837606838	-9.62393162393163
			8.36752136752137	-9.62393162393163
			8.35897435897436	-9.61538461538462
			8.35042735042735	-9.60683760683761
			8.34188034188034	-9.60683760683761
			8.33333333333333	-9.5982905982906
			8.32478632478633	-9.58974358974359
			8.31623931623932	-9.58974358974359
			8.30769230769231	-9.58119658119658
			8.2991452991453	-9.57264957264957
			8.29059829059829	-9.56410256410257
			8.28205128205128	-9.56410256410257
			8.27350427350427	-9.55555555555556
			8.26495726495727	-9.54700854700855
			8.25641025641026	-9.53846153846154
			8.24786324786325	-9.53846153846154
			8.23931623931624	-9.52991452991453
			8.23076923076923	-9.52991452991453
			8.22222222222222	-9.52136752136752
			8.21367521367521	-9.51282051282051
			8.20512820512821	-9.50427350427351
			8.1965811965812	-9.50427350427351
			8.18803418803419	-9.4957264957265
			8.17948717948718	-9.4957264957265
			8.17094017094017	-9.48717948717949
			8.16239316239316	-9.48717948717949
			8.15384615384616	-9.47863247863248
			8.14529914529915	-9.47863247863248
			8.13675213675214	-9.47008547008547
			8.12820512820513	-9.47008547008547
			8.11965811965812	-9.46153846153846
			8.11111111111111	-9.46153846153846
			8.1025641025641	-9.46153846153846
			8.0940170940171	-9.45299145299145
			8.08547008547009	-9.45299145299145
			8.07692307692308	-9.45299145299145
			8.06837606837607	-9.44444444444444
			8.05982905982906	-9.44444444444444
			8.05128205128205	-9.44444444444444
			8.04273504273504	-9.44444444444444
			8.03418803418804	-9.44444444444444
			8.02564102564103	-9.44444444444444
			8.01709401709402	-9.44444444444444
			8.00854700854701	-9.44444444444444
			8	-9.44444444444444
			7.99145299145299	-9.44444444444444
			7.98290598290598	-9.44444444444444
			7.97435897435898	-9.44444444444444
		</curveLM08>
		<curveLM09 type=matrix rownames=FALSE colnames=FALSE nrow=98 ncol=2 as.numeric=TRUE >
			7.97435897435898	-9.44444444444444
			7.97435897435898	-9.45299145299145
			7.96581196581197	-9.46153846153846
			7.96581196581197	-9.47008547008547
			7.95726495726496	-9.47863247863248
			7.95726495726496	-9.48717948717949
			7.95726495726496	-9.4957264957265
			7.94871794871795	-9.50427350427351
			7.94871794871795	-9.51282051282051
			7.94871794871795	-9.52136752136752
			7.94871794871795	-9.52991452991453
			7.94017094017094	-9.53846153846154
			7.94017094017094	-9.54700854700855
			7.94017094017094	-9.55555555555556
			7.94017094017094	-9.56410256410257
			7.93162393162393	-9.57264957264957
			7.93162393162393	-9.58119658119658
			7.93162393162393	-9.58974358974359
			7.93162393162393	-9.5982905982906
			7.93162393162393	-9.60683760683761
			7.92307692307692	-9.61538461538462
			7.92307692307692	-9.62393162393163
			7.92307692307692	-9.63247863247863
			7.92307692307692	-9.64102564102564
			7.92307692307692	-9.64957264957265
			7.92307692307692	-9.65811965811966
			7.91452991452992	-9.66666666666667
			7.91452991452992	-9.67521367521368
			7.91452991452992	-9.68376068376068
			7.91452991452992	-9.69230769230769
			7.91452991452992	-9.7008547008547
			7.91452991452992	-9.70940170940171
			7.90598290598291	-9.71794871794872
			7.90598290598291	-9.72649572649573
			7.90598290598291	-9.73504273504274
			7.90598290598291	-9.74358974358974
			7.90598290598291	-9.75213675213675
			7.90598290598291	-9.76068376068376
			7.8974358974359	-9.76923076923077
			7.8974358974359	-9.77777777777778
			7.8974358974359	-9.78632478632479
			7.8974358974359	-9.7948717948718
			7.8974358974359	-9.8034188034188
			7.8974358974359	-9.81196581196581
			7.8974358974359	-9.82051282051282
			7.88888888888889	-9.82905982905983
			7.88888888888889	-9.83760683760684
			7.88888888888889	-9.84615384615385
			7.88888888888889	-9.85470085470086
			7.88888888888889	-9.86324786324786
			7.88888888888889	-9.87179487179487
			7.88888888888889	-9.88034188034188
			7.88034188034188	-9.88888888888889
			7.88034188034188	-9.8974358974359
			7.88034188034188	-9.90598290598291
			7.88034188034188	-9.91452991452991
			7.88034188034188	-9.92307692307692
			7.88034188034188	-9.93162393162393
			7.88034188034188	-9.94017094017094
			7.87179487179487	-9.94871794871795
			7.87179487179487	-9.95726495726496
			7.87179487179487	-9.96581196581197
			7.87179487179487	-9.97435897435898
			7.87179487179487	-9.98290598290598
			7.87179487179487	-9.99145299145299
			7.86324786324786	-10
			7.86324786324786	-10.008547008547
			7.85470085470086	-10.017094017094
			7.85470085470086	-10.025641025641
			7.85470085470086	-10.034188034188
			7.84615384615385	-10.042735042735
			7.84615384615385	-10.0512820512821
			7.83760683760684	-10.0598290598291
			7.83760683760684	-10.0683760683761
			7.83760683760684	-10.0769230769231
			7.82905982905983	-10.0769230769231
			7.82905982905983	-10.0854700854701
			7.82051282051282	-10.0940170940171
			7.82051282051282	-10.1025641025641
			7.82051282051282	-10.1111111111111
			7.81196581196581	-10.1111111111111
			7.81196581196581	-10.1196581196581
			7.8034188034188	-10.1282051282051
			7.8034188034188	-10.1367521367521
			7.7948717948718	-10.1452991452991
			7.78632478632479	-10.1538461538462
			7.78632478632479	-10.1623931623932
			7.77777777777778	-10.1709401709402
			7.76923076923077	-10.1794871794872
			7.76923076923077	-10.1880341880342
			7.76068376068376	-10.1965811965812
			7.75213675213675	-10.2051282051282
			7.74358974358974	-10.2051282051282
			7.73504273504274	-10.2136752136752
			7.72649572649573	-10.2136752136752
			7.71794871794872	-10.2222222222222
			7.70940170940171	-10.2222222222222
			7.7008547008547	-10.2222222222222
		</curveLM09>
		<curveLM10 type=matrix rownames=FALSE colnames=FALSE nrow=92 ncol=2 as.numeric=TRUE >
			7.7008547008547	-10.2222222222222
			7.69230769230769	-10.2222222222222
			7.68376068376068	-10.2222222222222
			7.67521367521368	-10.2136752136752
			7.66666666666667	-10.2051282051282
			7.65811965811966	-10.1965811965812
			7.64957264957265	-10.1880341880342
			7.64957264957265	-10.1794871794872
			7.64102564102564	-10.1709401709402
			7.63247863247863	-10.1623931623932
			7.63247863247863	-10.1538461538462
			7.62393162393162	-10.1452991452991
			7.62393162393162	-10.1367521367521
			7.61538461538462	-10.1282051282051
			7.60683760683761	-10.1196581196581
			7.60683760683761	-10.1111111111111
			7.60683760683761	-10.1025641025641
			7.5982905982906	-10.0940170940171
			7.5982905982906	-10.0854700854701
			7.58974358974359	-10.0769230769231
			7.58974358974359	-10.0683760683761
			7.58119658119658	-10.0598290598291
			7.58119658119658	-10.0512820512821
			7.57264957264957	-10.042735042735
			7.57264957264957	-10.034188034188
			7.57264957264957	-10.025641025641
			7.56410256410256	-10.025641025641
			7.56410256410256	-10.017094017094
			7.56410256410256	-10.008547008547
			7.56410256410256	-10
			7.55555555555556	-10
			7.55555555555556	-9.99145299145299
			7.55555555555556	-9.98290598290598
			7.54700854700855	-9.97435897435898
			7.54700854700855	-9.96581196581197
			7.53846153846154	-9.95726495726496
			7.53846153846154	-9.94871794871795
			7.53846153846154	-9.94017094017094
			7.52991452991453	-9.93162393162393
			7.52991452991453	-9.92307692307692
			7.52991452991453	-9.91452991452991
			7.52136752136752	-9.90598290598291
			7.52136752136752	-9.8974358974359
			7.51282051282051	-9.88888888888889
			7.51282051282051	-9.88034188034188
			7.51282051282051	-9.87179487179487
			7.51282051282051	-9.86324786324786
			7.50427350427351	-9.86324786324786
			7.50427350427351	-9.85470085470086
			7.50427350427351	-9.84615384615385
			7.4957264957265	-9.83760683760684
			7.4957264957265	-9.82905982905983
			7.4957264957265	-9.82051282051282
			7.4957264957265	-9.81196581196581
			7.48717948717949	-9.8034188034188
			7.48717948717949	-9.7948717948718
			7.47863247863248	-9.78632478632479
			7.47863247863248	-9.77777777777778
			7.47863247863248	-9.76923076923077
			7.47863247863248	-9.76068376068376
			7.47008547008547	-9.75213675213675
			7.47008547008547	-9.74358974358974
			7.47008547008547	-9.73504273504274
			7.46153846153846	-9.72649572649573
			7.46153846153846	-9.71794871794872
			7.46153846153846	-9.70940170940171
			7.45299145299145	-9.7008547008547
			7.45299145299145	-9.69230769230769
			7.45299145299145	-9.68376068376068
			7.44444444444445	-9.67521367521368
			7.44444444444445	-9.66666666666667
			7.44444444444445	-9.65811965811966
			7.44444444444445	-9.64957264957265
			7.43589743589744	-9.64102564102564
			7.43589743589744	-9.63247863247863
			7.43589743589744	-9.62393162393163
			7.42735042735043	-9.61538461538462
			7.42735042735043	-9.60683760683761
			7.42735042735043	-9.5982905982906
			7.41880341880342	-9.58974358974359
			7.41880341880342	-9.58119658119658
			7.41880341880342	-9.57264957264957
			7.41880341880342	-9.56410256410257
			7.41025641025641	-9.55555555555556
			7.41025641025641	-9.54700854700855
			7.41025641025641	-9.53846153846154
			7.4017094017094	-9.52991452991453
			7.4017094017094	-9.52136752136752
			7.4017094017094	-9.51282051282051
			7.4017094017094	-9.50427350427351
			7.39316239316239	-9.4957264957265
			7.39316239316239	-9.48717948717949
		</curveLM10>
		<curveLM11 type=matrix rownames=FALSE colnames=FALSE nrow=76 ncol=2 as.numeric=TRUE >
			7.39316239316239	-9.48717948717949
			7.38461538461539	-9.48717948717949
			7.37606837606838	-9.47863247863248
			7.36752136752137	-9.47863247863248
			7.35897435897436	-9.47863247863248
			7.35042735042735	-9.47863247863248
			7.34188034188034	-9.47863247863248
			7.33333333333333	-9.47863247863248
			7.33333333333333	-9.48717948717949
			7.32478632478633	-9.48717948717949
			7.31623931623932	-9.48717948717949
			7.30769230769231	-9.48717948717949
			7.2991452991453	-9.4957264957265
			7.29059829059829	-9.4957264957265
			7.28205128205128	-9.50427350427351
			7.27350427350427	-9.50427350427351
			7.26495726495727	-9.50427350427351
			7.25641025641026	-9.51282051282051
			7.24786324786325	-9.51282051282051
			7.23931623931624	-9.52136752136752
			7.23076923076923	-9.52136752136752
			7.22222222222222	-9.52991452991453
			7.21367521367521	-9.52991452991453
			7.20512820512821	-9.53846153846154
			7.1965811965812	-9.54700854700855
			7.18803418803419	-9.54700854700855
			7.17948717948718	-9.55555555555556
			7.17094017094017	-9.56410256410257
			7.16239316239316	-9.57264957264957
			7.15384615384615	-9.57264957264957
			7.14529914529915	-9.58119658119658
			7.13675213675214	-9.58119658119658
			7.13675213675214	-9.58974358974359
			7.12820512820513	-9.58974358974359
			7.11965811965812	-9.5982905982906
			7.11111111111111	-9.5982905982906
			7.11111111111111	-9.60683760683761
			7.1025641025641	-9.60683760683761
			7.09401709401709	-9.61538461538462
			7.08547008547009	-9.61538461538462
			7.08547008547009	-9.62393162393163
			7.07692307692308	-9.63247863247863
			7.06837606837607	-9.63247863247863
			7.05982905982906	-9.64102564102564
			7.05128205128205	-9.64957264957265
			7.04273504273504	-9.65811965811966
			7.03418803418803	-9.65811965811966
			7.03418803418803	-9.66666666666667
			7.02564102564103	-9.67521367521368
			7.01709401709402	-9.67521367521368
			7.00854700854701	-9.68376068376068
			7	-9.69230769230769
			6.99145299145299	-9.69230769230769
			6.98290598290598	-9.7008547008547
			6.98290598290598	-9.70940170940171
			6.97435897435898	-9.70940170940171
			6.96581196581197	-9.71794871794872
			6.95726495726496	-9.71794871794872
			6.94871794871795	-9.71794871794872
			6.94017094017094	-9.72649572649573
			6.93162393162393	-9.73504273504274
			6.92307692307692	-9.73504273504274
			6.91452991452991	-9.73504273504274
			6.90598290598291	-9.74358974358974
			6.8974358974359	-9.74358974358974
			6.88888888888889	-9.74358974358974
			6.88034188034188	-9.74358974358974
			6.87179487179487	-9.75213675213675
			6.86324786324786	-9.75213675213675
			6.85470085470086	-9.75213675213675
			6.84615384615385	-9.75213675213675
			6.83760683760684	-9.75213675213675
			6.82905982905983	-9.75213675213675
			6.82051282051282	-9.74358974358974
			6.81196581196581	-9.74358974358974
			6.8034188034188	-9.74358974358974
		</curveLM11>
		<curveLM12 type=matrix rownames=FALSE colnames=FALSE nrow=273 ncol=2 as.numeric=TRUE >
			6.8034188034188	-9.74358974358974
			6.7948717948718	-9.73504273504274
			6.7948717948718	-9.72649572649573
			6.78632478632479	-9.71794871794872
			6.78632478632479	-9.70940170940171
			6.78632478632479	-9.7008547008547
			6.78632478632479	-9.69230769230769
			6.78632478632479	-9.68376068376068
			6.78632478632479	-9.67521367521368
			6.78632478632479	-9.66666666666667
			6.78632478632479	-9.65811965811966
			6.78632478632479	-9.64957264957265
			6.78632478632479	-9.64102564102564
			6.78632478632479	-9.63247863247863
			6.78632478632479	-9.62393162393163
			6.78632478632479	-9.61538461538462
			6.78632478632479	-9.60683760683761
			6.78632478632479	-9.5982905982906
			6.78632478632479	-9.58974358974359
			6.7948717948718	-9.58119658119658
			6.7948717948718	-9.57264957264957
			6.7948717948718	-9.56410256410257
			6.7948717948718	-9.55555555555556
			6.7948717948718	-9.54700854700855
			6.7948717948718	-9.53846153846154
			6.8034188034188	-9.52991452991453
			6.8034188034188	-9.52136752136752
			6.8034188034188	-9.51282051282051
			6.8034188034188	-9.50427350427351
			6.8034188034188	-9.4957264957265
			6.81196581196581	-9.48717948717949
			6.81196581196581	-9.47863247863248
			6.81196581196581	-9.47008547008547
			6.81196581196581	-9.46153846153846
			6.82051282051282	-9.45299145299145
			6.82051282051282	-9.44444444444444
			6.82051282051282	-9.43589743589744
			6.82051282051282	-9.42735042735043
			6.82051282051282	-9.41880341880342
			6.82905982905983	-9.41025641025641
			6.82905982905983	-9.4017094017094
			6.82905982905983	-9.39316239316239
			6.83760683760684	-9.38461538461539
			6.83760683760684	-9.37606837606838
			6.83760683760684	-9.36752136752137
			6.83760683760684	-9.35897435897436
			6.83760683760684	-9.35042735042735
			6.84615384615385	-9.35042735042735
			6.84615384615385	-9.34188034188034
			6.84615384615385	-9.33333333333333
			6.84615384615385	-9.32478632478633
			6.85470085470086	-9.31623931623932
			6.85470085470086	-9.30769230769231
			6.85470085470086	-9.2991452991453
			6.85470085470086	-9.29059829059829
			6.86324786324786	-9.28205128205128
			6.86324786324786	-9.27350427350427
			6.86324786324786	-9.26495726495727
			6.87179487179487	-9.25641025641026
			6.87179487179487	-9.24786324786325
			6.87179487179487	-9.23931623931624
			6.88034188034188	-9.23076923076923
			6.88034188034188	-9.22222222222222
			6.88034188034188	-9.21367521367521
			6.88034188034188	-9.20512820512821
			6.88888888888889	-9.1965811965812
			6.88888888888889	-9.18803418803419
			6.88888888888889	-9.17948717948718
			6.88888888888889	-9.17094017094017
			6.8974358974359	-9.16239316239316
			6.8974358974359	-9.15384615384616
			6.8974358974359	-9.14529914529915
			6.90598290598291	-9.13675213675214
			6.90598290598291	-9.12820512820513
			6.90598290598291	-9.11965811965812
			6.91452991452991	-9.11111111111111
			6.91452991452991	-9.1025641025641
			6.91452991452991	-9.0940170940171
			6.92307692307692	-9.08547008547009
			6.92307692307692	-9.07692307692308
			6.92307692307692	-9.06837606837607
			6.92307692307692	-9.05982905982906
			6.93162393162393	-9.05128205128205
			6.93162393162393	-9.04273504273504
			6.93162393162393	-9.03418803418804
			6.94017094017094	-9.02564102564103
			6.94017094017094	-9.01709401709402
			6.94017094017094	-9.00854700854701
			6.94871794871795	-9
			6.94871794871795	-8.99145299145299
			6.94871794871795	-8.98290598290598
			6.95726495726496	-8.97435897435897
			6.95726495726496	-8.96581196581197
			6.95726495726496	-8.95726495726496
			6.96581196581197	-8.94871794871795
			6.96581196581197	-8.94017094017094
			6.96581196581197	-8.93162393162393
			6.97435897435898	-8.92307692307692
			6.97435897435898	-8.91452991452991
			6.97435897435898	-8.90598290598291
			6.98290598290598	-8.8974358974359
			6.98290598290598	-8.88888888888889
			6.98290598290598	-8.88034188034188
			6.99145299145299	-8.87179487179487
			6.99145299145299	-8.86324786324786
			6.99145299145299	-8.85470085470086
			7	-8.84615384615385
			7	-8.83760683760684
			7	-8.82905982905983
			7.00854700854701	-8.82051282051282
			7.00854700854701	-8.81196581196581
			7.00854700854701	-8.8034188034188
			7.01709401709402	-8.7948717948718
			7.01709401709402	-8.78632478632479
			7.01709401709402	-8.77777777777778
			7.02564102564103	-8.76923076923077
			7.02564102564103	-8.76068376068376
			7.02564102564103	-8.75213675213675
			7.03418803418803	-8.74358974358974
			7.03418803418803	-8.73504273504274
			7.03418803418803	-8.72649572649573
			7.04273504273504	-8.71794871794872
			7.04273504273504	-8.70940170940171
			7.04273504273504	-8.7008547008547
			7.05128205128205	-8.69230769230769
			7.05128205128205	-8.68376068376068
			7.05128205128205	-8.67521367521368
			7.05982905982906	-8.66666666666667
			7.05982905982906	-8.65811965811966
			7.05982905982906	-8.64957264957265
			7.05982905982906	-8.64102564102564
			7.06837606837607	-8.63247863247863
			7.06837606837607	-8.62393162393163
			7.06837606837607	-8.61538461538462
			7.07692307692308	-8.60683760683761
			7.07692307692308	-8.5982905982906
			7.07692307692308	-8.58974358974359
			7.08547008547009	-8.58119658119658
			7.08547008547009	-8.57264957264957
			7.09401709401709	-8.56410256410257
			7.09401709401709	-8.55555555555556
			7.09401709401709	-8.54700854700855
			7.1025641025641	-8.53846153846154
			7.1025641025641	-8.52991452991453
			7.11111111111111	-8.52136752136752
			7.11111111111111	-8.51282051282051
			7.11111111111111	-8.5042735042735
			7.11965811965812	-8.4957264957265
			7.11965811965812	-8.48717948717949
			7.12820512820513	-8.47863247863248
			7.12820512820513	-8.47008547008547
			7.12820512820513	-8.46153846153846
			7.13675213675214	-8.45299145299145
			7.14529914529915	-8.44444444444444
			7.14529914529915	-8.43589743589744
			7.15384615384615	-8.42735042735043
			7.15384615384615	-8.41880341880342
			7.15384615384615	-8.41025641025641
			7.16239316239316	-8.4017094017094
			7.16239316239316	-8.39316239316239
			7.17094017094017	-8.38461538461539
			7.17094017094017	-8.37606837606838
			7.17948717948718	-8.36752136752137
			7.17948717948718	-8.35897435897436
			7.17948717948718	-8.35042735042735
			7.18803418803419	-8.35042735042735
			7.18803418803419	-8.34188034188034
			7.1965811965812	-8.33333333333333
			7.1965811965812	-8.32478632478633
			7.1965811965812	-8.31623931623932
			7.20512820512821	-8.30769230769231
			7.20512820512821	-8.2991452991453
			7.21367521367521	-8.2991452991453
			7.21367521367521	-8.29059829059829
			7.22222222222222	-8.28205128205128
			7.22222222222222	-8.27350427350427
			7.23076923076923	-8.26495726495727
			7.23076923076923	-8.25641025641026
			7.23931623931624	-8.24786324786325
			7.23931623931624	-8.23931623931624
			7.24786324786325	-8.23076923076923
			7.24786324786325	-8.22222222222222
			7.24786324786325	-8.21367521367521
			7.25641025641026	-8.20512820512821
			7.25641025641026	-8.1965811965812
			7.26495726495727	-8.18803418803419
			7.27350427350427	-8.17948717948718
			7.27350427350427	-8.17094017094017
			7.28205128205128	-8.16239316239316
			7.28205128205128	-8.15384615384616
			7.29059829059829	-8.14529914529915
			7.29059829059829	-8.13675213675214
			7.2991452991453	-8.12820512820513
			7.2991452991453	-8.11965811965812
			7.30769230769231	-8.11111111111111
			7.30769230769231	-8.1025641025641
			7.31623931623932	-8.0940170940171
			7.31623931623932	-8.08547008547009
			7.32478632478633	-8.07692307692308
			7.33333333333333	-8.06837606837607
			7.33333333333333	-8.05982905982906
			7.34188034188034	-8.05128205128205
			7.34188034188034	-8.04273504273504
			7.35042735042735	-8.03418803418804
			7.35897435897436	-8.02564102564103
			7.35897435897436	-8.01709401709402
			7.36752136752137	-8.00854700854701
			7.36752136752137	-8
			7.37606837606838	-7.99145299145299
			7.37606837606838	-7.98290598290598
			7.38461538461539	-7.97435897435898
			7.38461538461539	-7.96581196581197
			7.39316239316239	-7.95726495726496
			7.4017094017094	-7.94871794871795
			7.4017094017094	-7.94017094017094
			7.41025641025641	-7.93162393162393
			7.41025641025641	-7.92307692307692
			7.41880341880342	-7.91452991452992
			7.41880341880342	-7.90598290598291
			7.42735042735043	-7.8974358974359
			7.43589743589744	-7.88888888888889
			7.43589743589744	-7.88034188034188
			7.44444444444445	-7.87179487179487
			7.44444444444445	-7.86324786324786
			7.45299145299145	-7.85470085470086
			7.45299145299145	-7.84615384615385
			7.46153846153846	-7.83760683760684
			7.46153846153846	-7.82905982905983
			7.47008547008547	-7.82051282051282
			7.47863247863248	-7.81196581196581
			7.47863247863248	-7.8034188034188
			7.48717948717949	-7.7948717948718
			7.48717948717949	-7.78632478632479
			7.4957264957265	-7.77777777777778
			7.50427350427351	-7.76923076923077
			7.50427350427351	-7.76068376068376
			7.51282051282051	-7.75213675213675
			7.51282051282051	-7.74358974358974
			7.52136752136752	-7.73504273504274
			7.52136752136752	-7.72649572649573
			7.52991452991453	-7.71794871794872
			7.52991452991453	-7.70940170940171
			7.53846153846154	-7.7008547008547
			7.54700854700855	-7.69230769230769
			7.54700854700855	-7.68376068376068
			7.55555555555556	-7.67521367521368
			7.55555555555556	-7.66666666666667
			7.56410256410256	-7.65811965811966
			7.56410256410256	-7.64957264957265
			7.57264957264957	-7.64102564102564
			7.58119658119658	-7.63247863247863
			7.58119658119658	-7.62393162393162
			7.58974358974359	-7.61538461538462
			7.58974358974359	-7.60683760683761
			7.5982905982906	-7.5982905982906
			7.60683760683761	-7.58974358974359
			7.60683760683761	-7.58119658119658
			7.61538461538462	-7.57264957264957
			7.61538461538462	-7.56410256410256
			7.62393162393162	-7.55555555555556
			7.63247863247863	-7.54700854700855
			7.63247863247863	-7.53846153846154
			7.64102564102564	-7.52991452991453
			7.64102564102564	-7.52136752136752
			7.64957264957265	-7.51282051282051
			7.65811965811966	-7.50427350427351
			7.65811965811966	-7.4957264957265
			7.66666666666667	-7.48717948717949
			7.67521367521368	-7.47863247863248
			7.67521367521368	-7.47008547008547
			7.68376068376068	-7.46153846153846
			7.69230769230769	-7.45299145299145
			7.69230769230769	-7.44444444444445
		</curveLM12>
	</curves.scaled>
	<ruler.points type=matrix rownames=TRUE colnames=FALSE nrow=5 ncol=2 as.numeric=TRUE >
		Ruler point 1	434	1409
		Ruler point 2	551	1409
		Ruler point 3	668	1409
		Ruler point 4	785	1409
		Ruler point 5	903	1409
	</ruler.points>
</shapes>

