<shapes type=list>
	<ruler.pixel type=vector names=FALSE length=1 as.numeric=TRUE >117</ruler.pixel>
	<ruler.interval type=vector names=FALSE length=1 as.numeric=TRUE >1</ruler.interval>
	<scaling.units type=vector names=FALSE length=1 as.numeric=FALSE >cm</scaling.units>
	<scaling type=vector names=FALSE length=1 as.numeric=TRUE >0.00854700854700855</scaling>
	<landmarks.pixel type=matrix rownames=TRUE colnames=FALSE nrow=6 ncol=2 as.numeric=TRUE >
		LM01	901	838
		LM02	1002	1148
		LM03	937	1113
		LM04	902	1196
		LM05	865	1117
		LM06	800	1152
	</landmarks.pixel>
	<landmarks.scaled type=matrix rownames=TRUE colnames=FALSE nrow=6 ncol=2 as.numeric=TRUE >
		LM01	7.7008547008547	-7.16239316239316
		LM02	8.56410256410257	-9.81196581196581
		LM03	8.00854700854701	-9.51282051282051
		LM04	7.70940170940171	-10.2222222222222
		LM05	7.39316239316239	-9.54700854700855
		LM06	6.83760683760684	-9.84615384615385
	</landmarks.scaled>
	<curves.control type=list>
		<curveLM07 type=matrix rownames=FALSE colnames=FALSE nrow=5 ncol=2 as.numeric=TRUE >
			901	838
			937	896
			961	978
			1014	1126
			1002	1148
		</curveLM07>
		<curveLM08 type=matrix rownames=FALSE colnames=FALSE nrow=5 ncol=2 as.numeric=TRUE >
			1002	1148
			1000	1157
			969	1131
			951	1110
			937	1113
		</curveLM08>
		<curveLM09 type=matrix rownames=FALSE colnames=FALSE nrow=5 ncol=2 as.numeric=TRUE >
			937	1113
			926	1120
			923	1151
			916	1187
			902	1196
		</curveLM09>
		<curveLM10 type=matrix rownames=FALSE colnames=FALSE nrow=5 ncol=2 as.numeric=TRUE >
			902	1196
			888	1193
			877	1153
			872	1125
			865	1117
		</curveLM10>
		<curveLM11 type=matrix rownames=FALSE colnames=FALSE nrow=5 ncol=2 as.numeric=TRUE >
			865	1117
			857	1108
			838	1123
			807	1160
			800	1152
		</curveLM11>
		<curveLM12 type=matrix rownames=FALSE colnames=FALSE nrow=7 ncol=2 as.numeric=TRUE >
			800	1152
			795	1132
			800	1097
			820	1035
			847	942
			896	838
			901	838
		</curveLM12>
	</curves.control>
	<curves.pixel type=list>
		<curveLM07 type=matrix rownames=FALSE colnames=FALSE nrow=325 ncol=2 as.numeric=TRUE >
			901	838
			901	839
			902	839
			902	840
			903	841
			903	842
			904	842
			904	843
			904	844
			905	844
			905	845
			906	846
			906	847
			907	847
			907	848
			907	849
			908	849
			908	850
			909	851
			909	852
			910	852
			910	853
			910	854
			911	855
			912	856
			912	857
			913	858
			913	859
			914	860
			914	861
			915	862
			915	863
			916	863
			916	864
			917	865
			917	866
			918	867
			918	868
			919	869
			919	870
			919	871
			920	872
			920	873
			921	874
			921	875
			922	876
			922	877
			923	877
			923	878
			924	879
			924	880
			925	881
			925	882
			926	883
			926	884
			926	885
			927	886
			927	887
			928	888
			928	889
			929	890
			929	891
			930	892
			930	893
			931	894
			931	895
			931	896
			932	897
			932	898
			933	899
			933	900
			934	901
			934	902
			935	903
			935	904
			935	905
			936	906
			936	907
			937	908
			937	909
			938	910
			938	911
			938	912
			939	913
			939	914
			940	915
			940	916
			940	917
			940	918
			941	919
			941	920
			942	921
			942	922
			942	923
			943	924
			943	925
			944	926
			944	927
			945	928
			945	929
			945	930
			946	931
			946	932
			946	933
			947	934
			947	935
			947	936
			948	937
			948	938
			949	939
			949	940
			949	941
			950	942
			950	943
			950	944
			951	945
			951	946
			951	947
			952	948
			952	949
			952	950
			953	951
			953	952
			953	953
			954	954
			954	955
			954	956
			955	957
			955	958
			955	959
			955	960
			956	960
			956	961
			956	962
			956	963
			957	964
			957	965
			957	966
			958	967
			958	968
			958	969
			959	970
			959	971
			959	972
			959	973
			960	974
			960	975
			960	976
			961	976
			961	977
			961	978
			961	979
			962	980
			962	981
			962	982
			963	983
			963	984
			963	985
			964	986
			964	987
			964	988
			965	989
			965	990
			965	991
			966	992
			966	993
			967	994
			967	995
			967	996
			968	997
			968	998
			968	999
			969	1000
			969	1001
			970	1002
			970	1003
			970	1004
			971	1005
			971	1006
			971	1007
			971	1008
			972	1009
			972	1010
			972	1011
			973	1012
			973	1013
			973	1014
			974	1014
			974	1015
			974	1016
			975	1017
			975	1018
			975	1019
			976	1020
			976	1021
			976	1022
			976	1023
			977	1024
			977	1025
			978	1026
			978	1027
			978	1028
			979	1029
			979	1030
			979	1031
			980	1032
			980	1033
			980	1034
			981	1035
			981	1036
			981	1037
			981	1038
			982	1039
			982	1040
			982	1041
			983	1041
			983	1042
			983	1043
			983	1044
			984	1045
			984	1046
			984	1047
			985	1048
			985	1049
			985	1050
			986	1051
			986	1052
			986	1053
			987	1054
			987	1055
			987	1056
			987	1057
			988	1058
			988	1059
			988	1060
			989	1061
			989	1062
			989	1063
			989	1064
			990	1064
			990	1065
			990	1066
			990	1067
			991	1068
			991	1069
			991	1070
			991	1071
			992	1072
			992	1073
			992	1074
			993	1075
			993	1076
			993	1077
			994	1078
			994	1079
			994	1080
			994	1081
			995	1082
			995	1083
			995	1084
			995	1085
			996	1086
			996	1087
			996	1088
			996	1089
			997	1090
			997	1091
			997	1092
			997	1093
			998	1094
			998	1095
			998	1096
			998	1097
			999	1098
			999	1099
			999	1100
			999	1101
			1000	1102
			1000	1103
			1000	1104
			1000	1105
			1000	1106
			1001	1107
			1001	1108
			1001	1109
			1001	1110
			1001	1111
			1002	1112
			1002	1113
			1002	1114
			1002	1115
			1002	1116
			1002	1117
			1003	1118
			1003	1119
			1003	1120
			1003	1121
			1003	1122
			1003	1123
			1003	1124
			1004	1125
			1004	1126
			1004	1127
			1004	1128
			1004	1129
			1004	1130
			1004	1131
			1004	1132
			1004	1133
			1004	1134
			1004	1135
			1004	1136
			1004	1137
			1004	1138
			1004	1139
			1004	1140
			1004	1141
			1004	1142
			1004	1143
			1003	1144
			1003	1145
			1003	1146
			1003	1147
			1002	1147
			1002	1148
		</curveLM07>
		<curveLM08 type=matrix rownames=FALSE colnames=FALSE nrow=72 ncol=2 as.numeric=TRUE >
			1002	1148
			1002	1149
			1001	1149
			1001	1150
			1000	1150
			999	1150
			998	1150
			997	1150
			996	1150
			995	1149
			994	1149
			993	1148
			992	1148
			991	1147
			990	1146
			989	1146
			988	1146
			987	1145
			986	1144
			985	1143
			984	1143
			983	1142
			982	1141
			981	1140
			980	1139
			979	1139
			978	1138
			977	1138
			977	1137
			976	1137
			975	1136
			974	1135
			973	1134
			972	1133
			971	1133
			970	1132
			969	1131
			968	1130
			967	1129
			966	1128
			965	1127
			964	1126
			963	1125
			963	1124
			962	1124
			961	1123
			961	1122
			960	1122
			959	1121
			958	1120
			957	1119
			956	1118
			955	1118
			954	1117
			953	1117
			953	1116
			952	1116
			951	1116
			950	1115
			949	1115
			948	1114
			947	1114
			946	1113
			945	1113
			944	1113
			943	1113
			942	1113
			941	1113
			940	1113
			939	1113
			938	1113
			937	1113
		</curveLM08>
		<curveLM09 type=matrix rownames=FALSE colnames=FALSE nrow=88 ncol=2 as.numeric=TRUE >
			937	1113
			936	1114
			935	1114
			934	1115
			933	1116
			933	1117
			932	1118
			931	1119
			931	1120
			930	1121
			930	1122
			929	1123
			929	1124
			928	1125
			928	1126
			928	1127
			927	1128
			927	1129
			927	1130
			926	1131
			926	1132
			926	1133
			926	1134
			925	1135
			925	1136
			925	1137
			925	1138
			925	1139
			924	1140
			924	1141
			924	1142
			924	1143
			924	1144
			924	1145
			924	1146
			923	1146
			923	1147
			923	1148
			923	1149
			923	1150
			923	1151
			923	1152
			923	1153
			922	1154
			922	1155
			922	1156
			922	1157
			922	1158
			921	1159
			921	1160
			921	1161
			921	1162
			920	1163
			920	1164
			920	1165
			919	1166
			919	1167
			919	1168
			918	1169
			918	1170
			918	1171
			918	1172
			917	1173
			917	1174
			917	1175
			916	1176
			916	1177
			915	1178
			915	1179
			914	1180
			914	1181
			914	1182
			913	1183
			912	1184
			912	1185
			911	1186
			911	1187
			910	1188
			909	1189
			908	1190
			907	1191
			907	1192
			906	1193
			905	1193
			905	1194
			904	1195
			903	1195
			902	1196
		</curveLM09>
		<curveLM10 type=matrix rownames=FALSE colnames=FALSE nrow=87 ncol=2 as.numeric=TRUE >
			902	1196
			901	1196
			900	1195
			899	1195
			898	1194
			897	1193
			896	1193
			895	1192
			894	1191
			893	1190
			892	1189
			891	1188
			891	1187
			890	1186
			890	1185
			889	1184
			889	1183
			888	1183
			888	1182
			887	1181
			887	1180
			886	1179
			886	1178
			885	1177
			885	1176
			884	1175
			884	1174
			883	1173
			883	1172
			883	1171
			883	1170
			882	1170
			882	1169
			882	1168
			881	1167
			881	1166
			881	1165
			880	1164
			880	1163
			880	1162
			879	1161
			879	1160
			879	1159
			878	1158
			878	1157
			878	1156
			878	1155
			877	1154
			877	1153
			877	1152
			877	1151
			877	1150
			876	1150
			876	1149
			876	1148
			876	1147
			876	1146
			875	1145
			875	1144
			875	1143
			875	1142
			875	1141
			874	1140
			874	1139
			874	1138
			874	1137
			873	1136
			873	1135
			873	1134
			872	1133
			872	1132
			872	1131
			872	1130
			871	1129
			871	1128
			870	1127
			870	1126
			870	1125
			869	1124
			869	1123
			868	1122
			868	1121
			867	1120
			867	1119
			866	1119
			866	1118
			865	1117
		</curveLM10>
		<curveLM11 type=matrix rownames=FALSE colnames=FALSE nrow=74 ncol=2 as.numeric=TRUE >
			865	1117
			864	1116
			863	1115
			862	1115
			861	1114
			860	1114
			859	1114
			858	1114
			857	1114
			856	1114
			855	1114
			854	1114
			853	1114
			852	1115
			851	1115
			850	1116
			849	1116
			848	1116
			848	1117
			847	1117
			846	1117
			845	1118
			844	1119
			843	1120
			842	1120
			841	1121
			840	1122
			839	1122
			838	1123
			837	1124
			836	1125
			836	1126
			835	1126
			835	1127
			834	1128
			833	1128
			833	1129
			832	1130
			831	1131
			830	1132
			829	1133
			828	1134
			827	1135
			826	1136
			825	1137
			824	1138
			824	1139
			823	1140
			822	1141
			821	1142
			820	1143
			819	1143
			818	1144
			818	1145
			817	1146
			816	1146
			815	1147
			814	1148
			813	1149
			812	1150
			811	1150
			810	1151
			809	1151
			809	1152
			808	1152
			807	1152
			807	1153
			806	1153
			805	1153
			804	1153
			803	1153
			802	1153
			801	1153
			800	1152
		</curveLM11>
		<curveLM12 type=matrix rownames=FALSE colnames=FALSE nrow=327 ncol=2 as.numeric=TRUE >
			800	1152
			800	1151
			799	1150
			799	1149
			799	1148
			799	1147
			799	1146
			799	1145
			799	1144
			798	1143
			798	1142
			798	1141
			798	1140
			798	1139
			798	1138
			798	1137
			798	1136
			798	1135
			798	1134
			798	1133
			798	1132
			798	1131
			798	1130
			798	1129
			798	1128
			798	1127
			798	1126
			798	1125
			798	1124
			798	1123
			798	1122
			798	1121
			798	1120
			798	1119
			798	1118
			798	1117
			798	1116
			798	1115
			798	1114
			798	1113
			798	1112
			798	1111
			798	1110
			799	1109
			799	1108
			799	1107
			799	1106
			799	1105
			799	1104
			799	1103
			799	1102
			799	1101
			800	1101
			800	1100
			800	1099
			800	1098
			800	1097
			800	1096
			801	1095
			801	1094
			801	1093
			802	1092
			802	1091
			802	1090
			803	1089
			803	1088
			803	1087
			803	1086
			804	1086
			804	1085
			804	1084
			804	1083
			805	1082
			805	1081
			805	1080
			806	1079
			806	1078
			806	1077
			807	1076
			807	1075
			807	1074
			808	1073
			808	1072
			808	1071
			809	1070
			809	1069
			809	1068
			810	1067
			810	1066
			810	1065
			810	1064
			811	1063
			811	1062
			811	1061
			812	1060
			812	1059
			812	1058
			813	1057
			813	1056
			813	1055
			814	1054
			814	1053
			814	1052
			815	1051
			815	1050
			815	1049
			816	1048
			816	1047
			816	1046
			816	1045
			817	1044
			817	1043
			817	1042
			817	1041
			818	1041
			818	1040
			818	1039
			818	1038
			819	1038
			819	1037
			819	1036
			819	1035
			820	1034
			820	1033
			820	1032
			821	1031
			821	1030
			821	1029
			822	1028
			822	1027
			822	1026
			822	1025
			823	1024
			823	1023
			823	1022
			824	1021
			824	1020
			824	1019
			824	1018
			825	1017
			825	1016
			825	1015
			826	1014
			826	1013
			826	1012
			827	1011
			827	1010
			827	1009
			827	1008
			828	1007
			828	1006
			828	1005
			829	1004
			829	1003
			829	1002
			830	1001
			830	1000
			830	999
			830	998
			831	997
			831	996
			831	995
			832	994
			832	993
			832	992
			833	991
			833	990
			833	989
			834	988
			834	987
			834	986
			835	985
			835	984
			835	983
			835	982
			836	981
			836	980
			836	979
			836	978
			837	978
			837	977
			837	976
			837	975
			838	974
			838	973
			838	972
			839	971
			839	970
			839	969
			839	968
			840	967
			840	966
			840	965
			840	964
			841	963
			841	962
			841	961
			842	960
			842	959
			842	958
			843	957
			843	956
			843	955
			844	954
			844	953
			844	952
			844	951
			845	950
			845	949
			845	948
			846	947
			846	946
			846	945
			847	944
			847	943
			847	942
			847	941
			848	941
			848	940
			848	939
			849	938
			849	937
			850	936
			850	935
			851	934
			851	933
			852	932
			852	931
			853	930
			853	929
			854	928
			854	927
			854	926
			855	925
			855	924
			856	923
			857	922
			857	921
			857	920
			858	919
			858	918
			859	917
			859	916
			860	915
			860	914
			861	913
			861	912
			862	911
			862	910
			863	909
			863	908
			864	907
			864	906
			865	905
			865	904
			866	903
			866	902
			867	901
			867	900
			868	899
			868	898
			869	897
			869	896
			869	895
			870	894
			870	893
			871	892
			871	891
			872	891
			872	890
			873	889
			873	888
			873	887
			874	886
			874	885
			875	885
			875	884
			875	883
			876	882
			876	881
			877	880
			877	879
			878	878
			878	877
			879	876
			879	875
			880	874
			880	873
			881	873
			881	872
			881	871
			882	870
			882	869
			883	868
			884	867
			884	866
			884	865
			885	864
			885	863
			886	862
			886	861
			887	861
			887	860
			888	859
			888	858
			888	857
			889	857
			889	856
			890	855
			890	854
			891	853
			892	852
			892	851
			892	850
			893	849
			894	848
			894	847
			895	846
			896	845
			896	844
			897	843
			897	842
			898	841
			899	840
			900	839
			900	838
			901	838
		</curveLM12>
	</curves.pixel>
	<curves.scaled type=list>
		<curveLM07 type=matrix rownames=FALSE colnames=FALSE nrow=325 ncol=2 as.numeric=TRUE >
			7.7008547008547	-7.16239316239316
			7.7008547008547	-7.17094017094017
			7.70940170940171	-7.17094017094017
			7.70940170940171	-7.17948717948718
			7.71794871794872	-7.18803418803419
			7.71794871794872	-7.1965811965812
			7.72649572649573	-7.1965811965812
			7.72649572649573	-7.20512820512821
			7.72649572649573	-7.21367521367521
			7.73504273504274	-7.21367521367521
			7.73504273504274	-7.22222222222222
			7.74358974358974	-7.23076923076923
			7.74358974358974	-7.23931623931624
			7.75213675213675	-7.23931623931624
			7.75213675213675	-7.24786324786325
			7.75213675213675	-7.25641025641026
			7.76068376068376	-7.25641025641026
			7.76068376068376	-7.26495726495727
			7.76923076923077	-7.27350427350427
			7.76923076923077	-7.28205128205128
			7.77777777777778	-7.28205128205128
			7.77777777777778	-7.29059829059829
			7.77777777777778	-7.2991452991453
			7.78632478632479	-7.30769230769231
			7.7948717948718	-7.31623931623932
			7.7948717948718	-7.32478632478633
			7.8034188034188	-7.33333333333333
			7.8034188034188	-7.34188034188034
			7.81196581196581	-7.35042735042735
			7.81196581196581	-7.35897435897436
			7.82051282051282	-7.36752136752137
			7.82051282051282	-7.37606837606838
			7.82905982905983	-7.37606837606838
			7.82905982905983	-7.38461538461539
			7.83760683760684	-7.39316239316239
			7.83760683760684	-7.4017094017094
			7.84615384615385	-7.41025641025641
			7.84615384615385	-7.41880341880342
			7.85470085470086	-7.42735042735043
			7.85470085470086	-7.43589743589744
			7.85470085470086	-7.44444444444445
			7.86324786324786	-7.45299145299145
			7.86324786324786	-7.46153846153846
			7.87179487179487	-7.47008547008547
			7.87179487179487	-7.47863247863248
			7.88034188034188	-7.48717948717949
			7.88034188034188	-7.4957264957265
			7.88888888888889	-7.4957264957265
			7.88888888888889	-7.50427350427351
			7.8974358974359	-7.51282051282051
			7.8974358974359	-7.52136752136752
			7.90598290598291	-7.52991452991453
			7.90598290598291	-7.53846153846154
			7.91452991452992	-7.54700854700855
			7.91452991452992	-7.55555555555556
			7.91452991452992	-7.56410256410256
			7.92307692307692	-7.57264957264957
			7.92307692307692	-7.58119658119658
			7.93162393162393	-7.58974358974359
			7.93162393162393	-7.5982905982906
			7.94017094017094	-7.60683760683761
			7.94017094017094	-7.61538461538462
			7.94871794871795	-7.62393162393162
			7.94871794871795	-7.63247863247863
			7.95726495726496	-7.64102564102564
			7.95726495726496	-7.64957264957265
			7.95726495726496	-7.65811965811966
			7.96581196581197	-7.66666666666667
			7.96581196581197	-7.67521367521368
			7.97435897435898	-7.68376068376068
			7.97435897435898	-7.69230769230769
			7.98290598290598	-7.7008547008547
			7.98290598290598	-7.70940170940171
			7.99145299145299	-7.71794871794872
			7.99145299145299	-7.72649572649573
			7.99145299145299	-7.73504273504274
			8	-7.74358974358974
			8	-7.75213675213675
			8.00854700854701	-7.76068376068376
			8.00854700854701	-7.76923076923077
			8.01709401709402	-7.77777777777778
			8.01709401709402	-7.78632478632479
			8.01709401709402	-7.7948717948718
			8.02564102564103	-7.8034188034188
			8.02564102564103	-7.81196581196581
			8.03418803418804	-7.82051282051282
			8.03418803418804	-7.82905982905983
			8.03418803418804	-7.83760683760684
			8.03418803418804	-7.84615384615385
			8.04273504273504	-7.85470085470086
			8.04273504273504	-7.86324786324786
			8.05128205128205	-7.87179487179487
			8.05128205128205	-7.88034188034188
			8.05128205128205	-7.88888888888889
			8.05982905982906	-7.8974358974359
			8.05982905982906	-7.90598290598291
			8.06837606837607	-7.91452991452992
			8.06837606837607	-7.92307692307692
			8.07692307692308	-7.93162393162393
			8.07692307692308	-7.94017094017094
			8.07692307692308	-7.94871794871795
			8.08547008547009	-7.95726495726496
			8.08547008547009	-7.96581196581197
			8.08547008547009	-7.97435897435898
			8.0940170940171	-7.98290598290598
			8.0940170940171	-7.99145299145299
			8.0940170940171	-8
			8.1025641025641	-8.00854700854701
			8.1025641025641	-8.01709401709402
			8.11111111111111	-8.02564102564103
			8.11111111111111	-8.03418803418804
			8.11111111111111	-8.04273504273504
			8.11965811965812	-8.05128205128205
			8.11965811965812	-8.05982905982906
			8.11965811965812	-8.06837606837607
			8.12820512820513	-8.07692307692308
			8.12820512820513	-8.08547008547009
			8.12820512820513	-8.0940170940171
			8.13675213675214	-8.1025641025641
			8.13675213675214	-8.11111111111111
			8.13675213675214	-8.11965811965812
			8.14529914529915	-8.12820512820513
			8.14529914529915	-8.13675213675214
			8.14529914529915	-8.14529914529915
			8.15384615384616	-8.15384615384616
			8.15384615384616	-8.16239316239316
			8.15384615384616	-8.17094017094017
			8.16239316239316	-8.17948717948718
			8.16239316239316	-8.18803418803419
			8.16239316239316	-8.1965811965812
			8.16239316239316	-8.20512820512821
			8.17094017094017	-8.20512820512821
			8.17094017094017	-8.21367521367521
			8.17094017094017	-8.22222222222222
			8.17094017094017	-8.23076923076923
			8.17948717948718	-8.23931623931624
			8.17948717948718	-8.24786324786325
			8.17948717948718	-8.25641025641026
			8.18803418803419	-8.26495726495727
			8.18803418803419	-8.27350427350427
			8.18803418803419	-8.28205128205128
			8.1965811965812	-8.29059829059829
			8.1965811965812	-8.2991452991453
			8.1965811965812	-8.30769230769231
			8.1965811965812	-8.31623931623932
			8.20512820512821	-8.32478632478633
			8.20512820512821	-8.33333333333333
			8.20512820512821	-8.34188034188034
			8.21367521367521	-8.34188034188034
			8.21367521367521	-8.35042735042735
			8.21367521367521	-8.35897435897436
			8.21367521367521	-8.36752136752137
			8.22222222222222	-8.37606837606838
			8.22222222222222	-8.38461538461539
			8.22222222222222	-8.39316239316239
			8.23076923076923	-8.4017094017094
			8.23076923076923	-8.41025641025641
			8.23076923076923	-8.41880341880342
			8.23931623931624	-8.42735042735043
			8.23931623931624	-8.43589743589744
			8.23931623931624	-8.44444444444444
			8.24786324786325	-8.45299145299145
			8.24786324786325	-8.46153846153846
			8.24786324786325	-8.47008547008547
			8.25641025641026	-8.47863247863248
			8.25641025641026	-8.48717948717949
			8.26495726495727	-8.4957264957265
			8.26495726495727	-8.5042735042735
			8.26495726495727	-8.51282051282051
			8.27350427350427	-8.52136752136752
			8.27350427350427	-8.52991452991453
			8.27350427350427	-8.53846153846154
			8.28205128205128	-8.54700854700855
			8.28205128205128	-8.55555555555556
			8.29059829059829	-8.56410256410257
			8.29059829059829	-8.57264957264957
			8.29059829059829	-8.58119658119658
			8.2991452991453	-8.58974358974359
			8.2991452991453	-8.5982905982906
			8.2991452991453	-8.60683760683761
			8.2991452991453	-8.61538461538462
			8.30769230769231	-8.62393162393163
			8.30769230769231	-8.63247863247863
			8.30769230769231	-8.64102564102564
			8.31623931623932	-8.64957264957265
			8.31623931623932	-8.65811965811966
			8.31623931623932	-8.66666666666667
			8.32478632478633	-8.66666666666667
			8.32478632478633	-8.67521367521368
			8.32478632478633	-8.68376068376068
			8.33333333333333	-8.69230769230769
			8.33333333333333	-8.7008547008547
			8.33333333333333	-8.70940170940171
			8.34188034188034	-8.71794871794872
			8.34188034188034	-8.72649572649573
			8.34188034188034	-8.73504273504274
			8.34188034188034	-8.74358974358974
			8.35042735042735	-8.75213675213675
			8.35042735042735	-8.76068376068376
			8.35897435897436	-8.76923076923077
			8.35897435897436	-8.77777777777778
			8.35897435897436	-8.78632478632479
			8.36752136752137	-8.7948717948718
			8.36752136752137	-8.8034188034188
			8.36752136752137	-8.81196581196581
			8.37606837606838	-8.82051282051282
			8.37606837606838	-8.82905982905983
			8.37606837606838	-8.83760683760684
			8.38461538461539	-8.84615384615385
			8.38461538461539	-8.85470085470086
			8.38461538461539	-8.86324786324786
			8.38461538461539	-8.87179487179487
			8.39316239316239	-8.88034188034188
			8.39316239316239	-8.88888888888889
			8.39316239316239	-8.8974358974359
			8.4017094017094	-8.8974358974359
			8.4017094017094	-8.90598290598291
			8.4017094017094	-8.91452991452991
			8.4017094017094	-8.92307692307692
			8.41025641025641	-8.93162393162393
			8.41025641025641	-8.94017094017094
			8.41025641025641	-8.94871794871795
			8.41880341880342	-8.95726495726496
			8.41880341880342	-8.96581196581197
			8.41880341880342	-8.97435897435897
			8.42735042735043	-8.98290598290598
			8.42735042735043	-8.99145299145299
			8.42735042735043	-9
			8.43589743589744	-9.00854700854701
			8.43589743589744	-9.01709401709402
			8.43589743589744	-9.02564102564103
			8.43589743589744	-9.03418803418804
			8.44444444444444	-9.04273504273504
			8.44444444444444	-9.05128205128205
			8.44444444444444	-9.05982905982906
			8.45299145299145	-9.06837606837607
			8.45299145299145	-9.07692307692308
			8.45299145299145	-9.08547008547009
			8.45299145299145	-9.0940170940171
			8.46153846153846	-9.0940170940171
			8.46153846153846	-9.1025641025641
			8.46153846153846	-9.11111111111111
			8.46153846153846	-9.11965811965812
			8.47008547008547	-9.12820512820513
			8.47008547008547	-9.13675213675214
			8.47008547008547	-9.14529914529915
			8.47008547008547	-9.15384615384616
			8.47863247863248	-9.16239316239316
			8.47863247863248	-9.17094017094017
			8.47863247863248	-9.17948717948718
			8.48717948717949	-9.18803418803419
			8.48717948717949	-9.1965811965812
			8.48717948717949	-9.20512820512821
			8.4957264957265	-9.21367521367521
			8.4957264957265	-9.22222222222222
			8.4957264957265	-9.23076923076923
			8.4957264957265	-9.23931623931624
			8.5042735042735	-9.24786324786325
			8.5042735042735	-9.25641025641026
			8.5042735042735	-9.26495726495727
			8.5042735042735	-9.27350427350427
			8.51282051282051	-9.28205128205128
			8.51282051282051	-9.29059829059829
			8.51282051282051	-9.2991452991453
			8.51282051282051	-9.30769230769231
			8.52136752136752	-9.31623931623932
			8.52136752136752	-9.32478632478633
			8.52136752136752	-9.33333333333333
			8.52136752136752	-9.34188034188034
			8.52991452991453	-9.35042735042735
			8.52991452991453	-9.35897435897436
			8.52991452991453	-9.36752136752137
			8.52991452991453	-9.37606837606838
			8.53846153846154	-9.38461538461539
			8.53846153846154	-9.39316239316239
			8.53846153846154	-9.4017094017094
			8.53846153846154	-9.41025641025641
			8.54700854700855	-9.41880341880342
			8.54700854700855	-9.42735042735043
			8.54700854700855	-9.43589743589744
			8.54700854700855	-9.44444444444444
			8.54700854700855	-9.45299145299145
			8.55555555555556	-9.46153846153846
			8.55555555555556	-9.47008547008547
			8.55555555555556	-9.47863247863248
			8.55555555555556	-9.48717948717949
			8.55555555555556	-9.4957264957265
			8.56410256410257	-9.50427350427351
			8.56410256410257	-9.51282051282051
			8.56410256410257	-9.52136752136752
			8.56410256410257	-9.52991452991453
			8.56410256410257	-9.53846153846154
			8.56410256410257	-9.54700854700855
			8.57264957264957	-9.55555555555556
			8.57264957264957	-9.56410256410257
			8.57264957264957	-9.57264957264957
			8.57264957264957	-9.58119658119658
			8.57264957264957	-9.58974358974359
			8.57264957264957	-9.5982905982906
			8.57264957264957	-9.60683760683761
			8.58119658119658	-9.61538461538462
			8.58119658119658	-9.62393162393163
			8.58119658119658	-9.63247863247863
			8.58119658119658	-9.64102564102564
			8.58119658119658	-9.64957264957265
			8.58119658119658	-9.65811965811966
			8.58119658119658	-9.66666666666667
			8.58119658119658	-9.67521367521368
			8.58119658119658	-9.68376068376068
			8.58119658119658	-9.69230769230769
			8.58119658119658	-9.7008547008547
			8.58119658119658	-9.70940170940171
			8.58119658119658	-9.71794871794872
			8.58119658119658	-9.72649572649573
			8.58119658119658	-9.73504273504274
			8.58119658119658	-9.74358974358974
			8.58119658119658	-9.75213675213675
			8.58119658119658	-9.76068376068376
			8.58119658119658	-9.76923076923077
			8.57264957264957	-9.77777777777778
			8.57264957264957	-9.78632478632479
			8.57264957264957	-9.7948717948718
			8.57264957264957	-9.8034188034188
			8.56410256410257	-9.8034188034188
			8.56410256410257	-9.81196581196581
		</curveLM07>
		<curveLM08 type=matrix rownames=FALSE colnames=FALSE nrow=72 ncol=2 as.numeric=TRUE >
			8.56410256410257	-9.81196581196581
			8.56410256410257	-9.82051282051282
			8.55555555555556	-9.82051282051282
			8.55555555555556	-9.82905982905983
			8.54700854700855	-9.82905982905983
			8.53846153846154	-9.82905982905983
			8.52991452991453	-9.82905982905983
			8.52136752136752	-9.82905982905983
			8.51282051282051	-9.82905982905983
			8.5042735042735	-9.82051282051282
			8.4957264957265	-9.82051282051282
			8.48717948717949	-9.81196581196581
			8.47863247863248	-9.81196581196581
			8.47008547008547	-9.8034188034188
			8.46153846153846	-9.7948717948718
			8.45299145299145	-9.7948717948718
			8.44444444444444	-9.7948717948718
			8.43589743589744	-9.78632478632479
			8.42735042735043	-9.77777777777778
			8.41880341880342	-9.76923076923077
			8.41025641025641	-9.76923076923077
			8.4017094017094	-9.76068376068376
			8.39316239316239	-9.75213675213675
			8.38461538461539	-9.74358974358974
			8.37606837606838	-9.73504273504274
			8.36752136752137	-9.73504273504274
			8.35897435897436	-9.72649572649573
			8.35042735042735	-9.72649572649573
			8.35042735042735	-9.71794871794872
			8.34188034188034	-9.71794871794872
			8.33333333333333	-9.70940170940171
			8.32478632478633	-9.7008547008547
			8.31623931623932	-9.69230769230769
			8.30769230769231	-9.68376068376068
			8.2991452991453	-9.68376068376068
			8.29059829059829	-9.67521367521368
			8.28205128205128	-9.66666666666667
			8.27350427350427	-9.65811965811966
			8.26495726495727	-9.64957264957265
			8.25641025641026	-9.64102564102564
			8.24786324786325	-9.63247863247863
			8.23931623931624	-9.62393162393163
			8.23076923076923	-9.61538461538462
			8.23076923076923	-9.60683760683761
			8.22222222222222	-9.60683760683761
			8.21367521367521	-9.5982905982906
			8.21367521367521	-9.58974358974359
			8.20512820512821	-9.58974358974359
			8.1965811965812	-9.58119658119658
			8.18803418803419	-9.57264957264957
			8.17948717948718	-9.56410256410257
			8.17094017094017	-9.55555555555556
			8.16239316239316	-9.55555555555556
			8.15384615384616	-9.54700854700855
			8.14529914529915	-9.54700854700855
			8.14529914529915	-9.53846153846154
			8.13675213675214	-9.53846153846154
			8.12820512820513	-9.53846153846154
			8.11965811965812	-9.52991452991453
			8.11111111111111	-9.52991452991453
			8.1025641025641	-9.52136752136752
			8.0940170940171	-9.52136752136752
			8.08547008547009	-9.51282051282051
			8.07692307692308	-9.51282051282051
			8.06837606837607	-9.51282051282051
			8.05982905982906	-9.51282051282051
			8.05128205128205	-9.51282051282051
			8.04273504273504	-9.51282051282051
			8.03418803418804	-9.51282051282051
			8.02564102564103	-9.51282051282051
			8.01709401709402	-9.51282051282051
			8.00854700854701	-9.51282051282051
		</curveLM08>
		<curveLM09 type=matrix rownames=FALSE colnames=FALSE nrow=88 ncol=2 as.numeric=TRUE >
			8.00854700854701	-9.51282051282051
			8	-9.52136752136752
			7.99145299145299	-9.52136752136752
			7.98290598290598	-9.52991452991453
			7.97435897435898	-9.53846153846154
			7.97435897435898	-9.54700854700855
			7.96581196581197	-9.55555555555556
			7.95726495726496	-9.56410256410257
			7.95726495726496	-9.57264957264957
			7.94871794871795	-9.58119658119658
			7.94871794871795	-9.58974358974359
			7.94017094017094	-9.5982905982906
			7.94017094017094	-9.60683760683761
			7.93162393162393	-9.61538461538462
			7.93162393162393	-9.62393162393163
			7.93162393162393	-9.63247863247863
			7.92307692307692	-9.64102564102564
			7.92307692307692	-9.64957264957265
			7.92307692307692	-9.65811965811966
			7.91452991452992	-9.66666666666667
			7.91452991452992	-9.67521367521368
			7.91452991452992	-9.68376068376068
			7.91452991452992	-9.69230769230769
			7.90598290598291	-9.7008547008547
			7.90598290598291	-9.70940170940171
			7.90598290598291	-9.71794871794872
			7.90598290598291	-9.72649572649573
			7.90598290598291	-9.73504273504274
			7.8974358974359	-9.74358974358974
			7.8974358974359	-9.75213675213675
			7.8974358974359	-9.76068376068376
			7.8974358974359	-9.76923076923077
			7.8974358974359	-9.77777777777778
			7.8974358974359	-9.78632478632479
			7.8974358974359	-9.7948717948718
			7.88888888888889	-9.7948717948718
			7.88888888888889	-9.8034188034188
			7.88888888888889	-9.81196581196581
			7.88888888888889	-9.82051282051282
			7.88888888888889	-9.82905982905983
			7.88888888888889	-9.83760683760684
			7.88888888888889	-9.84615384615385
			7.88888888888889	-9.85470085470086
			7.88034188034188	-9.86324786324786
			7.88034188034188	-9.87179487179487
			7.88034188034188	-9.88034188034188
			7.88034188034188	-9.88888888888889
			7.88034188034188	-9.8974358974359
			7.87179487179487	-9.90598290598291
			7.87179487179487	-9.91452991452991
			7.87179487179487	-9.92307692307692
			7.87179487179487	-9.93162393162393
			7.86324786324786	-9.94017094017094
			7.86324786324786	-9.94871794871795
			7.86324786324786	-9.95726495726496
			7.85470085470086	-9.96581196581197
			7.85470085470086	-9.97435897435898
			7.85470085470086	-9.98290598290598
			7.84615384615385	-9.99145299145299
			7.84615384615385	-10
			7.84615384615385	-10.008547008547
			7.84615384615385	-10.017094017094
			7.83760683760684	-10.025641025641
			7.83760683760684	-10.034188034188
			7.83760683760684	-10.042735042735
			7.82905982905983	-10.0512820512821
			7.82905982905983	-10.0598290598291
			7.82051282051282	-10.0683760683761
			7.82051282051282	-10.0769230769231
			7.81196581196581	-10.0854700854701
			7.81196581196581	-10.0940170940171
			7.81196581196581	-10.1025641025641
			7.8034188034188	-10.1111111111111
			7.7948717948718	-10.1196581196581
			7.7948717948718	-10.1282051282051
			7.78632478632479	-10.1367521367521
			7.78632478632479	-10.1452991452991
			7.77777777777778	-10.1538461538462
			7.76923076923077	-10.1623931623932
			7.76068376068376	-10.1709401709402
			7.75213675213675	-10.1794871794872
			7.75213675213675	-10.1880341880342
			7.74358974358974	-10.1965811965812
			7.73504273504274	-10.1965811965812
			7.73504273504274	-10.2051282051282
			7.72649572649573	-10.2136752136752
			7.71794871794872	-10.2136752136752
			7.70940170940171	-10.2222222222222
		</curveLM09>
		<curveLM10 type=matrix rownames=FALSE colnames=FALSE nrow=87 ncol=2 as.numeric=TRUE >
			7.70940170940171	-10.2222222222222
			7.7008547008547	-10.2222222222222
			7.69230769230769	-10.2136752136752
			7.68376068376068	-10.2136752136752
			7.67521367521368	-10.2051282051282
			7.66666666666667	-10.1965811965812
			7.65811965811966	-10.1965811965812
			7.64957264957265	-10.1880341880342
			7.64102564102564	-10.1794871794872
			7.63247863247863	-10.1709401709402
			7.62393162393162	-10.1623931623932
			7.61538461538462	-10.1538461538462
			7.61538461538462	-10.1452991452991
			7.60683760683761	-10.1367521367521
			7.60683760683761	-10.1282051282051
			7.5982905982906	-10.1196581196581
			7.5982905982906	-10.1111111111111
			7.58974358974359	-10.1111111111111
			7.58974358974359	-10.1025641025641
			7.58119658119658	-10.0940170940171
			7.58119658119658	-10.0854700854701
			7.57264957264957	-10.0769230769231
			7.57264957264957	-10.0683760683761
			7.56410256410256	-10.0598290598291
			7.56410256410256	-10.0512820512821
			7.55555555555556	-10.042735042735
			7.55555555555556	-10.034188034188
			7.54700854700855	-10.025641025641
			7.54700854700855	-10.017094017094
			7.54700854700855	-10.008547008547
			7.54700854700855	-10
			7.53846153846154	-10
			7.53846153846154	-9.99145299145299
			7.53846153846154	-9.98290598290598
			7.52991452991453	-9.97435897435898
			7.52991452991453	-9.96581196581197
			7.52991452991453	-9.95726495726496
			7.52136752136752	-9.94871794871795
			7.52136752136752	-9.94017094017094
			7.52136752136752	-9.93162393162393
			7.51282051282051	-9.92307692307692
			7.51282051282051	-9.91452991452991
			7.51282051282051	-9.90598290598291
			7.50427350427351	-9.8974358974359
			7.50427350427351	-9.88888888888889
			7.50427350427351	-9.88034188034188
			7.50427350427351	-9.87179487179487
			7.4957264957265	-9.86324786324786
			7.4957264957265	-9.85470085470086
			7.4957264957265	-9.84615384615385
			7.4957264957265	-9.83760683760684
			7.4957264957265	-9.82905982905983
			7.48717948717949	-9.82905982905983
			7.48717948717949	-9.82051282051282
			7.48717948717949	-9.81196581196581
			7.48717948717949	-9.8034188034188
			7.48717948717949	-9.7948717948718
			7.47863247863248	-9.78632478632479
			7.47863247863248	-9.77777777777778
			7.47863247863248	-9.76923076923077
			7.47863247863248	-9.76068376068376
			7.47863247863248	-9.75213675213675
			7.47008547008547	-9.74358974358974
			7.47008547008547	-9.73504273504274
			7.47008547008547	-9.72649572649573
			7.47008547008547	-9.71794871794872
			7.46153846153846	-9.70940170940171
			7.46153846153846	-9.7008547008547
			7.46153846153846	-9.69230769230769
			7.45299145299145	-9.68376068376068
			7.45299145299145	-9.67521367521368
			7.45299145299145	-9.66666666666667
			7.45299145299145	-9.65811965811966
			7.44444444444445	-9.64957264957265
			7.44444444444445	-9.64102564102564
			7.43589743589744	-9.63247863247863
			7.43589743589744	-9.62393162393163
			7.43589743589744	-9.61538461538462
			7.42735042735043	-9.60683760683761
			7.42735042735043	-9.5982905982906
			7.41880341880342	-9.58974358974359
			7.41880341880342	-9.58119658119658
			7.41025641025641	-9.57264957264957
			7.41025641025641	-9.56410256410257
			7.4017094017094	-9.56410256410257
			7.4017094017094	-9.55555555555556
			7.39316239316239	-9.54700854700855
		</curveLM10>
		<curveLM11 type=matrix rownames=FALSE colnames=FALSE nrow=74 ncol=2 as.numeric=TRUE >
			7.39316239316239	-9.54700854700855
			7.38461538461539	-9.53846153846154
			7.37606837606838	-9.52991452991453
			7.36752136752137	-9.52991452991453
			7.35897435897436	-9.52136752136752
			7.35042735042735	-9.52136752136752
			7.34188034188034	-9.52136752136752
			7.33333333333333	-9.52136752136752
			7.32478632478633	-9.52136752136752
			7.31623931623932	-9.52136752136752
			7.30769230769231	-9.52136752136752
			7.2991452991453	-9.52136752136752
			7.29059829059829	-9.52136752136752
			7.28205128205128	-9.52991452991453
			7.27350427350427	-9.52991452991453
			7.26495726495727	-9.53846153846154
			7.25641025641026	-9.53846153846154
			7.24786324786325	-9.53846153846154
			7.24786324786325	-9.54700854700855
			7.23931623931624	-9.54700854700855
			7.23076923076923	-9.54700854700855
			7.22222222222222	-9.55555555555556
			7.21367521367521	-9.56410256410257
			7.20512820512821	-9.57264957264957
			7.1965811965812	-9.57264957264957
			7.18803418803419	-9.58119658119658
			7.17948717948718	-9.58974358974359
			7.17094017094017	-9.58974358974359
			7.16239316239316	-9.5982905982906
			7.15384615384615	-9.60683760683761
			7.14529914529915	-9.61538461538462
			7.14529914529915	-9.62393162393163
			7.13675213675214	-9.62393162393163
			7.13675213675214	-9.63247863247863
			7.12820512820513	-9.64102564102564
			7.11965811965812	-9.64102564102564
			7.11965811965812	-9.64957264957265
			7.11111111111111	-9.65811965811966
			7.1025641025641	-9.66666666666667
			7.09401709401709	-9.67521367521368
			7.08547008547009	-9.68376068376068
			7.07692307692308	-9.69230769230769
			7.06837606837607	-9.7008547008547
			7.05982905982906	-9.70940170940171
			7.05128205128205	-9.71794871794872
			7.04273504273504	-9.72649572649573
			7.04273504273504	-9.73504273504274
			7.03418803418803	-9.74358974358974
			7.02564102564103	-9.75213675213675
			7.01709401709402	-9.76068376068376
			7.00854700854701	-9.76923076923077
			7	-9.76923076923077
			6.99145299145299	-9.77777777777778
			6.99145299145299	-9.78632478632479
			6.98290598290598	-9.7948717948718
			6.97435897435898	-9.7948717948718
			6.96581196581197	-9.8034188034188
			6.95726495726496	-9.81196581196581
			6.94871794871795	-9.82051282051282
			6.94017094017094	-9.82905982905983
			6.93162393162393	-9.82905982905983
			6.92307692307692	-9.83760683760684
			6.91452991452991	-9.83760683760684
			6.91452991452991	-9.84615384615385
			6.90598290598291	-9.84615384615385
			6.8974358974359	-9.84615384615385
			6.8974358974359	-9.85470085470086
			6.88888888888889	-9.85470085470086
			6.88034188034188	-9.85470085470086
			6.87179487179487	-9.85470085470086
			6.86324786324786	-9.85470085470086
			6.85470085470086	-9.85470085470086
			6.84615384615385	-9.85470085470086
			6.83760683760684	-9.84615384615385
		</curveLM11>
		<curveLM12 type=matrix rownames=FALSE colnames=FALSE nrow=327 ncol=2 as.numeric=TRUE >
			6.83760683760684	-9.84615384615385
			6.83760683760684	-9.83760683760684
			6.82905982905983	-9.82905982905983
			6.82905982905983	-9.82051282051282
			6.82905982905983	-9.81196581196581
			6.82905982905983	-9.8034188034188
			6.82905982905983	-9.7948717948718
			6.82905982905983	-9.78632478632479
			6.82905982905983	-9.77777777777778
			6.82051282051282	-9.76923076923077
			6.82051282051282	-9.76068376068376
			6.82051282051282	-9.75213675213675
			6.82051282051282	-9.74358974358974
			6.82051282051282	-9.73504273504274
			6.82051282051282	-9.72649572649573
			6.82051282051282	-9.71794871794872
			6.82051282051282	-9.70940170940171
			6.82051282051282	-9.7008547008547
			6.82051282051282	-9.69230769230769
			6.82051282051282	-9.68376068376068
			6.82051282051282	-9.67521367521368
			6.82051282051282	-9.66666666666667
			6.82051282051282	-9.65811965811966
			6.82051282051282	-9.64957264957265
			6.82051282051282	-9.64102564102564
			6.82051282051282	-9.63247863247863
			6.82051282051282	-9.62393162393163
			6.82051282051282	-9.61538461538462
			6.82051282051282	-9.60683760683761
			6.82051282051282	-9.5982905982906
			6.82051282051282	-9.58974358974359
			6.82051282051282	-9.58119658119658
			6.82051282051282	-9.57264957264957
			6.82051282051282	-9.56410256410257
			6.82051282051282	-9.55555555555556
			6.82051282051282	-9.54700854700855
			6.82051282051282	-9.53846153846154
			6.82051282051282	-9.52991452991453
			6.82051282051282	-9.52136752136752
			6.82051282051282	-9.51282051282051
			6.82051282051282	-9.50427350427351
			6.82051282051282	-9.4957264957265
			6.82051282051282	-9.48717948717949
			6.82905982905983	-9.47863247863248
			6.82905982905983	-9.47008547008547
			6.82905982905983	-9.46153846153846
			6.82905982905983	-9.45299145299145
			6.82905982905983	-9.44444444444444
			6.82905982905983	-9.43589743589744
			6.82905982905983	-9.42735042735043
			6.82905982905983	-9.41880341880342
			6.82905982905983	-9.41025641025641
			6.83760683760684	-9.41025641025641
			6.83760683760684	-9.4017094017094
			6.83760683760684	-9.39316239316239
			6.83760683760684	-9.38461538461539
			6.83760683760684	-9.37606837606838
			6.83760683760684	-9.36752136752137
			6.84615384615385	-9.35897435897436
			6.84615384615385	-9.35042735042735
			6.84615384615385	-9.34188034188034
			6.85470085470086	-9.33333333333333
			6.85470085470086	-9.32478632478633
			6.85470085470086	-9.31623931623932
			6.86324786324786	-9.30769230769231
			6.86324786324786	-9.2991452991453
			6.86324786324786	-9.29059829059829
			6.86324786324786	-9.28205128205128
			6.87179487179487	-9.28205128205128
			6.87179487179487	-9.27350427350427
			6.87179487179487	-9.26495726495727
			6.87179487179487	-9.25641025641026
			6.88034188034188	-9.24786324786325
			6.88034188034188	-9.23931623931624
			6.88034188034188	-9.23076923076923
			6.88888888888889	-9.22222222222222
			6.88888888888889	-9.21367521367521
			6.88888888888889	-9.20512820512821
			6.8974358974359	-9.1965811965812
			6.8974358974359	-9.18803418803419
			6.8974358974359	-9.17948717948718
			6.90598290598291	-9.17094017094017
			6.90598290598291	-9.16239316239316
			6.90598290598291	-9.15384615384616
			6.91452991452991	-9.14529914529915
			6.91452991452991	-9.13675213675214
			6.91452991452991	-9.12820512820513
			6.92307692307692	-9.11965811965812
			6.92307692307692	-9.11111111111111
			6.92307692307692	-9.1025641025641
			6.92307692307692	-9.0940170940171
			6.93162393162393	-9.08547008547009
			6.93162393162393	-9.07692307692308
			6.93162393162393	-9.06837606837607
			6.94017094017094	-9.05982905982906
			6.94017094017094	-9.05128205128205
			6.94017094017094	-9.04273504273504
			6.94871794871795	-9.03418803418804
			6.94871794871795	-9.02564102564103
			6.94871794871795	-9.01709401709402
			6.95726495726496	-9.00854700854701
			6.95726495726496	-9
			6.95726495726496	-8.99145299145299
			6.96581196581197	-8.98290598290598
			6.96581196581197	-8.97435897435897
			6.96581196581197	-8.96581196581197
			6.97435897435898	-8.95726495726496
			6.97435897435898	-8.94871794871795
			6.97435897435898	-8.94017094017094
			6.97435897435898	-8.93162393162393
			6.98290598290598	-8.92307692307692
			6.98290598290598	-8.91452991452991
			6.98290598290598	-8.90598290598291
			6.98290598290598	-8.8974358974359
			6.99145299145299	-8.8974358974359
			6.99145299145299	-8.88888888888889
			6.99145299145299	-8.88034188034188
			6.99145299145299	-8.87179487179487
			7	-8.87179487179487
			7	-8.86324786324786
			7	-8.85470085470086
			7	-8.84615384615385
			7.00854700854701	-8.83760683760684
			7.00854700854701	-8.82905982905983
			7.00854700854701	-8.82051282051282
			7.01709401709402	-8.81196581196581
			7.01709401709402	-8.8034188034188
			7.01709401709402	-8.7948717948718
			7.02564102564103	-8.78632478632479
			7.02564102564103	-8.77777777777778
			7.02564102564103	-8.76923076923077
			7.02564102564103	-8.76068376068376
			7.03418803418803	-8.75213675213675
			7.03418803418803	-8.74358974358974
			7.03418803418803	-8.73504273504274
			7.04273504273504	-8.72649572649573
			7.04273504273504	-8.71794871794872
			7.04273504273504	-8.70940170940171
			7.04273504273504	-8.7008547008547
			7.05128205128205	-8.69230769230769
			7.05128205128205	-8.68376068376068
			7.05128205128205	-8.67521367521368
			7.05982905982906	-8.66666666666667
			7.05982905982906	-8.65811965811966
			7.05982905982906	-8.64957264957265
			7.06837606837607	-8.64102564102564
			7.06837606837607	-8.63247863247863
			7.06837606837607	-8.62393162393163
			7.06837606837607	-8.61538461538462
			7.07692307692308	-8.60683760683761
			7.07692307692308	-8.5982905982906
			7.07692307692308	-8.58974358974359
			7.08547008547009	-8.58119658119658
			7.08547008547009	-8.57264957264957
			7.08547008547009	-8.56410256410257
			7.09401709401709	-8.55555555555556
			7.09401709401709	-8.54700854700855
			7.09401709401709	-8.53846153846154
			7.09401709401709	-8.52991452991453
			7.1025641025641	-8.52136752136752
			7.1025641025641	-8.51282051282051
			7.1025641025641	-8.5042735042735
			7.11111111111111	-8.4957264957265
			7.11111111111111	-8.48717948717949
			7.11111111111111	-8.47863247863248
			7.11965811965812	-8.47008547008547
			7.11965811965812	-8.46153846153846
			7.11965811965812	-8.45299145299145
			7.12820512820513	-8.44444444444444
			7.12820512820513	-8.43589743589744
			7.12820512820513	-8.42735042735043
			7.13675213675214	-8.41880341880342
			7.13675213675214	-8.41025641025641
			7.13675213675214	-8.4017094017094
			7.13675213675214	-8.39316239316239
			7.14529914529915	-8.38461538461539
			7.14529914529915	-8.37606837606838
			7.14529914529915	-8.36752136752137
			7.14529914529915	-8.35897435897436
			7.15384615384615	-8.35897435897436
			7.15384615384615	-8.35042735042735
			7.15384615384615	-8.34188034188034
			7.15384615384615	-8.33333333333333
			7.16239316239316	-8.32478632478633
			7.16239316239316	-8.31623931623932
			7.16239316239316	-8.30769230769231
			7.17094017094017	-8.2991452991453
			7.17094017094017	-8.29059829059829
			7.17094017094017	-8.28205128205128
			7.17094017094017	-8.27350427350427
			7.17948717948718	-8.26495726495727
			7.17948717948718	-8.25641025641026
			7.17948717948718	-8.24786324786325
			7.17948717948718	-8.23931623931624
			7.18803418803419	-8.23076923076923
			7.18803418803419	-8.22222222222222
			7.18803418803419	-8.21367521367521
			7.1965811965812	-8.20512820512821
			7.1965811965812	-8.1965811965812
			7.1965811965812	-8.18803418803419
			7.20512820512821	-8.17948717948718
			7.20512820512821	-8.17094017094017
			7.20512820512821	-8.16239316239316
			7.21367521367521	-8.15384615384616
			7.21367521367521	-8.14529914529915
			7.21367521367521	-8.13675213675214
			7.21367521367521	-8.12820512820513
			7.22222222222222	-8.11965811965812
			7.22222222222222	-8.11111111111111
			7.22222222222222	-8.1025641025641
			7.23076923076923	-8.0940170940171
			7.23076923076923	-8.08547008547009
			7.23076923076923	-8.07692307692308
			7.23931623931624	-8.06837606837607
			7.23931623931624	-8.05982905982906
			7.23931623931624	-8.05128205128205
			7.23931623931624	-8.04273504273504
			7.24786324786325	-8.04273504273504
			7.24786324786325	-8.03418803418804
			7.24786324786325	-8.02564102564103
			7.25641025641026	-8.01709401709402
			7.25641025641026	-8.00854700854701
			7.26495726495727	-8
			7.26495726495727	-7.99145299145299
			7.27350427350427	-7.98290598290598
			7.27350427350427	-7.97435897435898
			7.28205128205128	-7.96581196581197
			7.28205128205128	-7.95726495726496
			7.29059829059829	-7.94871794871795
			7.29059829059829	-7.94017094017094
			7.2991452991453	-7.93162393162393
			7.2991452991453	-7.92307692307692
			7.2991452991453	-7.91452991452992
			7.30769230769231	-7.90598290598291
			7.30769230769231	-7.8974358974359
			7.31623931623932	-7.88888888888889
			7.32478632478633	-7.88034188034188
			7.32478632478633	-7.87179487179487
			7.32478632478633	-7.86324786324786
			7.33333333333333	-7.85470085470086
			7.33333333333333	-7.84615384615385
			7.34188034188034	-7.83760683760684
			7.34188034188034	-7.82905982905983
			7.35042735042735	-7.82051282051282
			7.35042735042735	-7.81196581196581
			7.35897435897436	-7.8034188034188
			7.35897435897436	-7.7948717948718
			7.36752136752137	-7.78632478632479
			7.36752136752137	-7.77777777777778
			7.37606837606838	-7.76923076923077
			7.37606837606838	-7.76068376068376
			7.38461538461539	-7.75213675213675
			7.38461538461539	-7.74358974358974
			7.39316239316239	-7.73504273504274
			7.39316239316239	-7.72649572649573
			7.4017094017094	-7.71794871794872
			7.4017094017094	-7.70940170940171
			7.41025641025641	-7.7008547008547
			7.41025641025641	-7.69230769230769
			7.41880341880342	-7.68376068376068
			7.41880341880342	-7.67521367521368
			7.42735042735043	-7.66666666666667
			7.42735042735043	-7.65811965811966
			7.42735042735043	-7.64957264957265
			7.43589743589744	-7.64102564102564
			7.43589743589744	-7.63247863247863
			7.44444444444445	-7.62393162393162
			7.44444444444445	-7.61538461538462
			7.45299145299145	-7.61538461538462
			7.45299145299145	-7.60683760683761
			7.46153846153846	-7.5982905982906
			7.46153846153846	-7.58974358974359
			7.46153846153846	-7.58119658119658
			7.47008547008547	-7.57264957264957
			7.47008547008547	-7.56410256410256
			7.47863247863248	-7.56410256410256
			7.47863247863248	-7.55555555555556
			7.47863247863248	-7.54700854700855
			7.48717948717949	-7.53846153846154
			7.48717948717949	-7.52991452991453
			7.4957264957265	-7.52136752136752
			7.4957264957265	-7.51282051282051
			7.50427350427351	-7.50427350427351
			7.50427350427351	-7.4957264957265
			7.51282051282051	-7.48717948717949
			7.51282051282051	-7.47863247863248
			7.52136752136752	-7.47008547008547
			7.52136752136752	-7.46153846153846
			7.52991452991453	-7.46153846153846
			7.52991452991453	-7.45299145299145
			7.52991452991453	-7.44444444444445
			7.53846153846154	-7.43589743589744
			7.53846153846154	-7.42735042735043
			7.54700854700855	-7.41880341880342
			7.55555555555556	-7.41025641025641
			7.55555555555556	-7.4017094017094
			7.55555555555556	-7.39316239316239
			7.56410256410256	-7.38461538461539
			7.56410256410256	-7.37606837606838
			7.57264957264957	-7.36752136752137
			7.57264957264957	-7.35897435897436
			7.58119658119658	-7.35897435897436
			7.58119658119658	-7.35042735042735
			7.58974358974359	-7.34188034188034
			7.58974358974359	-7.33333333333333
			7.58974358974359	-7.32478632478633
			7.5982905982906	-7.32478632478633
			7.5982905982906	-7.31623931623932
			7.60683760683761	-7.30769230769231
			7.60683760683761	-7.2991452991453
			7.61538461538462	-7.29059829059829
			7.62393162393162	-7.28205128205128
			7.62393162393162	-7.27350427350427
			7.62393162393162	-7.26495726495727
			7.63247863247863	-7.25641025641026
			7.64102564102564	-7.24786324786325
			7.64102564102564	-7.23931623931624
			7.64957264957265	-7.23076923076923
			7.65811965811966	-7.22222222222222
			7.65811965811966	-7.21367521367521
			7.66666666666667	-7.20512820512821
			7.66666666666667	-7.1965811965812
			7.67521367521368	-7.18803418803419
			7.68376068376068	-7.17948717948718
			7.69230769230769	-7.17094017094017
			7.69230769230769	-7.16239316239316
			7.7008547008547	-7.16239316239316
		</curveLM12>
	</curves.scaled>
	<ruler.points type=matrix rownames=TRUE colnames=FALSE nrow=5 ncol=2 as.numeric=TRUE >
		Ruler point 1	434	1409
		Ruler point 2	551	1409
		Ruler point 3	668	1409
		Ruler point 4	785	1409
		Ruler point 5	903	1409
	</ruler.points>
</shapes>

