<shapes type=list>
	<ruler.pixel type=vector names=FALSE length=1 as.numeric=TRUE >117</ruler.pixel>
	<ruler.interval type=vector names=FALSE length=1 as.numeric=TRUE >1</ruler.interval>
	<scaling.units type=vector names=FALSE length=1 as.numeric=FALSE >cm</scaling.units>
	<scaling type=vector names=FALSE length=1 as.numeric=TRUE >0.00854700854700855</scaling>
	<landmarks.pixel type=matrix rownames=TRUE colnames=FALSE nrow=6 ncol=2 as.numeric=TRUE >
		LM01	900	844
		LM02	1008	1157
		LM03	934	1117
		LM04	901	1194
		LM05	871	1120
		LM06	798	1158
	</landmarks.pixel>
	<landmarks.scaled type=matrix rownames=TRUE colnames=FALSE nrow=6 ncol=2 as.numeric=TRUE >
		LM01	7.69230769230769	-7.21367521367521
		LM02	8.61538461538462	-9.88888888888889
		LM03	7.98290598290598	-9.54700854700855
		LM04	7.7008547008547	-10.2051282051282
		LM05	7.44444444444445	-9.57264957264957
		LM06	6.82051282051282	-9.8974358974359
	</landmarks.scaled>
	<curves.control type=list>
		<curveLM07 type=matrix rownames=FALSE colnames=FALSE nrow=5 ncol=2 as.numeric=TRUE >
			900	844
			923	886
			958	978
			1020	1131
			1008	1157
		</curveLM07>
		<curveLM08 type=matrix rownames=FALSE colnames=FALSE nrow=5 ncol=2 as.numeric=TRUE >
			1008	1157
			1000	1168
			963	1135
			943	1115
			934	1117
		</curveLM08>
		<curveLM09 type=matrix rownames=FALSE colnames=FALSE nrow=5 ncol=2 as.numeric=TRUE >
			934	1117
			925	1122
			923	1157
			913	1191
			901	1194
		</curveLM09>
		<curveLM10 type=matrix rownames=FALSE colnames=FALSE nrow=3 ncol=2 as.numeric=TRUE >
			901	1194
			884	1186
			871	1120
		</curveLM10>
		<curveLM11 type=matrix rownames=FALSE colnames=FALSE nrow=5 ncol=2 as.numeric=TRUE >
			871	1120
			861	1116
			838	1138
			811	1163
			798	1158
		</curveLM11>
		<curveLM12 type=matrix rownames=FALSE colnames=FALSE nrow=5 ncol=2 as.numeric=TRUE >
			798	1158
			788	1151
			815	1068
			854	954
			900	844
		</curveLM12>
	</curves.control>
	<curves.pixel type=list>
		<curveLM07 type=matrix rownames=FALSE colnames=FALSE nrow=322 ncol=2 as.numeric=TRUE >
			900	844
			900	845
			901	845
			901	846
			901	847
			902	848
			903	849
			903	850
			904	851
			904	852
			905	853
			905	854
			906	855
			906	856
			907	857
			907	858
			908	859
			908	860
			909	861
			909	862
			910	863
			910	864
			911	865
			911	866
			912	867
			912	868
			913	869
			913	870
			913	871
			914	871
			914	872
			915	873
			915	874
			915	875
			916	876
			916	877
			917	877
			917	878
			917	879
			918	880
			918	881
			919	882
			919	883
			919	884
			920	885
			920	886
			921	886
			921	887
			922	888
			922	889
			922	890
			923	891
			923	892
			924	893
			924	894
			924	895
			925	896
			925	897
			926	898
			926	899
			927	900
			927	901
			928	902
			928	903
			928	904
			929	905
			929	906
			930	907
			930	908
			931	909
			931	910
			931	911
			932	912
			932	913
			932	914
			933	914
			933	915
			933	916
			934	916
			934	917
			934	918
			935	919
			935	920
			936	921
			936	922
			936	923
			937	924
			937	925
			938	926
			938	927
			938	928
			939	929
			939	930
			940	931
			940	932
			940	933
			941	934
			941	935
			942	936
			942	937
			943	938
			943	939
			943	940
			944	941
			944	942
			944	943
			945	943
			945	944
			945	945
			946	946
			946	947
			947	948
			947	949
			947	950
			947	951
			948	952
			948	953
			949	954
			949	955
			950	956
			950	957
			950	958
			951	959
			951	960
			951	961
			952	962
			952	963
			953	964
			953	965
			953	966
			954	967
			954	968
			954	969
			955	970
			955	971
			956	972
			956	973
			956	974
			957	975
			957	976
			958	977
			958	978
			959	979
			959	980
			959	981
			960	982
			960	983
			961	984
			961	985
			961	986
			962	987
			962	988
			963	989
			963	990
			963	991
			964	992
			964	993
			965	994
			965	995
			965	996
			966	997
			966	998
			966	999
			967	1000
			967	1001
			968	1002
			968	1003
			968	1004
			969	1005
			969	1006
			969	1007
			970	1008
			970	1009
			971	1010
			971	1011
			972	1012
			972	1013
			972	1014
			973	1015
			973	1016
			973	1017
			974	1018
			974	1019
			974	1020
			975	1020
			975	1021
			975	1022
			976	1023
			976	1024
			976	1025
			977	1026
			977	1027
			977	1028
			978	1029
			978	1030
			979	1031
			979	1032
			980	1033
			980	1034
			980	1035
			981	1036
			981	1037
			981	1038
			982	1039
			982	1040
			982	1041
			983	1042
			983	1043
			984	1044
			984	1045
			984	1046
			984	1047
			985	1048
			985	1049
			986	1050
			986	1051
			986	1052
			987	1053
			987	1054
			987	1055
			988	1056
			988	1057
			989	1058
			989	1059
			989	1060
			990	1061
			990	1062
			990	1063
			991	1064
			991	1065
			991	1066
			992	1067
			992	1068
			992	1069
			992	1070
			993	1071
			993	1072
			993	1073
			994	1074
			994	1075
			995	1076
			995	1077
			995	1078
			995	1079
			996	1080
			996	1081
			996	1082
			997	1083
			997	1084
			997	1085
			998	1086
			998	1087
			998	1088
			999	1089
			999	1090
			999	1091
			1000	1092
			1000	1093
			1000	1094
			1000	1095
			1001	1096
			1001	1097
			1001	1098
			1002	1099
			1002	1100
			1002	1101
			1002	1102
			1003	1103
			1003	1104
			1003	1105
			1003	1106
			1004	1107
			1004	1108
			1004	1109
			1004	1110
			1005	1111
			1005	1112
			1005	1113
			1005	1114
			1006	1115
			1006	1116
			1006	1117
			1006	1118
			1006	1119
			1007	1120
			1007	1121
			1007	1122
			1007	1123
			1007	1124
			1008	1125
			1008	1126
			1008	1127
			1008	1128
			1008	1129
			1008	1130
			1009	1131
			1009	1132
			1009	1133
			1009	1134
			1009	1135
			1009	1136
			1009	1137
			1010	1138
			1010	1139
			1010	1140
			1010	1141
			1010	1142
			1010	1143
			1010	1144
			1010	1145
			1010	1146
			1010	1147
			1010	1148
			1010	1149
			1010	1150
			1010	1151
			1009	1152
			1009	1153
			1009	1154
			1009	1155
			1008	1156
			1008	1157
		</curveLM07>
		<curveLM08 type=matrix rownames=FALSE colnames=FALSE nrow=81 ncol=2 as.numeric=TRUE >
			1008	1157
			1007	1158
			1006	1159
			1005	1159
			1004	1160
			1003	1160
			1002	1160
			1001	1160
			1000	1160
			999	1159
			998	1159
			997	1159
			996	1158
			995	1158
			994	1158
			993	1157
			992	1157
			992	1156
			991	1156
			990	1156
			989	1155
			988	1154
			987	1154
			986	1153
			985	1152
			984	1151
			983	1151
			982	1151
			982	1150
			981	1150
			980	1149
			979	1149
			979	1148
			978	1148
			977	1147
			977	1146
			976	1146
			975	1145
			974	1145
			974	1144
			973	1143
			972	1143
			971	1142
			970	1141
			969	1140
			968	1139
			967	1138
			966	1137
			965	1137
			964	1136
			963	1135
			962	1134
			961	1133
			960	1132
			959	1131
			958	1130
			957	1129
			956	1128
			955	1127
			954	1127
			953	1126
			952	1125
			951	1124
			950	1124
			949	1123
			948	1122
			947	1121
			946	1121
			945	1120
			944	1119
			943	1119
			942	1118
			941	1118
			940	1118
			940	1117
			939	1117
			938	1117
			937	1117
			936	1117
			935	1117
			934	1117
		</curveLM08>
		<curveLM09 type=matrix rownames=FALSE colnames=FALSE nrow=84 ncol=2 as.numeric=TRUE >
			934	1117
			933	1118
			932	1118
			932	1119
			931	1120
			930	1121
			930	1122
			929	1123
			929	1124
			928	1125
			928	1126
			928	1127
			927	1128
			927	1129
			927	1130
			926	1131
			926	1132
			926	1133
			926	1134
			926	1135
			925	1135
			925	1136
			925	1137
			925	1138
			925	1139
			925	1140
			925	1141
			924	1141
			924	1142
			924	1143
			924	1144
			924	1145
			924	1146
			924	1147
			924	1148
			924	1149
			923	1150
			923	1151
			923	1152
			923	1153
			923	1154
			923	1155
			923	1156
			923	1157
			923	1158
			922	1159
			922	1160
			922	1161
			921	1162
			921	1163
			921	1164
			921	1165
			920	1165
			920	1166
			920	1167
			919	1168
			919	1169
			919	1170
			918	1171
			918	1172
			918	1173
			917	1174
			917	1175
			916	1176
			916	1177
			915	1178
			915	1179
			914	1180
			914	1181
			913	1182
			913	1183
			912	1184
			911	1185
			911	1186
			910	1187
			909	1188
			908	1189
			907	1190
			906	1191
			905	1192
			904	1193
			903	1193
			902	1194
			901	1194
		</curveLM09>
		<curveLM10 type=matrix rownames=FALSE colnames=FALSE nrow=77 ncol=2 as.numeric=TRUE >
			901	1194
			900	1194
			899	1193
			898	1192
			897	1191
			896	1190
			895	1189
			894	1188
			893	1187
			892	1186
			892	1185
			891	1184
			891	1183
			890	1182
			890	1181
			889	1180
			888	1179
			888	1178
			887	1177
			887	1176
			886	1175
			886	1174
			886	1173
			885	1172
			885	1171
			884	1170
			884	1169
			884	1168
			883	1167
			883	1166
			882	1165
			882	1164
			882	1163
			881	1162
			881	1161
			881	1160
			881	1159
			880	1158
			880	1157
			880	1156
			879	1155
			879	1154
			879	1153
			878	1152
			878	1151
			878	1150
			878	1149
			877	1148
			877	1147
			877	1146
			877	1145
			876	1144
			876	1143
			876	1142
			876	1141
			875	1140
			875	1139
			875	1138
			875	1137
			874	1136
			874	1135
			874	1134
			874	1133
			874	1132
			873	1132
			873	1131
			873	1130
			873	1129
			873	1128
			872	1127
			872	1126
			872	1125
			872	1124
			872	1123
			871	1122
			871	1121
			871	1120
		</curveLM10>
		<curveLM11 type=matrix rownames=FALSE colnames=FALSE nrow=81 ncol=2 as.numeric=TRUE >
			871	1120
			870	1120
			869	1119
			868	1119
			867	1119
			866	1120
			865	1120
			864	1120
			863	1120
			862	1121
			861	1121
			860	1122
			859	1122
			858	1122
			857	1123
			856	1124
			855	1124
			854	1125
			853	1125
			852	1126
			851	1127
			850	1128
			849	1128
			849	1129
			848	1129
			847	1130
			846	1130
			846	1131
			845	1132
			844	1132
			844	1133
			843	1134
			842	1134
			841	1135
			840	1136
			839	1137
			838	1138
			837	1139
			836	1140
			835	1141
			834	1142
			833	1143
			832	1143
			832	1144
			831	1144
			830	1145
			829	1146
			828	1147
			827	1148
			826	1148
			825	1149
			824	1150
			823	1150
			822	1151
			821	1151
			821	1152
			820	1152
			819	1153
			818	1153
			817	1154
			816	1155
			815	1155
			814	1156
			813	1156
			812	1157
			811	1157
			810	1157
			810	1158
			809	1158
			808	1158
			807	1158
			806	1158
			806	1159
			805	1159
			804	1159
			803	1159
			802	1159
			801	1159
			800	1159
			799	1158
			798	1158
		</curveLM11>
		<curveLM12 type=matrix rownames=FALSE colnames=FALSE nrow=320 ncol=2 as.numeric=TRUE >
			798	1158
			797	1157
			796	1156
			796	1155
			796	1154
			796	1153
			795	1152
			795	1151
			795	1150
			795	1149
			795	1148
			795	1147
			795	1146
			795	1145
			796	1144
			796	1143
			796	1142
			796	1141
			796	1140
			796	1139
			796	1138
			796	1137
			797	1136
			797	1135
			797	1134
			797	1133
			797	1132
			797	1131
			798	1131
			798	1130
			798	1129
			798	1128
			798	1127
			798	1126
			799	1125
			799	1124
			799	1123
			799	1122
			800	1121
			800	1120
			800	1119
			800	1118
			801	1117
			801	1116
			801	1115
			801	1114
			802	1113
			802	1112
			802	1111
			802	1110
			803	1109
			803	1108
			803	1107
			803	1106
			804	1105
			804	1104
			804	1103
			805	1102
			805	1101
			805	1100
			805	1099
			806	1098
			806	1097
			806	1096
			807	1095
			807	1094
			807	1093
			807	1092
			808	1092
			808	1091
			808	1090
			809	1089
			809	1088
			809	1087
			809	1086
			810	1085
			810	1084
			810	1083
			811	1082
			811	1081
			811	1080
			812	1079
			812	1078
			812	1077
			813	1076
			813	1075
			813	1074
			813	1073
			814	1072
			814	1071
			814	1070
			815	1069
			815	1068
			815	1067
			816	1066
			816	1065
			816	1064
			817	1064
			817	1063
			817	1062
			817	1061
			818	1060
			818	1059
			818	1058
			819	1057
			819	1056
			819	1055
			820	1054
			820	1053
			820	1052
			821	1051
			821	1050
			821	1049
			822	1048
			822	1047
			823	1046
			823	1045
			823	1044
			824	1043
			824	1042
			824	1041
			825	1041
			825	1040
			825	1039
			825	1038
			826	1037
			826	1036
			827	1035
			827	1034
			827	1033
			828	1032
			828	1031
			828	1030
			829	1029
			829	1028
			829	1027
			830	1026
			830	1025
			830	1024
			831	1023
			831	1022
			831	1021
			832	1020
			832	1019
			832	1018
			833	1017
			833	1016
			833	1015
			834	1014
			834	1013
			835	1012
			835	1011
			835	1010
			836	1009
			836	1008
			836	1007
			837	1007
			837	1006
			837	1005
			838	1004
			838	1003
			838	1002
			839	1001
			839	1000
			839	999
			840	998
			840	997
			841	996
			841	995
			841	994
			842	993
			842	992
			842	991
			843	990
			843	989
			843	988
			844	987
			844	986
			844	985
			845	984
			845	983
			846	982
			846	981
			846	980
			847	979
			847	978
			847	977
			848	976
			848	975
			848	974
			849	973
			849	972
			850	971
			850	970
			851	969
			851	968
			851	967
			852	966
			852	965
			852	964
			853	963
			853	962
			853	961
			854	960
			854	959
			855	958
			855	957
			855	956
			856	955
			856	954
			857	953
			857	952
			857	951
			858	950
			858	949
			858	948
			859	947
			859	946
			860	945
			860	944
			860	943
			861	942
			861	941
			862	940
			862	939
			862	938
			863	937
			863	936
			863	935
			864	934
			864	933
			865	932
			865	931
			865	930
			866	929
			866	928
			867	927
			867	926
			867	925
			868	924
			868	923
			869	922
			869	921
			869	920
			870	919
			870	918
			870	917
			871	916
			871	915
			872	914
			872	913
			872	912
			873	911
			873	910
			874	909
			874	908
			874	907
			875	906
			875	905
			876	904
			876	903
			876	902
			877	901
			877	900
			878	899
			878	898
			878	897
			879	896
			879	895
			880	894
			880	893
			880	892
			881	891
			881	890
			882	889
			882	888
			882	887
			883	886
			883	885
			884	884
			884	883
			884	882
			885	881
			885	880
			886	879
			886	878
			886	877
			887	876
			887	875
			888	874
			888	873
			888	872
			889	871
			889	870
			890	869
			890	868
			890	867
			891	866
			891	865
			892	864
			892	863
			892	862
			893	861
			893	860
			894	859
			894	858
			894	857
			895	856
			895	855
			896	854
			896	853
			897	852
			897	851
			897	850
			898	849
			898	848
			899	847
			899	846
			899	845
			900	844
		</curveLM12>
	</curves.pixel>
	<curves.scaled type=list>
		<curveLM07 type=matrix rownames=FALSE colnames=FALSE nrow=322 ncol=2 as.numeric=TRUE >
			7.69230769230769	-7.21367521367521
			7.69230769230769	-7.22222222222222
			7.7008547008547	-7.22222222222222
			7.7008547008547	-7.23076923076923
			7.7008547008547	-7.23931623931624
			7.70940170940171	-7.24786324786325
			7.71794871794872	-7.25641025641026
			7.71794871794872	-7.26495726495727
			7.72649572649573	-7.27350427350427
			7.72649572649573	-7.28205128205128
			7.73504273504274	-7.29059829059829
			7.73504273504274	-7.2991452991453
			7.74358974358974	-7.30769230769231
			7.74358974358974	-7.31623931623932
			7.75213675213675	-7.32478632478633
			7.75213675213675	-7.33333333333333
			7.76068376068376	-7.34188034188034
			7.76068376068376	-7.35042735042735
			7.76923076923077	-7.35897435897436
			7.76923076923077	-7.36752136752137
			7.77777777777778	-7.37606837606838
			7.77777777777778	-7.38461538461539
			7.78632478632479	-7.39316239316239
			7.78632478632479	-7.4017094017094
			7.7948717948718	-7.41025641025641
			7.7948717948718	-7.41880341880342
			7.8034188034188	-7.42735042735043
			7.8034188034188	-7.43589743589744
			7.8034188034188	-7.44444444444445
			7.81196581196581	-7.44444444444445
			7.81196581196581	-7.45299145299145
			7.82051282051282	-7.46153846153846
			7.82051282051282	-7.47008547008547
			7.82051282051282	-7.47863247863248
			7.82905982905983	-7.48717948717949
			7.82905982905983	-7.4957264957265
			7.83760683760684	-7.4957264957265
			7.83760683760684	-7.50427350427351
			7.83760683760684	-7.51282051282051
			7.84615384615385	-7.52136752136752
			7.84615384615385	-7.52991452991453
			7.85470085470086	-7.53846153846154
			7.85470085470086	-7.54700854700855
			7.85470085470086	-7.55555555555556
			7.86324786324786	-7.56410256410256
			7.86324786324786	-7.57264957264957
			7.87179487179487	-7.57264957264957
			7.87179487179487	-7.58119658119658
			7.88034188034188	-7.58974358974359
			7.88034188034188	-7.5982905982906
			7.88034188034188	-7.60683760683761
			7.88888888888889	-7.61538461538462
			7.88888888888889	-7.62393162393162
			7.8974358974359	-7.63247863247863
			7.8974358974359	-7.64102564102564
			7.8974358974359	-7.64957264957265
			7.90598290598291	-7.65811965811966
			7.90598290598291	-7.66666666666667
			7.91452991452992	-7.67521367521368
			7.91452991452992	-7.68376068376068
			7.92307692307692	-7.69230769230769
			7.92307692307692	-7.7008547008547
			7.93162393162393	-7.70940170940171
			7.93162393162393	-7.71794871794872
			7.93162393162393	-7.72649572649573
			7.94017094017094	-7.73504273504274
			7.94017094017094	-7.74358974358974
			7.94871794871795	-7.75213675213675
			7.94871794871795	-7.76068376068376
			7.95726495726496	-7.76923076923077
			7.95726495726496	-7.77777777777778
			7.95726495726496	-7.78632478632479
			7.96581196581197	-7.7948717948718
			7.96581196581197	-7.8034188034188
			7.96581196581197	-7.81196581196581
			7.97435897435898	-7.81196581196581
			7.97435897435898	-7.82051282051282
			7.97435897435898	-7.82905982905983
			7.98290598290598	-7.82905982905983
			7.98290598290598	-7.83760683760684
			7.98290598290598	-7.84615384615385
			7.99145299145299	-7.85470085470086
			7.99145299145299	-7.86324786324786
			8	-7.87179487179487
			8	-7.88034188034188
			8	-7.88888888888889
			8.00854700854701	-7.8974358974359
			8.00854700854701	-7.90598290598291
			8.01709401709402	-7.91452991452992
			8.01709401709402	-7.92307692307692
			8.01709401709402	-7.93162393162393
			8.02564102564103	-7.94017094017094
			8.02564102564103	-7.94871794871795
			8.03418803418804	-7.95726495726496
			8.03418803418804	-7.96581196581197
			8.03418803418804	-7.97435897435898
			8.04273504273504	-7.98290598290598
			8.04273504273504	-7.99145299145299
			8.05128205128205	-8
			8.05128205128205	-8.00854700854701
			8.05982905982906	-8.01709401709402
			8.05982905982906	-8.02564102564103
			8.05982905982906	-8.03418803418804
			8.06837606837607	-8.04273504273504
			8.06837606837607	-8.05128205128205
			8.06837606837607	-8.05982905982906
			8.07692307692308	-8.05982905982906
			8.07692307692308	-8.06837606837607
			8.07692307692308	-8.07692307692308
			8.08547008547009	-8.08547008547009
			8.08547008547009	-8.0940170940171
			8.0940170940171	-8.1025641025641
			8.0940170940171	-8.11111111111111
			8.0940170940171	-8.11965811965812
			8.0940170940171	-8.12820512820513
			8.1025641025641	-8.13675213675214
			8.1025641025641	-8.14529914529915
			8.11111111111111	-8.15384615384616
			8.11111111111111	-8.16239316239316
			8.11965811965812	-8.17094017094017
			8.11965811965812	-8.17948717948718
			8.11965811965812	-8.18803418803419
			8.12820512820513	-8.1965811965812
			8.12820512820513	-8.20512820512821
			8.12820512820513	-8.21367521367521
			8.13675213675214	-8.22222222222222
			8.13675213675214	-8.23076923076923
			8.14529914529915	-8.23931623931624
			8.14529914529915	-8.24786324786325
			8.14529914529915	-8.25641025641026
			8.15384615384616	-8.26495726495727
			8.15384615384616	-8.27350427350427
			8.15384615384616	-8.28205128205128
			8.16239316239316	-8.29059829059829
			8.16239316239316	-8.2991452991453
			8.17094017094017	-8.30769230769231
			8.17094017094017	-8.31623931623932
			8.17094017094017	-8.32478632478633
			8.17948717948718	-8.33333333333333
			8.17948717948718	-8.34188034188034
			8.18803418803419	-8.35042735042735
			8.18803418803419	-8.35897435897436
			8.1965811965812	-8.36752136752137
			8.1965811965812	-8.37606837606838
			8.1965811965812	-8.38461538461539
			8.20512820512821	-8.39316239316239
			8.20512820512821	-8.4017094017094
			8.21367521367521	-8.41025641025641
			8.21367521367521	-8.41880341880342
			8.21367521367521	-8.42735042735043
			8.22222222222222	-8.43589743589744
			8.22222222222222	-8.44444444444444
			8.23076923076923	-8.45299145299145
			8.23076923076923	-8.46153846153846
			8.23076923076923	-8.47008547008547
			8.23931623931624	-8.47863247863248
			8.23931623931624	-8.48717948717949
			8.24786324786325	-8.4957264957265
			8.24786324786325	-8.5042735042735
			8.24786324786325	-8.51282051282051
			8.25641025641026	-8.52136752136752
			8.25641025641026	-8.52991452991453
			8.25641025641026	-8.53846153846154
			8.26495726495727	-8.54700854700855
			8.26495726495727	-8.55555555555556
			8.27350427350427	-8.56410256410257
			8.27350427350427	-8.57264957264957
			8.27350427350427	-8.58119658119658
			8.28205128205128	-8.58974358974359
			8.28205128205128	-8.5982905982906
			8.28205128205128	-8.60683760683761
			8.29059829059829	-8.61538461538462
			8.29059829059829	-8.62393162393163
			8.2991452991453	-8.63247863247863
			8.2991452991453	-8.64102564102564
			8.30769230769231	-8.64957264957265
			8.30769230769231	-8.65811965811966
			8.30769230769231	-8.66666666666667
			8.31623931623932	-8.67521367521368
			8.31623931623932	-8.68376068376068
			8.31623931623932	-8.69230769230769
			8.32478632478633	-8.7008547008547
			8.32478632478633	-8.70940170940171
			8.32478632478633	-8.71794871794872
			8.33333333333333	-8.71794871794872
			8.33333333333333	-8.72649572649573
			8.33333333333333	-8.73504273504274
			8.34188034188034	-8.74358974358974
			8.34188034188034	-8.75213675213675
			8.34188034188034	-8.76068376068376
			8.35042735042735	-8.76923076923077
			8.35042735042735	-8.77777777777778
			8.35042735042735	-8.78632478632479
			8.35897435897436	-8.7948717948718
			8.35897435897436	-8.8034188034188
			8.36752136752137	-8.81196581196581
			8.36752136752137	-8.82051282051282
			8.37606837606838	-8.82905982905983
			8.37606837606838	-8.83760683760684
			8.37606837606838	-8.84615384615385
			8.38461538461539	-8.85470085470086
			8.38461538461539	-8.86324786324786
			8.38461538461539	-8.87179487179487
			8.39316239316239	-8.88034188034188
			8.39316239316239	-8.88888888888889
			8.39316239316239	-8.8974358974359
			8.4017094017094	-8.90598290598291
			8.4017094017094	-8.91452991452991
			8.41025641025641	-8.92307692307692
			8.41025641025641	-8.93162393162393
			8.41025641025641	-8.94017094017094
			8.41025641025641	-8.94871794871795
			8.41880341880342	-8.95726495726496
			8.41880341880342	-8.96581196581197
			8.42735042735043	-8.97435897435897
			8.42735042735043	-8.98290598290598
			8.42735042735043	-8.99145299145299
			8.43589743589744	-9
			8.43589743589744	-9.00854700854701
			8.43589743589744	-9.01709401709402
			8.44444444444444	-9.02564102564103
			8.44444444444444	-9.03418803418804
			8.45299145299145	-9.04273504273504
			8.45299145299145	-9.05128205128205
			8.45299145299145	-9.05982905982906
			8.46153846153846	-9.06837606837607
			8.46153846153846	-9.07692307692308
			8.46153846153846	-9.08547008547009
			8.47008547008547	-9.0940170940171
			8.47008547008547	-9.1025641025641
			8.47008547008547	-9.11111111111111
			8.47863247863248	-9.11965811965812
			8.47863247863248	-9.12820512820513
			8.47863247863248	-9.13675213675214
			8.47863247863248	-9.14529914529915
			8.48717948717949	-9.15384615384616
			8.48717948717949	-9.16239316239316
			8.48717948717949	-9.17094017094017
			8.4957264957265	-9.17948717948718
			8.4957264957265	-9.18803418803419
			8.5042735042735	-9.1965811965812
			8.5042735042735	-9.20512820512821
			8.5042735042735	-9.21367521367521
			8.5042735042735	-9.22222222222222
			8.51282051282051	-9.23076923076923
			8.51282051282051	-9.23931623931624
			8.51282051282051	-9.24786324786325
			8.52136752136752	-9.25641025641026
			8.52136752136752	-9.26495726495727
			8.52136752136752	-9.27350427350427
			8.52991452991453	-9.28205128205128
			8.52991452991453	-9.29059829059829
			8.52991452991453	-9.2991452991453
			8.53846153846154	-9.30769230769231
			8.53846153846154	-9.31623931623932
			8.53846153846154	-9.32478632478633
			8.54700854700855	-9.33333333333333
			8.54700854700855	-9.34188034188034
			8.54700854700855	-9.35042735042735
			8.54700854700855	-9.35897435897436
			8.55555555555556	-9.36752136752137
			8.55555555555556	-9.37606837606838
			8.55555555555556	-9.38461538461539
			8.56410256410257	-9.39316239316239
			8.56410256410257	-9.4017094017094
			8.56410256410257	-9.41025641025641
			8.56410256410257	-9.41880341880342
			8.57264957264957	-9.42735042735043
			8.57264957264957	-9.43589743589744
			8.57264957264957	-9.44444444444444
			8.57264957264957	-9.45299145299145
			8.58119658119658	-9.46153846153846
			8.58119658119658	-9.47008547008547
			8.58119658119658	-9.47863247863248
			8.58119658119658	-9.48717948717949
			8.58974358974359	-9.4957264957265
			8.58974358974359	-9.50427350427351
			8.58974358974359	-9.51282051282051
			8.58974358974359	-9.52136752136752
			8.5982905982906	-9.52991452991453
			8.5982905982906	-9.53846153846154
			8.5982905982906	-9.54700854700855
			8.5982905982906	-9.55555555555556
			8.5982905982906	-9.56410256410257
			8.60683760683761	-9.57264957264957
			8.60683760683761	-9.58119658119658
			8.60683760683761	-9.58974358974359
			8.60683760683761	-9.5982905982906
			8.60683760683761	-9.60683760683761
			8.61538461538462	-9.61538461538462
			8.61538461538462	-9.62393162393163
			8.61538461538462	-9.63247863247863
			8.61538461538462	-9.64102564102564
			8.61538461538462	-9.64957264957265
			8.61538461538462	-9.65811965811966
			8.62393162393163	-9.66666666666667
			8.62393162393163	-9.67521367521368
			8.62393162393163	-9.68376068376068
			8.62393162393163	-9.69230769230769
			8.62393162393163	-9.7008547008547
			8.62393162393163	-9.70940170940171
			8.62393162393163	-9.71794871794872
			8.63247863247863	-9.72649572649573
			8.63247863247863	-9.73504273504274
			8.63247863247863	-9.74358974358974
			8.63247863247863	-9.75213675213675
			8.63247863247863	-9.76068376068376
			8.63247863247863	-9.76923076923077
			8.63247863247863	-9.77777777777778
			8.63247863247863	-9.78632478632479
			8.63247863247863	-9.7948717948718
			8.63247863247863	-9.8034188034188
			8.63247863247863	-9.81196581196581
			8.63247863247863	-9.82051282051282
			8.63247863247863	-9.82905982905983
			8.63247863247863	-9.83760683760684
			8.62393162393163	-9.84615384615385
			8.62393162393163	-9.85470085470086
			8.62393162393163	-9.86324786324786
			8.62393162393163	-9.87179487179487
			8.61538461538462	-9.88034188034188
			8.61538461538462	-9.88888888888889
		</curveLM07>
		<curveLM08 type=matrix rownames=FALSE colnames=FALSE nrow=81 ncol=2 as.numeric=TRUE >
			8.61538461538462	-9.88888888888889
			8.60683760683761	-9.8974358974359
			8.5982905982906	-9.90598290598291
			8.58974358974359	-9.90598290598291
			8.58119658119658	-9.91452991452991
			8.57264957264957	-9.91452991452991
			8.56410256410257	-9.91452991452991
			8.55555555555556	-9.91452991452991
			8.54700854700855	-9.91452991452991
			8.53846153846154	-9.90598290598291
			8.52991452991453	-9.90598290598291
			8.52136752136752	-9.90598290598291
			8.51282051282051	-9.8974358974359
			8.5042735042735	-9.8974358974359
			8.4957264957265	-9.8974358974359
			8.48717948717949	-9.88888888888889
			8.47863247863248	-9.88888888888889
			8.47863247863248	-9.88034188034188
			8.47008547008547	-9.88034188034188
			8.46153846153846	-9.88034188034188
			8.45299145299145	-9.87179487179487
			8.44444444444444	-9.86324786324786
			8.43589743589744	-9.86324786324786
			8.42735042735043	-9.85470085470086
			8.41880341880342	-9.84615384615385
			8.41025641025641	-9.83760683760684
			8.4017094017094	-9.83760683760684
			8.39316239316239	-9.83760683760684
			8.39316239316239	-9.82905982905983
			8.38461538461539	-9.82905982905983
			8.37606837606838	-9.82051282051282
			8.36752136752137	-9.82051282051282
			8.36752136752137	-9.81196581196581
			8.35897435897436	-9.81196581196581
			8.35042735042735	-9.8034188034188
			8.35042735042735	-9.7948717948718
			8.34188034188034	-9.7948717948718
			8.33333333333333	-9.78632478632479
			8.32478632478633	-9.78632478632479
			8.32478632478633	-9.77777777777778
			8.31623931623932	-9.76923076923077
			8.30769230769231	-9.76923076923077
			8.2991452991453	-9.76068376068376
			8.29059829059829	-9.75213675213675
			8.28205128205128	-9.74358974358974
			8.27350427350427	-9.73504273504274
			8.26495726495727	-9.72649572649573
			8.25641025641026	-9.71794871794872
			8.24786324786325	-9.71794871794872
			8.23931623931624	-9.70940170940171
			8.23076923076923	-9.7008547008547
			8.22222222222222	-9.69230769230769
			8.21367521367521	-9.68376068376068
			8.20512820512821	-9.67521367521368
			8.1965811965812	-9.66666666666667
			8.18803418803419	-9.65811965811966
			8.17948717948718	-9.64957264957265
			8.17094017094017	-9.64102564102564
			8.16239316239316	-9.63247863247863
			8.15384615384616	-9.63247863247863
			8.14529914529915	-9.62393162393163
			8.13675213675214	-9.61538461538462
			8.12820512820513	-9.60683760683761
			8.11965811965812	-9.60683760683761
			8.11111111111111	-9.5982905982906
			8.1025641025641	-9.58974358974359
			8.0940170940171	-9.58119658119658
			8.08547008547009	-9.58119658119658
			8.07692307692308	-9.57264957264957
			8.06837606837607	-9.56410256410257
			8.05982905982906	-9.56410256410257
			8.05128205128205	-9.55555555555556
			8.04273504273504	-9.55555555555556
			8.03418803418804	-9.55555555555556
			8.03418803418804	-9.54700854700855
			8.02564102564103	-9.54700854700855
			8.01709401709402	-9.54700854700855
			8.00854700854701	-9.54700854700855
			8	-9.54700854700855
			7.99145299145299	-9.54700854700855
			7.98290598290598	-9.54700854700855
		</curveLM08>
		<curveLM09 type=matrix rownames=FALSE colnames=FALSE nrow=84 ncol=2 as.numeric=TRUE >
			7.98290598290598	-9.54700854700855
			7.97435897435898	-9.55555555555556
			7.96581196581197	-9.55555555555556
			7.96581196581197	-9.56410256410257
			7.95726495726496	-9.57264957264957
			7.94871794871795	-9.58119658119658
			7.94871794871795	-9.58974358974359
			7.94017094017094	-9.5982905982906
			7.94017094017094	-9.60683760683761
			7.93162393162393	-9.61538461538462
			7.93162393162393	-9.62393162393163
			7.93162393162393	-9.63247863247863
			7.92307692307692	-9.64102564102564
			7.92307692307692	-9.64957264957265
			7.92307692307692	-9.65811965811966
			7.91452991452992	-9.66666666666667
			7.91452991452992	-9.67521367521368
			7.91452991452992	-9.68376068376068
			7.91452991452992	-9.69230769230769
			7.91452991452992	-9.7008547008547
			7.90598290598291	-9.7008547008547
			7.90598290598291	-9.70940170940171
			7.90598290598291	-9.71794871794872
			7.90598290598291	-9.72649572649573
			7.90598290598291	-9.73504273504274
			7.90598290598291	-9.74358974358974
			7.90598290598291	-9.75213675213675
			7.8974358974359	-9.75213675213675
			7.8974358974359	-9.76068376068376
			7.8974358974359	-9.76923076923077
			7.8974358974359	-9.77777777777778
			7.8974358974359	-9.78632478632479
			7.8974358974359	-9.7948717948718
			7.8974358974359	-9.8034188034188
			7.8974358974359	-9.81196581196581
			7.8974358974359	-9.82051282051282
			7.88888888888889	-9.82905982905983
			7.88888888888889	-9.83760683760684
			7.88888888888889	-9.84615384615385
			7.88888888888889	-9.85470085470086
			7.88888888888889	-9.86324786324786
			7.88888888888889	-9.87179487179487
			7.88888888888889	-9.88034188034188
			7.88888888888889	-9.88888888888889
			7.88888888888889	-9.8974358974359
			7.88034188034188	-9.90598290598291
			7.88034188034188	-9.91452991452991
			7.88034188034188	-9.92307692307692
			7.87179487179487	-9.93162393162393
			7.87179487179487	-9.94017094017094
			7.87179487179487	-9.94871794871795
			7.87179487179487	-9.95726495726496
			7.86324786324786	-9.95726495726496
			7.86324786324786	-9.96581196581197
			7.86324786324786	-9.97435897435898
			7.85470085470086	-9.98290598290598
			7.85470085470086	-9.99145299145299
			7.85470085470086	-10
			7.84615384615385	-10.008547008547
			7.84615384615385	-10.017094017094
			7.84615384615385	-10.025641025641
			7.83760683760684	-10.034188034188
			7.83760683760684	-10.042735042735
			7.82905982905983	-10.0512820512821
			7.82905982905983	-10.0598290598291
			7.82051282051282	-10.0683760683761
			7.82051282051282	-10.0769230769231
			7.81196581196581	-10.0854700854701
			7.81196581196581	-10.0940170940171
			7.8034188034188	-10.1025641025641
			7.8034188034188	-10.1111111111111
			7.7948717948718	-10.1196581196581
			7.78632478632479	-10.1282051282051
			7.78632478632479	-10.1367521367521
			7.77777777777778	-10.1452991452991
			7.76923076923077	-10.1538461538462
			7.76068376068376	-10.1623931623932
			7.75213675213675	-10.1709401709402
			7.74358974358974	-10.1794871794872
			7.73504273504274	-10.1880341880342
			7.72649572649573	-10.1965811965812
			7.71794871794872	-10.1965811965812
			7.70940170940171	-10.2051282051282
			7.7008547008547	-10.2051282051282
		</curveLM09>
		<curveLM10 type=matrix rownames=FALSE colnames=FALSE nrow=77 ncol=2 as.numeric=TRUE >
			7.7008547008547	-10.2051282051282
			7.69230769230769	-10.2051282051282
			7.68376068376068	-10.1965811965812
			7.67521367521368	-10.1880341880342
			7.66666666666667	-10.1794871794872
			7.65811965811966	-10.1709401709402
			7.64957264957265	-10.1623931623932
			7.64102564102564	-10.1538461538462
			7.63247863247863	-10.1452991452991
			7.62393162393162	-10.1367521367521
			7.62393162393162	-10.1282051282051
			7.61538461538462	-10.1196581196581
			7.61538461538462	-10.1111111111111
			7.60683760683761	-10.1025641025641
			7.60683760683761	-10.0940170940171
			7.5982905982906	-10.0854700854701
			7.58974358974359	-10.0769230769231
			7.58974358974359	-10.0683760683761
			7.58119658119658	-10.0598290598291
			7.58119658119658	-10.0512820512821
			7.57264957264957	-10.042735042735
			7.57264957264957	-10.034188034188
			7.57264957264957	-10.025641025641
			7.56410256410256	-10.017094017094
			7.56410256410256	-10.008547008547
			7.55555555555556	-10
			7.55555555555556	-9.99145299145299
			7.55555555555556	-9.98290598290598
			7.54700854700855	-9.97435897435898
			7.54700854700855	-9.96581196581197
			7.53846153846154	-9.95726495726496
			7.53846153846154	-9.94871794871795
			7.53846153846154	-9.94017094017094
			7.52991452991453	-9.93162393162393
			7.52991452991453	-9.92307692307692
			7.52991452991453	-9.91452991452991
			7.52991452991453	-9.90598290598291
			7.52136752136752	-9.8974358974359
			7.52136752136752	-9.88888888888889
			7.52136752136752	-9.88034188034188
			7.51282051282051	-9.87179487179487
			7.51282051282051	-9.86324786324786
			7.51282051282051	-9.85470085470086
			7.50427350427351	-9.84615384615385
			7.50427350427351	-9.83760683760684
			7.50427350427351	-9.82905982905983
			7.50427350427351	-9.82051282051282
			7.4957264957265	-9.81196581196581
			7.4957264957265	-9.8034188034188
			7.4957264957265	-9.7948717948718
			7.4957264957265	-9.78632478632479
			7.48717948717949	-9.77777777777778
			7.48717948717949	-9.76923076923077
			7.48717948717949	-9.76068376068376
			7.48717948717949	-9.75213675213675
			7.47863247863248	-9.74358974358974
			7.47863247863248	-9.73504273504274
			7.47863247863248	-9.72649572649573
			7.47863247863248	-9.71794871794872
			7.47008547008547	-9.70940170940171
			7.47008547008547	-9.7008547008547
			7.47008547008547	-9.69230769230769
			7.47008547008547	-9.68376068376068
			7.47008547008547	-9.67521367521368
			7.46153846153846	-9.67521367521368
			7.46153846153846	-9.66666666666667
			7.46153846153846	-9.65811965811966
			7.46153846153846	-9.64957264957265
			7.46153846153846	-9.64102564102564
			7.45299145299145	-9.63247863247863
			7.45299145299145	-9.62393162393163
			7.45299145299145	-9.61538461538462
			7.45299145299145	-9.60683760683761
			7.45299145299145	-9.5982905982906
			7.44444444444445	-9.58974358974359
			7.44444444444445	-9.58119658119658
			7.44444444444445	-9.57264957264957
		</curveLM10>
		<curveLM11 type=matrix rownames=FALSE colnames=FALSE nrow=81 ncol=2 as.numeric=TRUE >
			7.44444444444445	-9.57264957264957
			7.43589743589744	-9.57264957264957
			7.42735042735043	-9.56410256410257
			7.41880341880342	-9.56410256410257
			7.41025641025641	-9.56410256410257
			7.4017094017094	-9.57264957264957
			7.39316239316239	-9.57264957264957
			7.38461538461539	-9.57264957264957
			7.37606837606838	-9.57264957264957
			7.36752136752137	-9.58119658119658
			7.35897435897436	-9.58119658119658
			7.35042735042735	-9.58974358974359
			7.34188034188034	-9.58974358974359
			7.33333333333333	-9.58974358974359
			7.32478632478633	-9.5982905982906
			7.31623931623932	-9.60683760683761
			7.30769230769231	-9.60683760683761
			7.2991452991453	-9.61538461538462
			7.29059829059829	-9.61538461538462
			7.28205128205128	-9.62393162393163
			7.27350427350427	-9.63247863247863
			7.26495726495727	-9.64102564102564
			7.25641025641026	-9.64102564102564
			7.25641025641026	-9.64957264957265
			7.24786324786325	-9.64957264957265
			7.23931623931624	-9.65811965811966
			7.23076923076923	-9.65811965811966
			7.23076923076923	-9.66666666666667
			7.22222222222222	-9.67521367521368
			7.21367521367521	-9.67521367521368
			7.21367521367521	-9.68376068376068
			7.20512820512821	-9.69230769230769
			7.1965811965812	-9.69230769230769
			7.18803418803419	-9.7008547008547
			7.17948717948718	-9.70940170940171
			7.17094017094017	-9.71794871794872
			7.16239316239316	-9.72649572649573
			7.15384615384615	-9.73504273504274
			7.14529914529915	-9.74358974358974
			7.13675213675214	-9.75213675213675
			7.12820512820513	-9.76068376068376
			7.11965811965812	-9.76923076923077
			7.11111111111111	-9.76923076923077
			7.11111111111111	-9.77777777777778
			7.1025641025641	-9.77777777777778
			7.09401709401709	-9.78632478632479
			7.08547008547009	-9.7948717948718
			7.07692307692308	-9.8034188034188
			7.06837606837607	-9.81196581196581
			7.05982905982906	-9.81196581196581
			7.05128205128205	-9.82051282051282
			7.04273504273504	-9.82905982905983
			7.03418803418803	-9.82905982905983
			7.02564102564103	-9.83760683760684
			7.01709401709402	-9.83760683760684
			7.01709401709402	-9.84615384615385
			7.00854700854701	-9.84615384615385
			7	-9.85470085470086
			6.99145299145299	-9.85470085470086
			6.98290598290598	-9.86324786324786
			6.97435897435898	-9.87179487179487
			6.96581196581197	-9.87179487179487
			6.95726495726496	-9.88034188034188
			6.94871794871795	-9.88034188034188
			6.94017094017094	-9.88888888888889
			6.93162393162393	-9.88888888888889
			6.92307692307692	-9.88888888888889
			6.92307692307692	-9.8974358974359
			6.91452991452991	-9.8974358974359
			6.90598290598291	-9.8974358974359
			6.8974358974359	-9.8974358974359
			6.88888888888889	-9.8974358974359
			6.88888888888889	-9.90598290598291
			6.88034188034188	-9.90598290598291
			6.87179487179487	-9.90598290598291
			6.86324786324786	-9.90598290598291
			6.85470085470086	-9.90598290598291
			6.84615384615385	-9.90598290598291
			6.83760683760684	-9.90598290598291
			6.82905982905983	-9.8974358974359
			6.82051282051282	-9.8974358974359
		</curveLM11>
		<curveLM12 type=matrix rownames=FALSE colnames=FALSE nrow=320 ncol=2 as.numeric=TRUE >
			6.82051282051282	-9.8974358974359
			6.81196581196581	-9.88888888888889
			6.8034188034188	-9.88034188034188
			6.8034188034188	-9.87179487179487
			6.8034188034188	-9.86324786324786
			6.8034188034188	-9.85470085470086
			6.7948717948718	-9.84615384615385
			6.7948717948718	-9.83760683760684
			6.7948717948718	-9.82905982905983
			6.7948717948718	-9.82051282051282
			6.7948717948718	-9.81196581196581
			6.7948717948718	-9.8034188034188
			6.7948717948718	-9.7948717948718
			6.7948717948718	-9.78632478632479
			6.8034188034188	-9.77777777777778
			6.8034188034188	-9.76923076923077
			6.8034188034188	-9.76068376068376
			6.8034188034188	-9.75213675213675
			6.8034188034188	-9.74358974358974
			6.8034188034188	-9.73504273504274
			6.8034188034188	-9.72649572649573
			6.8034188034188	-9.71794871794872
			6.81196581196581	-9.70940170940171
			6.81196581196581	-9.7008547008547
			6.81196581196581	-9.69230769230769
			6.81196581196581	-9.68376068376068
			6.81196581196581	-9.67521367521368
			6.81196581196581	-9.66666666666667
			6.82051282051282	-9.66666666666667
			6.82051282051282	-9.65811965811966
			6.82051282051282	-9.64957264957265
			6.82051282051282	-9.64102564102564
			6.82051282051282	-9.63247863247863
			6.82051282051282	-9.62393162393163
			6.82905982905983	-9.61538461538462
			6.82905982905983	-9.60683760683761
			6.82905982905983	-9.5982905982906
			6.82905982905983	-9.58974358974359
			6.83760683760684	-9.58119658119658
			6.83760683760684	-9.57264957264957
			6.83760683760684	-9.56410256410257
			6.83760683760684	-9.55555555555556
			6.84615384615385	-9.54700854700855
			6.84615384615385	-9.53846153846154
			6.84615384615385	-9.52991452991453
			6.84615384615385	-9.52136752136752
			6.85470085470086	-9.51282051282051
			6.85470085470086	-9.50427350427351
			6.85470085470086	-9.4957264957265
			6.85470085470086	-9.48717948717949
			6.86324786324786	-9.47863247863248
			6.86324786324786	-9.47008547008547
			6.86324786324786	-9.46153846153846
			6.86324786324786	-9.45299145299145
			6.87179487179487	-9.44444444444444
			6.87179487179487	-9.43589743589744
			6.87179487179487	-9.42735042735043
			6.88034188034188	-9.41880341880342
			6.88034188034188	-9.41025641025641
			6.88034188034188	-9.4017094017094
			6.88034188034188	-9.39316239316239
			6.88888888888889	-9.38461538461539
			6.88888888888889	-9.37606837606838
			6.88888888888889	-9.36752136752137
			6.8974358974359	-9.35897435897436
			6.8974358974359	-9.35042735042735
			6.8974358974359	-9.34188034188034
			6.8974358974359	-9.33333333333333
			6.90598290598291	-9.33333333333333
			6.90598290598291	-9.32478632478633
			6.90598290598291	-9.31623931623932
			6.91452991452991	-9.30769230769231
			6.91452991452991	-9.2991452991453
			6.91452991452991	-9.29059829059829
			6.91452991452991	-9.28205128205128
			6.92307692307692	-9.27350427350427
			6.92307692307692	-9.26495726495727
			6.92307692307692	-9.25641025641026
			6.93162393162393	-9.24786324786325
			6.93162393162393	-9.23931623931624
			6.93162393162393	-9.23076923076923
			6.94017094017094	-9.22222222222222
			6.94017094017094	-9.21367521367521
			6.94017094017094	-9.20512820512821
			6.94871794871795	-9.1965811965812
			6.94871794871795	-9.18803418803419
			6.94871794871795	-9.17948717948718
			6.94871794871795	-9.17094017094017
			6.95726495726496	-9.16239316239316
			6.95726495726496	-9.15384615384616
			6.95726495726496	-9.14529914529915
			6.96581196581197	-9.13675213675214
			6.96581196581197	-9.12820512820513
			6.96581196581197	-9.11965811965812
			6.97435897435898	-9.11111111111111
			6.97435897435898	-9.1025641025641
			6.97435897435898	-9.0940170940171
			6.98290598290598	-9.0940170940171
			6.98290598290598	-9.08547008547009
			6.98290598290598	-9.07692307692308
			6.98290598290598	-9.06837606837607
			6.99145299145299	-9.05982905982906
			6.99145299145299	-9.05128205128205
			6.99145299145299	-9.04273504273504
			7	-9.03418803418804
			7	-9.02564102564103
			7	-9.01709401709402
			7.00854700854701	-9.00854700854701
			7.00854700854701	-9
			7.00854700854701	-8.99145299145299
			7.01709401709402	-8.98290598290598
			7.01709401709402	-8.97435897435897
			7.01709401709402	-8.96581196581197
			7.02564102564103	-8.95726495726496
			7.02564102564103	-8.94871794871795
			7.03418803418803	-8.94017094017094
			7.03418803418803	-8.93162393162393
			7.03418803418803	-8.92307692307692
			7.04273504273504	-8.91452991452991
			7.04273504273504	-8.90598290598291
			7.04273504273504	-8.8974358974359
			7.05128205128205	-8.8974358974359
			7.05128205128205	-8.88888888888889
			7.05128205128205	-8.88034188034188
			7.05128205128205	-8.87179487179487
			7.05982905982906	-8.86324786324786
			7.05982905982906	-8.85470085470086
			7.06837606837607	-8.84615384615385
			7.06837606837607	-8.83760683760684
			7.06837606837607	-8.82905982905983
			7.07692307692308	-8.82051282051282
			7.07692307692308	-8.81196581196581
			7.07692307692308	-8.8034188034188
			7.08547008547009	-8.7948717948718
			7.08547008547009	-8.78632478632479
			7.08547008547009	-8.77777777777778
			7.09401709401709	-8.76923076923077
			7.09401709401709	-8.76068376068376
			7.09401709401709	-8.75213675213675
			7.1025641025641	-8.74358974358974
			7.1025641025641	-8.73504273504274
			7.1025641025641	-8.72649572649573
			7.11111111111111	-8.71794871794872
			7.11111111111111	-8.70940170940171
			7.11111111111111	-8.7008547008547
			7.11965811965812	-8.69230769230769
			7.11965811965812	-8.68376068376068
			7.11965811965812	-8.67521367521368
			7.12820512820513	-8.66666666666667
			7.12820512820513	-8.65811965811966
			7.13675213675214	-8.64957264957265
			7.13675213675214	-8.64102564102564
			7.13675213675214	-8.63247863247863
			7.14529914529915	-8.62393162393163
			7.14529914529915	-8.61538461538462
			7.14529914529915	-8.60683760683761
			7.15384615384615	-8.60683760683761
			7.15384615384615	-8.5982905982906
			7.15384615384615	-8.58974358974359
			7.16239316239316	-8.58119658119658
			7.16239316239316	-8.57264957264957
			7.16239316239316	-8.56410256410257
			7.17094017094017	-8.55555555555556
			7.17094017094017	-8.54700854700855
			7.17094017094017	-8.53846153846154
			7.17948717948718	-8.52991452991453
			7.17948717948718	-8.52136752136752
			7.18803418803419	-8.51282051282051
			7.18803418803419	-8.5042735042735
			7.18803418803419	-8.4957264957265
			7.1965811965812	-8.48717948717949
			7.1965811965812	-8.47863247863248
			7.1965811965812	-8.47008547008547
			7.20512820512821	-8.46153846153846
			7.20512820512821	-8.45299145299145
			7.20512820512821	-8.44444444444444
			7.21367521367521	-8.43589743589744
			7.21367521367521	-8.42735042735043
			7.21367521367521	-8.41880341880342
			7.22222222222222	-8.41025641025641
			7.22222222222222	-8.4017094017094
			7.23076923076923	-8.39316239316239
			7.23076923076923	-8.38461538461539
			7.23076923076923	-8.37606837606838
			7.23931623931624	-8.36752136752137
			7.23931623931624	-8.35897435897436
			7.23931623931624	-8.35042735042735
			7.24786324786325	-8.34188034188034
			7.24786324786325	-8.33333333333333
			7.24786324786325	-8.32478632478633
			7.25641025641026	-8.31623931623932
			7.25641025641026	-8.30769230769231
			7.26495726495727	-8.2991452991453
			7.26495726495727	-8.29059829059829
			7.27350427350427	-8.28205128205128
			7.27350427350427	-8.27350427350427
			7.27350427350427	-8.26495726495727
			7.28205128205128	-8.25641025641026
			7.28205128205128	-8.24786324786325
			7.28205128205128	-8.23931623931624
			7.29059829059829	-8.23076923076923
			7.29059829059829	-8.22222222222222
			7.29059829059829	-8.21367521367521
			7.2991452991453	-8.20512820512821
			7.2991452991453	-8.1965811965812
			7.30769230769231	-8.18803418803419
			7.30769230769231	-8.17948717948718
			7.30769230769231	-8.17094017094017
			7.31623931623932	-8.16239316239316
			7.31623931623932	-8.15384615384616
			7.32478632478633	-8.14529914529915
			7.32478632478633	-8.13675213675214
			7.32478632478633	-8.12820512820513
			7.33333333333333	-8.11965811965812
			7.33333333333333	-8.11111111111111
			7.33333333333333	-8.1025641025641
			7.34188034188034	-8.0940170940171
			7.34188034188034	-8.08547008547009
			7.35042735042735	-8.07692307692308
			7.35042735042735	-8.06837606837607
			7.35042735042735	-8.05982905982906
			7.35897435897436	-8.05128205128205
			7.35897435897436	-8.04273504273504
			7.36752136752137	-8.03418803418804
			7.36752136752137	-8.02564102564103
			7.36752136752137	-8.01709401709402
			7.37606837606838	-8.00854700854701
			7.37606837606838	-8
			7.37606837606838	-7.99145299145299
			7.38461538461539	-7.98290598290598
			7.38461538461539	-7.97435897435898
			7.39316239316239	-7.96581196581197
			7.39316239316239	-7.95726495726496
			7.39316239316239	-7.94871794871795
			7.4017094017094	-7.94017094017094
			7.4017094017094	-7.93162393162393
			7.41025641025641	-7.92307692307692
			7.41025641025641	-7.91452991452992
			7.41025641025641	-7.90598290598291
			7.41880341880342	-7.8974358974359
			7.41880341880342	-7.88888888888889
			7.42735042735043	-7.88034188034188
			7.42735042735043	-7.87179487179487
			7.42735042735043	-7.86324786324786
			7.43589743589744	-7.85470085470086
			7.43589743589744	-7.84615384615385
			7.43589743589744	-7.83760683760684
			7.44444444444445	-7.82905982905983
			7.44444444444445	-7.82051282051282
			7.45299145299145	-7.81196581196581
			7.45299145299145	-7.8034188034188
			7.45299145299145	-7.7948717948718
			7.46153846153846	-7.78632478632479
			7.46153846153846	-7.77777777777778
			7.47008547008547	-7.76923076923077
			7.47008547008547	-7.76068376068376
			7.47008547008547	-7.75213675213675
			7.47863247863248	-7.74358974358974
			7.47863247863248	-7.73504273504274
			7.48717948717949	-7.72649572649573
			7.48717948717949	-7.71794871794872
			7.48717948717949	-7.70940170940171
			7.4957264957265	-7.7008547008547
			7.4957264957265	-7.69230769230769
			7.50427350427351	-7.68376068376068
			7.50427350427351	-7.67521367521368
			7.50427350427351	-7.66666666666667
			7.51282051282051	-7.65811965811966
			7.51282051282051	-7.64957264957265
			7.52136752136752	-7.64102564102564
			7.52136752136752	-7.63247863247863
			7.52136752136752	-7.62393162393162
			7.52991452991453	-7.61538461538462
			7.52991452991453	-7.60683760683761
			7.53846153846154	-7.5982905982906
			7.53846153846154	-7.58974358974359
			7.53846153846154	-7.58119658119658
			7.54700854700855	-7.57264957264957
			7.54700854700855	-7.56410256410256
			7.55555555555556	-7.55555555555556
			7.55555555555556	-7.54700854700855
			7.55555555555556	-7.53846153846154
			7.56410256410256	-7.52991452991453
			7.56410256410256	-7.52136752136752
			7.57264957264957	-7.51282051282051
			7.57264957264957	-7.50427350427351
			7.57264957264957	-7.4957264957265
			7.58119658119658	-7.48717948717949
			7.58119658119658	-7.47863247863248
			7.58974358974359	-7.47008547008547
			7.58974358974359	-7.46153846153846
			7.58974358974359	-7.45299145299145
			7.5982905982906	-7.44444444444445
			7.5982905982906	-7.43589743589744
			7.60683760683761	-7.42735042735043
			7.60683760683761	-7.41880341880342
			7.60683760683761	-7.41025641025641
			7.61538461538462	-7.4017094017094
			7.61538461538462	-7.39316239316239
			7.62393162393162	-7.38461538461539
			7.62393162393162	-7.37606837606838
			7.62393162393162	-7.36752136752137
			7.63247863247863	-7.35897435897436
			7.63247863247863	-7.35042735042735
			7.64102564102564	-7.34188034188034
			7.64102564102564	-7.33333333333333
			7.64102564102564	-7.32478632478633
			7.64957264957265	-7.31623931623932
			7.64957264957265	-7.30769230769231
			7.65811965811966	-7.2991452991453
			7.65811965811966	-7.29059829059829
			7.66666666666667	-7.28205128205128
			7.66666666666667	-7.27350427350427
			7.66666666666667	-7.26495726495727
			7.67521367521368	-7.25641025641026
			7.67521367521368	-7.24786324786325
			7.68376068376068	-7.23931623931624
			7.68376068376068	-7.23076923076923
			7.68376068376068	-7.22222222222222
			7.69230769230769	-7.21367521367521
		</curveLM12>
	</curves.scaled>
	<ruler.points type=matrix rownames=TRUE colnames=FALSE nrow=5 ncol=2 as.numeric=TRUE >
		Ruler point 1	434	1409
		Ruler point 2	551	1409
		Ruler point 3	668	1409
		Ruler point 4	785	1409
		Ruler point 5	903	1409
	</ruler.points>
</shapes>

