<shapes type=list>
	<ruler.pixel type=vector names=FALSE length=1 as.numeric=TRUE >117.000000000001</ruler.pixel>
	<ruler.interval type=vector names=FALSE length=1 as.numeric=TRUE >1</ruler.interval>
	<scaling.units type=vector names=FALSE length=1 as.numeric=FALSE >cm</scaling.units>
	<scaling type=vector names=FALSE length=1 as.numeric=TRUE >0.00854700854700849</scaling>
	<landmarks.pixel type=matrix rownames=TRUE colnames=FALSE nrow=6 ncol=2 as.numeric=TRUE >
		LM01	901	847
		LM02	993	1174
		LM03	927	1133
		LM04	899	1197
		LM05	873	1133
		LM06	816	1178
	</landmarks.pixel>
	<landmarks.scaled type=matrix rownames=TRUE colnames=FALSE nrow=6 ncol=2 as.numeric=TRUE >
		LM01	7.70085470085465	-7.23931623931619
		LM02	8.48717948717943	-10.034188034188
		LM03	7.92307692307687	-9.68376068376061
		LM04	7.68376068376063	-10.2307692307692
		LM05	7.46153846153841	-9.68376068376061
		LM06	6.97435897435892	-10.068376068376
	</landmarks.scaled>
	<curves.control type=list>
		<curveLM07 type=matrix rownames=FALSE colnames=FALSE nrow=7 ncol=2 as.numeric=TRUE >
			901	847
			932	921
			952	968
			980	1074
			989	1122
			998	1173
			993	1174
		</curveLM07>
		<curveLM08 type=matrix rownames=FALSE colnames=FALSE nrow=5 ncol=2 as.numeric=TRUE >
			993	1174
			984	1179
			956	1149
			943	1135
			927	1133
		</curveLM08>
		<curveLM09 type=matrix rownames=FALSE colnames=FALSE nrow=5 ncol=2 as.numeric=TRUE >
			927	1133
			918	1139
			919	1166
			916	1193
			899	1197
		</curveLM09>
		<curveLM10 type=matrix rownames=FALSE colnames=FALSE nrow=3 ncol=2 as.numeric=TRUE >
			899	1197
			888	1193
			873	1133
		</curveLM10>
		<curveLM11 type=matrix rownames=FALSE colnames=FALSE nrow=5 ncol=2 as.numeric=TRUE >
			873	1133
			857	1140
			842	1163
			824	1179
			816	1178
		</curveLM11>
		<curveLM12 type=matrix rownames=FALSE colnames=FALSE nrow=5 ncol=2 as.numeric=TRUE >
			816	1178
			807	1162
			835	1054
			858	956
			901	847
		</curveLM12>
	</curves.control>
	<curves.pixel type=list>
		<curveLM07 type=matrix rownames=FALSE colnames=FALSE nrow=336 ncol=2 as.numeric=TRUE >
			901	847
			902	848
			902	849
			902	850
			903	851
			903	852
			904	853
			904	854
			904	855
			905	856
			905	857
			905	858
			906	859
			907	860
			907	861
			907	862
			908	863
			908	864
			909	865
			909	866
			909	867
			910	868
			910	869
			911	870
			911	871
			911	872
			912	873
			912	874
			913	875
			913	876
			914	877
			914	878
			914	879
			915	880
			915	881
			916	882
			916	883
			916	884
			917	885
			917	886
			918	887
			918	888
			919	889
			919	890
			919	891
			920	891
			920	892
			920	893
			921	894
			921	895
			922	896
			922	897
			922	898
			923	898
			923	899
			923	900
			924	901
			924	902
			924	903
			925	904
			925	905
			926	906
			926	907
			927	908
			927	909
			928	910
			928	911
			928	912
			929	913
			929	914
			930	915
			930	916
			931	917
			931	918
			931	919
			932	920
			932	921
			933	922
			933	923
			933	924
			934	925
			934	926
			935	927
			935	928
			935	929
			936	930
			936	931
			937	931
			937	932
			937	933
			938	934
			938	935
			938	936
			939	937
			939	938
			940	939
			940	940
			941	941
			941	942
			942	943
			942	944
			942	945
			943	946
			943	947
			944	948
			944	949
			944	950
			945	951
			945	952
			946	953
			946	954
			947	955
			947	956
			947	957
			948	958
			948	959
			948	960
			949	960
			949	961
			949	962
			950	963
			950	964
			951	965
			951	966
			952	967
			952	968
			952	969
			952	970
			953	971
			953	972
			953	973
			954	974
			954	975
			954	976
			954	977
			955	978
			955	979
			955	980
			956	981
			956	982
			956	983
			956	984
			956	985
			957	986
			957	987
			957	988
			957	989
			958	989
			958	990
			958	991
			958	992
			959	993
			959	994
			959	995
			959	996
			959	997
			960	998
			960	999
			960	1000
			961	1001
			961	1002
			961	1003
			961	1004
			962	1005
			962	1006
			962	1007
			963	1008
			963	1009
			963	1010
			963	1011
			963	1012
			964	1013
			964	1014
			964	1015
			964	1016
			965	1016
			965	1017
			965	1018
			965	1019
			965	1020
			966	1021
			966	1022
			966	1023
			967	1024
			967	1025
			967	1026
			967	1027
			968	1028
			968	1029
			968	1030
			968	1031
			969	1032
			969	1033
			969	1034
			969	1035
			970	1036
			970	1037
			970	1038
			970	1039
			970	1040
			971	1041
			971	1042
			971	1043
			971	1044
			972	1045
			972	1046
			972	1047
			973	1048
			973	1049
			973	1050
			973	1051
			974	1052
			974	1053
			974	1054
			974	1055
			974	1056
			975	1057
			975	1058
			975	1059
			975	1060
			976	1061
			976	1062
			976	1063
			976	1064
			977	1065
			977	1066
			977	1067
			977	1068
			978	1069
			978	1070
			978	1071
			978	1072
			979	1073
			979	1074
			979	1075
			979	1076
			979	1077
			980	1078
			980	1079
			980	1080
			980	1081
			980	1082
			981	1083
			981	1084
			981	1085
			981	1086
			982	1087
			982	1088
			982	1089
			982	1090
			983	1091
			983	1092
			983	1093
			983	1094
			983	1095
			984	1095
			984	1096
			984	1097
			984	1098
			984	1099
			985	1100
			985	1101
			985	1102
			985	1103
			985	1104
			986	1105
			986	1106
			986	1107
			986	1108
			986	1109
			987	1110
			987	1111
			987	1112
			987	1113
			987	1114
			988	1115
			988	1116
			988	1117
			988	1118
			988	1119
			989	1120
			989	1121
			989	1122
			989	1123
			989	1124
			990	1125
			990	1126
			990	1127
			990	1128
			990	1129
			990	1130
			991	1131
			991	1132
			991	1133
			991	1134
			991	1135
			991	1136
			992	1137
			992	1138
			992	1139
			992	1140
			992	1141
			992	1142
			992	1143
			993	1144
			993	1145
			993	1146
			993	1147
			993	1148
			993	1149
			993	1150
			993	1151
			994	1152
			994	1153
			994	1154
			994	1155
			994	1156
			994	1157
			994	1158
			994	1159
			994	1160
			995	1161
			995	1162
			995	1163
			995	1164
			995	1165
			995	1166
			995	1167
			995	1168
			995	1169
			995	1170
			995	1171
			994	1172
			994	1173
			994	1174
			993	1174
		</curveLM07>
		<curveLM08 type=matrix rownames=FALSE colnames=FALSE nrow=70 ncol=2 as.numeric=TRUE >
			993	1174
			992	1174
			991	1175
			990	1175
			989	1175
			988	1174
			987	1174
			986	1174
			985	1174
			984	1173
			983	1173
			982	1172
			981	1172
			980	1171
			979	1170
			978	1170
			977	1169
			976	1168
			975	1167
			974	1166
			973	1166
			972	1165
			972	1164
			971	1164
			970	1163
			969	1162
			968	1161
			967	1161
			967	1160
			966	1159
			965	1158
			964	1157
			963	1156
			962	1155
			961	1154
			960	1153
			959	1152
			958	1151
			957	1150
			956	1149
			955	1148
			954	1147
			953	1146
			952	1145
			951	1144
			950	1144
			949	1143
			948	1142
			947	1141
			946	1141
			945	1140
			944	1139
			943	1139
			942	1138
			941	1137
			940	1137
			939	1136
			938	1136
			937	1136
			936	1135
			935	1135
			934	1134
			933	1134
			932	1134
			931	1134
			930	1134
			930	1133
			929	1133
			928	1133
			927	1133
		</curveLM08>
		<curveLM09 type=matrix rownames=FALSE colnames=FALSE nrow=72 ncol=2 as.numeric=TRUE >
			927	1133
			926	1134
			925	1135
			924	1135
			924	1136
			923	1137
			923	1138
			922	1139
			922	1140
			921	1141
			921	1142
			921	1143
			921	1144
			920	1145
			920	1146
			920	1147
			920	1148
			920	1149
			919	1150
			919	1151
			919	1152
			919	1153
			919	1154
			919	1155
			919	1156
			919	1157
			919	1158
			919	1159
			919	1160
			919	1161
			919	1162
			919	1163
			919	1164
			919	1165
			919	1166
			919	1167
			919	1168
			919	1169
			918	1170
			918	1171
			918	1172
			918	1173
			918	1174
			918	1175
			917	1175
			917	1176
			917	1177
			917	1178
			916	1179
			916	1180
			915	1181
			915	1182
			915	1183
			914	1184
			914	1185
			913	1186
			912	1187
			912	1188
			911	1189
			911	1190
			910	1191
			909	1192
			908	1193
			907	1193
			906	1194
			905	1195
			904	1195
			903	1196
			902	1196
			901	1196
			900	1197
			899	1197
		</curveLM09>
		<curveLM10 type=matrix rownames=FALSE colnames=FALSE nrow=67 ncol=2 as.numeric=TRUE >
			899	1197
			898	1197
			898	1196
			897	1196
			896	1195
			895	1194
			894	1193
			894	1192
			893	1191
			892	1190
			892	1189
			891	1188
			891	1187
			890	1186
			890	1185
			889	1184
			889	1183
			888	1182
			888	1181
			887	1180
			887	1179
			886	1178
			886	1177
			886	1176
			885	1175
			885	1174
			885	1173
			884	1172
			884	1171
			884	1170
			883	1169
			883	1168
			883	1167
			882	1166
			882	1165
			882	1164
			881	1163
			881	1162
			881	1161
			881	1160
			880	1159
			880	1158
			880	1157
			879	1156
			879	1155
			879	1154
			878	1153
			878	1152
			878	1151
			877	1150
			877	1149
			877	1148
			877	1147
			876	1146
			876	1145
			876	1144
			876	1143
			875	1142
			875	1141
			875	1140
			874	1139
			874	1138
			874	1137
			874	1136
			874	1135
			873	1134
			873	1133
		</curveLM10>
		<curveLM11 type=matrix rownames=FALSE colnames=FALSE nrow=65 ncol=2 as.numeric=TRUE >
			873	1133
			872	1133
			871	1134
			870	1134
			870	1135
			869	1135
			868	1136
			867	1136
			866	1137
			865	1137
			864	1138
			864	1139
			863	1139
			862	1140
			861	1141
			860	1141
			859	1142
			859	1143
			858	1144
			857	1144
			856	1145
			855	1146
			854	1147
			854	1148
			853	1149
			852	1150
			851	1151
			850	1152
			849	1153
			849	1154
			848	1155
			847	1156
			846	1157
			845	1158
			845	1159
			844	1160
			843	1161
			843	1162
			842	1163
			841	1164
			840	1165
			839	1166
			838	1167
			837	1167
			836	1168
			835	1169
			834	1170
			833	1171
			832	1171
			831	1172
			830	1173
			829	1173
			828	1174
			827	1174
			826	1175
			825	1176
			824	1176
			823	1177
			822	1177
			821	1177
			820	1178
			819	1178
			818	1178
			817	1178
			816	1178
		</curveLM11>
		<curveLM12 type=matrix rownames=FALSE colnames=FALSE nrow=334 ncol=2 as.numeric=TRUE >
			816	1178
			816	1177
			815	1176
			815	1175
			815	1174
			814	1173
			814	1172
			814	1171
			814	1170
			814	1169
			814	1168
			814	1167
			814	1166
			814	1165
			814	1164
			814	1163
			814	1162
			814	1161
			814	1160
			814	1159
			814	1158
			814	1157
			814	1156
			814	1155
			814	1154
			814	1153
			815	1152
			815	1151
			815	1150
			815	1149
			815	1148
			815	1147
			815	1146
			815	1145
			816	1144
			816	1143
			816	1142
			816	1141
			816	1140
			816	1139
			816	1138
			817	1137
			817	1136
			817	1135
			817	1134
			817	1133
			817	1132
			818	1131
			818	1130
			818	1129
			818	1128
			818	1127
			818	1126
			819	1125
			819	1124
			819	1123
			819	1122
			819	1121
			820	1120
			820	1119
			820	1118
			820	1117
			820	1116
			821	1115
			821	1114
			821	1113
			821	1112
			822	1111
			822	1110
			822	1109
			822	1108
			822	1107
			822	1106
			823	1105
			823	1104
			823	1103
			823	1102
			824	1101
			824	1100
			824	1099
			824	1098
			825	1097
			825	1096
			825	1095
			825	1094
			825	1093
			826	1092
			826	1091
			826	1090
			826	1089
			827	1088
			827	1087
			827	1086
			827	1085
			828	1084
			828	1083
			828	1082
			828	1081
			828	1080
			829	1079
			829	1078
			829	1077
			829	1076
			830	1075
			830	1074
			830	1073
			830	1072
			831	1071
			831	1070
			831	1069
			831	1068
			832	1067
			832	1066
			832	1065
			832	1064
			833	1063
			833	1062
			833	1061
			833	1060
			834	1059
			834	1058
			834	1057
			835	1056
			835	1055
			835	1054
			835	1053
			835	1052
			836	1051
			836	1050
			836	1049
			836	1048
			837	1047
			837	1046
			837	1045
			837	1044
			838	1043
			838	1042
			838	1041
			838	1040
			839	1039
			839	1038
			839	1037
			839	1036
			840	1035
			840	1034
			840	1033
			840	1032
			841	1031
			841	1030
			841	1029
			841	1028
			842	1027
			842	1026
			842	1025
			843	1024
			843	1023
			843	1022
			843	1021
			844	1020
			844	1019
			844	1018
			844	1017
			845	1016
			845	1015
			845	1014
			845	1013
			846	1012
			846	1011
			846	1010
			847	1009
			847	1008
			847	1007
			847	1006
			848	1005
			848	1004
			848	1003
			849	1002
			849	1001
			849	1000
			849	999
			850	998
			850	997
			850	996
			850	995
			851	994
			851	993
			851	992
			851	991
			852	990
			852	989
			853	988
			853	987
			853	986
			853	985
			854	984
			854	983
			854	982
			854	981
			855	980
			855	979
			855	978
			856	977
			856	976
			856	975
			857	974
			857	973
			857	972
			857	971
			858	970
			858	969
			858	968
			859	967
			859	966
			859	965
			860	964
			860	963
			860	962
			860	961
			861	961
			861	960
			861	959
			862	958
			862	957
			862	956
			862	955
			863	954
			863	953
			863	952
			864	951
			864	950
			864	949
			865	948
			865	947
			865	946
			866	945
			866	944
			866	943
			867	942
			867	941
			867	940
			868	939
			868	938
			868	937
			869	936
			869	935
			869	934
			870	933
			870	932
			870	931
			871	930
			871	929
			871	928
			872	927
			872	926
			872	925
			873	924
			873	923
			873	922
			874	921
			874	920
			874	919
			875	918
			875	917
			875	916
			876	915
			876	914
			876	913
			877	912
			877	911
			877	910
			878	909
			878	908
			878	907
			879	906
			879	905
			879	904
			880	903
			880	902
			881	901
			881	900
			881	899
			882	898
			882	897
			882	896
			883	895
			883	894
			883	893
			884	893
			884	892
			884	891
			885	890
			885	889
			886	888
			886	887
			886	886
			887	885
			887	884
			887	883
			888	882
			888	881
			889	880
			889	879
			889	878
			890	877
			890	876
			890	875
			891	874
			891	873
			892	872
			892	871
			892	870
			893	869
			893	868
			893	867
			894	866
			894	865
			894	864
			895	863
			895	862
			896	861
			896	860
			896	859
			897	858
			897	857
			898	856
			898	855
			898	854
			899	853
			899	852
			899	851
			900	850
			900	849
			901	848
			901	847
		</curveLM12>
	</curves.pixel>
	<curves.scaled type=list>
		<curveLM07 type=matrix rownames=FALSE colnames=FALSE nrow=336 ncol=2 as.numeric=TRUE >
			7.70085470085465	-7.23931623931619
			7.70940170940165	-7.2478632478632
			7.70940170940165	-7.2564102564102
			7.70940170940165	-7.26495726495721
			7.71794871794866	-7.27350427350422
			7.71794871794866	-7.28205128205123
			7.72649572649567	-7.29059829059824
			7.72649572649567	-7.29914529914525
			7.72649572649567	-7.30769230769226
			7.73504273504268	-7.31623931623926
			7.73504273504268	-7.32478632478627
			7.73504273504268	-7.33333333333328
			7.74358974358969	-7.34188034188029
			7.7521367521367	-7.3504273504273
			7.7521367521367	-7.35897435897431
			7.7521367521367	-7.36752136752131
			7.7606837606837	-7.37606837606832
			7.7606837606837	-7.38461538461533
			7.76923076923071	-7.39316239316234
			7.76923076923071	-7.40170940170935
			7.76923076923071	-7.41025641025636
			7.77777777777772	-7.41880341880336
			7.77777777777772	-7.42735042735037
			7.78632478632473	-7.43589743589738
			7.78632478632473	-7.44444444444439
			7.78632478632473	-7.4529914529914
			7.79487179487174	-7.46153846153841
			7.79487179487174	-7.47008547008542
			7.80341880341875	-7.47863247863242
			7.80341880341875	-7.48717948717943
			7.81196581196576	-7.49572649572644
			7.81196581196576	-7.50427350427345
			7.81196581196576	-7.51282051282046
			7.82051282051276	-7.52136752136747
			7.82051282051276	-7.52991452991448
			7.82905982905977	-7.53846153846148
			7.82905982905977	-7.54700854700849
			7.82905982905977	-7.5555555555555
			7.83760683760678	-7.56410256410251
			7.83760683760678	-7.57264957264952
			7.84615384615379	-7.58119658119653
			7.84615384615379	-7.58974358974354
			7.8547008547008	-7.59829059829054
			7.8547008547008	-7.60683760683755
			7.8547008547008	-7.61538461538456
			7.86324786324781	-7.61538461538456
			7.86324786324781	-7.62393162393157
			7.86324786324781	-7.63247863247858
			7.87179487179482	-7.64102564102559
			7.87179487179482	-7.64957264957259
			7.88034188034182	-7.6581196581196
			7.88034188034182	-7.66666666666661
			7.88034188034182	-7.67521367521362
			7.88888888888883	-7.67521367521362
			7.88888888888883	-7.68376068376063
			7.88888888888883	-7.69230769230764
			7.89743589743584	-7.70085470085465
			7.89743589743584	-7.70940170940165
			7.89743589743584	-7.71794871794866
			7.90598290598285	-7.72649572649567
			7.90598290598285	-7.73504273504268
			7.91452991452986	-7.74358974358969
			7.91452991452986	-7.7521367521367
			7.92307692307687	-7.7606837606837
			7.92307692307687	-7.76923076923071
			7.93162393162387	-7.77777777777772
			7.93162393162387	-7.78632478632473
			7.93162393162387	-7.79487179487174
			7.94017094017088	-7.80341880341875
			7.94017094017088	-7.81196581196576
			7.94871794871789	-7.82051282051276
			7.94871794871789	-7.82905982905977
			7.9572649572649	-7.83760683760678
			7.9572649572649	-7.84615384615379
			7.9572649572649	-7.8547008547008
			7.96581196581191	-7.86324786324781
			7.96581196581191	-7.87179487179482
			7.97435897435892	-7.88034188034182
			7.97435897435892	-7.88888888888883
			7.97435897435892	-7.89743589743584
			7.98290598290593	-7.90598290598285
			7.98290598290593	-7.91452991452986
			7.99145299145293	-7.92307692307687
			7.99145299145293	-7.93162393162387
			7.99145299145293	-7.94017094017088
			7.99999999999994	-7.94871794871789
			7.99999999999994	-7.9572649572649
			8.00854700854695	-7.9572649572649
			8.00854700854695	-7.96581196581191
			8.00854700854695	-7.97435897435892
			8.01709401709396	-7.98290598290593
			8.01709401709396	-7.99145299145293
			8.01709401709396	-7.99999999999994
			8.02564102564097	-8.00854700854695
			8.02564102564097	-8.01709401709396
			8.03418803418798	-8.02564102564097
			8.03418803418798	-8.03418803418798
			8.04273504273498	-8.04273504273498
			8.04273504273498	-8.05128205128199
			8.05128205128199	-8.059829059829
			8.05128205128199	-8.06837606837601
			8.05128205128199	-8.07692307692302
			8.059829059829	-8.08547008547003
			8.059829059829	-8.09401709401704
			8.06837606837601	-8.10256410256404
			8.06837606837601	-8.11111111111105
			8.06837606837601	-8.11965811965806
			8.07692307692302	-8.12820512820507
			8.07692307692302	-8.13675213675208
			8.08547008547003	-8.14529914529909
			8.08547008547003	-8.15384615384609
			8.09401709401704	-8.1623931623931
			8.09401709401704	-8.17094017094011
			8.09401709401704	-8.17948717948712
			8.10256410256404	-8.18803418803413
			8.10256410256404	-8.19658119658114
			8.10256410256404	-8.20512820512815
			8.11111111111105	-8.20512820512815
			8.11111111111105	-8.21367521367515
			8.11111111111105	-8.22222222222216
			8.11965811965806	-8.23076923076917
			8.11965811965806	-8.23931623931618
			8.12820512820507	-8.24786324786319
			8.12820512820507	-8.2564102564102
			8.13675213675208	-8.26495726495721
			8.13675213675208	-8.27350427350421
			8.13675213675208	-8.28205128205122
			8.13675213675208	-8.29059829059823
			8.14529914529909	-8.29914529914524
			8.14529914529909	-8.30769230769225
			8.14529914529909	-8.31623931623926
			8.15384615384609	-8.32478632478627
			8.15384615384609	-8.33333333333327
			8.15384615384609	-8.34188034188028
			8.15384615384609	-8.35042735042729
			8.1623931623931	-8.3589743589743
			8.1623931623931	-8.36752136752131
			8.1623931623931	-8.37606837606832
			8.17094017094011	-8.38461538461532
			8.17094017094011	-8.39316239316233
			8.17094017094011	-8.40170940170934
			8.17094017094011	-8.41025641025635
			8.17094017094011	-8.41880341880336
			8.17948717948712	-8.42735042735037
			8.17948717948712	-8.43589743589738
			8.17948717948712	-8.44444444444438
			8.17948717948712	-8.45299145299139
			8.18803418803413	-8.45299145299139
			8.18803418803413	-8.4615384615384
			8.18803418803413	-8.47008547008541
			8.18803418803413	-8.47863247863242
			8.19658119658114	-8.48717948717943
			8.19658119658114	-8.49572649572644
			8.19658119658114	-8.50427350427344
			8.19658119658114	-8.51282051282045
			8.19658119658114	-8.52136752136746
			8.20512820512815	-8.52991452991447
			8.20512820512815	-8.53846153846148
			8.20512820512815	-8.54700854700848
			8.21367521367515	-8.55555555555549
			8.21367521367515	-8.5641025641025
			8.21367521367515	-8.57264957264951
			8.21367521367515	-8.58119658119652
			8.22222222222216	-8.58974358974353
			8.22222222222216	-8.59829059829054
			8.22222222222216	-8.60683760683754
			8.23076923076917	-8.61538461538455
			8.23076923076917	-8.62393162393156
			8.23076923076917	-8.63247863247857
			8.23076923076917	-8.64102564102558
			8.23076923076917	-8.64957264957259
			8.23931623931618	-8.6581196581196
			8.23931623931618	-8.6666666666666
			8.23931623931618	-8.67521367521361
			8.23931623931618	-8.68376068376062
			8.24786324786319	-8.68376068376062
			8.24786324786319	-8.69230769230763
			8.24786324786319	-8.70085470085464
			8.24786324786319	-8.70940170940165
			8.24786324786319	-8.71794871794866
			8.2564102564102	-8.72649572649566
			8.2564102564102	-8.73504273504267
			8.2564102564102	-8.74358974358968
			8.26495726495721	-8.75213675213669
			8.26495726495721	-8.7606837606837
			8.26495726495721	-8.76923076923071
			8.26495726495721	-8.77777777777771
			8.27350427350421	-8.78632478632472
			8.27350427350421	-8.79487179487173
			8.27350427350421	-8.80341880341874
			8.27350427350421	-8.81196581196575
			8.28205128205122	-8.82051282051276
			8.28205128205122	-8.82905982905977
			8.28205128205122	-8.83760683760677
			8.28205128205122	-8.84615384615378
			8.29059829059823	-8.85470085470079
			8.29059829059823	-8.8632478632478
			8.29059829059823	-8.87179487179481
			8.29059829059823	-8.88034188034182
			8.29059829059823	-8.88888888888883
			8.29914529914524	-8.89743589743583
			8.29914529914524	-8.90598290598284
			8.29914529914524	-8.91452991452985
			8.29914529914524	-8.92307692307686
			8.30769230769225	-8.93162393162387
			8.30769230769225	-8.94017094017088
			8.30769230769225	-8.94871794871788
			8.31623931623926	-8.95726495726489
			8.31623931623926	-8.9658119658119
			8.31623931623926	-8.97435897435891
			8.31623931623926	-8.98290598290592
			8.32478632478627	-8.99145299145293
			8.32478632478627	-8.99999999999993
			8.32478632478627	-9.00854700854694
			8.32478632478627	-9.01709401709395
			8.32478632478627	-9.02564102564096
			8.33333333333327	-9.03418803418797
			8.33333333333327	-9.04273504273498
			8.33333333333327	-9.05128205128199
			8.33333333333327	-9.05982905982899
			8.34188034188028	-9.068376068376
			8.34188034188028	-9.07692307692301
			8.34188034188028	-9.08547008547002
			8.34188034188028	-9.09401709401703
			8.35042735042729	-9.10256410256404
			8.35042735042729	-9.11111111111104
			8.35042735042729	-9.11965811965805
			8.35042735042729	-9.12820512820506
			8.3589743589743	-9.13675213675207
			8.3589743589743	-9.14529914529908
			8.3589743589743	-9.15384615384609
			8.3589743589743	-9.1623931623931
			8.36752136752131	-9.1709401709401
			8.36752136752131	-9.17948717948711
			8.36752136752131	-9.18803418803412
			8.36752136752131	-9.19658119658113
			8.36752136752131	-9.20512820512814
			8.37606837606832	-9.21367521367515
			8.37606837606832	-9.22222222222216
			8.37606837606832	-9.23076923076916
			8.37606837606832	-9.23931623931617
			8.37606837606832	-9.24786324786318
			8.38461538461532	-9.25641025641019
			8.38461538461532	-9.2649572649572
			8.38461538461532	-9.27350427350421
			8.38461538461532	-9.28205128205122
			8.39316239316233	-9.29059829059822
			8.39316239316233	-9.29914529914523
			8.39316239316233	-9.30769230769224
			8.39316239316233	-9.31623931623925
			8.40170940170934	-9.32478632478626
			8.40170940170934	-9.33333333333327
			8.40170940170934	-9.34188034188027
			8.40170940170934	-9.35042735042728
			8.40170940170934	-9.35897435897429
			8.41025641025635	-9.35897435897429
			8.41025641025635	-9.3675213675213
			8.41025641025635	-9.37606837606831
			8.41025641025635	-9.38461538461532
			8.41025641025635	-9.39316239316233
			8.41880341880336	-9.40170940170933
			8.41880341880336	-9.41025641025634
			8.41880341880336	-9.41880341880335
			8.41880341880336	-9.42735042735036
			8.41880341880336	-9.43589743589737
			8.42735042735037	-9.44444444444438
			8.42735042735037	-9.45299145299139
			8.42735042735037	-9.46153846153839
			8.42735042735037	-9.4700854700854
			8.42735042735037	-9.47863247863241
			8.43589743589738	-9.48717948717942
			8.43589743589738	-9.49572649572643
			8.43589743589738	-9.50427350427343
			8.43589743589738	-9.51282051282044
			8.43589743589738	-9.52136752136745
			8.44444444444438	-9.52991452991446
			8.44444444444438	-9.53846153846147
			8.44444444444438	-9.54700854700848
			8.44444444444438	-9.55555555555549
			8.44444444444438	-9.56410256410249
			8.45299145299139	-9.5726495726495
			8.45299145299139	-9.58119658119651
			8.45299145299139	-9.58974358974352
			8.45299145299139	-9.59829059829053
			8.45299145299139	-9.60683760683754
			8.4615384615384	-9.61538461538455
			8.4615384615384	-9.62393162393155
			8.4615384615384	-9.63247863247856
			8.4615384615384	-9.64102564102557
			8.4615384615384	-9.64957264957258
			8.4615384615384	-9.65811965811959
			8.47008547008541	-9.6666666666666
			8.47008547008541	-9.67521367521361
			8.47008547008541	-9.68376068376061
			8.47008547008541	-9.69230769230762
			8.47008547008541	-9.70085470085463
			8.47008547008541	-9.70940170940164
			8.47863247863242	-9.71794871794865
			8.47863247863242	-9.72649572649566
			8.47863247863242	-9.73504273504266
			8.47863247863242	-9.74358974358967
			8.47863247863242	-9.75213675213668
			8.47863247863242	-9.76068376068369
			8.47863247863242	-9.7692307692307
			8.48717948717943	-9.77777777777771
			8.48717948717943	-9.78632478632472
			8.48717948717943	-9.79487179487172
			8.48717948717943	-9.80341880341873
			8.48717948717943	-9.81196581196574
			8.48717948717943	-9.82051282051275
			8.48717948717943	-9.82905982905976
			8.48717948717943	-9.83760683760677
			8.49572649572644	-9.84615384615378
			8.49572649572644	-9.85470085470078
			8.49572649572644	-9.86324786324779
			8.49572649572644	-9.8717948717948
			8.49572649572644	-9.88034188034181
			8.49572649572644	-9.88888888888882
			8.49572649572644	-9.89743589743583
			8.49572649572644	-9.90598290598284
			8.49572649572644	-9.91452991452984
			8.50427350427344	-9.92307692307685
			8.50427350427344	-9.93162393162386
			8.50427350427344	-9.94017094017087
			8.50427350427344	-9.94871794871788
			8.50427350427344	-9.95726495726489
			8.50427350427344	-9.96581196581189
			8.50427350427344	-9.9743589743589
			8.50427350427344	-9.98290598290591
			8.50427350427344	-9.99145299145292
			8.50427350427344	-9.99999999999993
			8.50427350427344	-10.0085470085469
			8.49572649572644	-10.0170940170939
			8.49572649572644	-10.025641025641
			8.49572649572644	-10.034188034188
			8.48717948717943	-10.034188034188
		</curveLM07>
		<curveLM08 type=matrix rownames=FALSE colnames=FALSE nrow=70 ncol=2 as.numeric=TRUE >
			8.48717948717943	-10.034188034188
			8.47863247863242	-10.034188034188
			8.47008547008541	-10.042735042735
			8.4615384615384	-10.042735042735
			8.45299145299139	-10.042735042735
			8.44444444444438	-10.034188034188
			8.43589743589738	-10.034188034188
			8.42735042735037	-10.034188034188
			8.41880341880336	-10.034188034188
			8.41025641025635	-10.025641025641
			8.40170940170934	-10.025641025641
			8.39316239316233	-10.0170940170939
			8.38461538461532	-10.0170940170939
			8.37606837606832	-10.0085470085469
			8.36752136752131	-9.99999999999993
			8.3589743589743	-9.99999999999993
			8.35042735042729	-9.99145299145292
			8.34188034188028	-9.98290598290591
			8.33333333333327	-9.9743589743589
			8.32478632478627	-9.96581196581189
			8.31623931623926	-9.96581196581189
			8.30769230769225	-9.95726495726489
			8.30769230769225	-9.94871794871788
			8.29914529914524	-9.94871794871788
			8.29059829059823	-9.94017094017087
			8.28205128205122	-9.93162393162386
			8.27350427350421	-9.92307692307685
			8.26495726495721	-9.92307692307685
			8.26495726495721	-9.91452991452984
			8.2564102564102	-9.90598290598284
			8.24786324786319	-9.89743589743583
			8.23931623931618	-9.88888888888882
			8.23076923076917	-9.88034188034181
			8.22222222222216	-9.8717948717948
			8.21367521367515	-9.86324786324779
			8.20512820512815	-9.85470085470078
			8.19658119658114	-9.84615384615378
			8.18803418803413	-9.83760683760677
			8.17948717948712	-9.82905982905976
			8.17094017094011	-9.82051282051275
			8.1623931623931	-9.81196581196574
			8.15384615384609	-9.80341880341873
			8.14529914529909	-9.79487179487172
			8.13675213675208	-9.78632478632472
			8.12820512820507	-9.77777777777771
			8.11965811965806	-9.77777777777771
			8.11111111111105	-9.7692307692307
			8.10256410256404	-9.76068376068369
			8.09401709401704	-9.75213675213668
			8.08547008547003	-9.75213675213668
			8.07692307692302	-9.74358974358967
			8.06837606837601	-9.73504273504266
			8.059829059829	-9.73504273504266
			8.05128205128199	-9.72649572649566
			8.04273504273498	-9.71794871794865
			8.03418803418798	-9.71794871794865
			8.02564102564097	-9.70940170940164
			8.01709401709396	-9.70940170940164
			8.00854700854695	-9.70940170940164
			7.99999999999994	-9.70085470085463
			7.99145299145293	-9.70085470085463
			7.98290598290593	-9.69230769230762
			7.97435897435892	-9.69230769230762
			7.96581196581191	-9.69230769230762
			7.9572649572649	-9.69230769230762
			7.94871794871789	-9.69230769230762
			7.94871794871789	-9.68376068376061
			7.94017094017088	-9.68376068376061
			7.93162393162387	-9.68376068376061
			7.92307692307687	-9.68376068376061
		</curveLM08>
		<curveLM09 type=matrix rownames=FALSE colnames=FALSE nrow=72 ncol=2 as.numeric=TRUE >
			7.92307692307687	-9.68376068376061
			7.91452991452986	-9.69230769230762
			7.90598290598285	-9.70085470085463
			7.89743589743584	-9.70085470085463
			7.89743589743584	-9.70940170940164
			7.88888888888883	-9.71794871794865
			7.88888888888883	-9.72649572649566
			7.88034188034182	-9.73504273504266
			7.88034188034182	-9.74358974358967
			7.87179487179482	-9.75213675213668
			7.87179487179482	-9.76068376068369
			7.87179487179482	-9.7692307692307
			7.87179487179482	-9.77777777777771
			7.86324786324781	-9.78632478632472
			7.86324786324781	-9.79487179487172
			7.86324786324781	-9.80341880341873
			7.86324786324781	-9.81196581196574
			7.86324786324781	-9.82051282051275
			7.8547008547008	-9.82905982905976
			7.8547008547008	-9.83760683760677
			7.8547008547008	-9.84615384615378
			7.8547008547008	-9.85470085470078
			7.8547008547008	-9.86324786324779
			7.8547008547008	-9.8717948717948
			7.8547008547008	-9.88034188034181
			7.8547008547008	-9.88888888888882
			7.8547008547008	-9.89743589743583
			7.8547008547008	-9.90598290598284
			7.8547008547008	-9.91452991452984
			7.8547008547008	-9.92307692307685
			7.8547008547008	-9.93162393162386
			7.8547008547008	-9.94017094017087
			7.8547008547008	-9.94871794871788
			7.8547008547008	-9.95726495726489
			7.8547008547008	-9.96581196581189
			7.8547008547008	-9.9743589743589
			7.8547008547008	-9.98290598290591
			7.8547008547008	-9.99145299145292
			7.84615384615379	-9.99999999999993
			7.84615384615379	-10.0085470085469
			7.84615384615379	-10.0170940170939
			7.84615384615379	-10.025641025641
			7.84615384615379	-10.034188034188
			7.84615384615379	-10.042735042735
			7.83760683760678	-10.042735042735
			7.83760683760678	-10.051282051282
			7.83760683760678	-10.059829059829
			7.83760683760678	-10.068376068376
			7.82905982905977	-10.076923076923
			7.82905982905977	-10.08547008547
			7.82051282051276	-10.094017094017
			7.82051282051276	-10.102564102564
			7.82051282051276	-10.111111111111
			7.81196581196576	-10.119658119658
			7.81196581196576	-10.1282051282051
			7.80341880341875	-10.1367521367521
			7.79487179487174	-10.1452991452991
			7.79487179487174	-10.1538461538461
			7.78632478632473	-10.1623931623931
			7.78632478632473	-10.1709401709401
			7.77777777777772	-10.1794871794871
			7.76923076923071	-10.1880341880341
			7.7606837606837	-10.1965811965811
			7.7521367521367	-10.1965811965811
			7.74358974358969	-10.2051282051281
			7.73504273504268	-10.2136752136751
			7.72649572649567	-10.2136752136751
			7.71794871794866	-10.2222222222221
			7.70940170940165	-10.2222222222221
			7.70085470085465	-10.2222222222221
			7.69230769230764	-10.2307692307692
			7.68376068376063	-10.2307692307692
		</curveLM09>
		<curveLM10 type=matrix rownames=FALSE colnames=FALSE nrow=67 ncol=2 as.numeric=TRUE >
			7.68376068376063	-10.2307692307692
			7.67521367521362	-10.2307692307692
			7.67521367521362	-10.2222222222221
			7.66666666666661	-10.2222222222221
			7.6581196581196	-10.2136752136751
			7.64957264957259	-10.2051282051281
			7.64102564102559	-10.1965811965811
			7.64102564102559	-10.1880341880341
			7.63247863247858	-10.1794871794871
			7.62393162393157	-10.1709401709401
			7.62393162393157	-10.1623931623931
			7.61538461538456	-10.1538461538461
			7.61538461538456	-10.1452991452991
			7.60683760683755	-10.1367521367521
			7.60683760683755	-10.1282051282051
			7.59829059829054	-10.119658119658
			7.59829059829054	-10.111111111111
			7.58974358974354	-10.102564102564
			7.58974358974354	-10.094017094017
			7.58119658119653	-10.08547008547
			7.58119658119653	-10.076923076923
			7.57264957264952	-10.068376068376
			7.57264957264952	-10.059829059829
			7.57264957264952	-10.051282051282
			7.56410256410251	-10.042735042735
			7.56410256410251	-10.034188034188
			7.56410256410251	-10.025641025641
			7.5555555555555	-10.0170940170939
			7.5555555555555	-10.0085470085469
			7.5555555555555	-9.99999999999993
			7.54700854700849	-9.99145299145292
			7.54700854700849	-9.98290598290591
			7.54700854700849	-9.9743589743589
			7.53846153846148	-9.96581196581189
			7.53846153846148	-9.95726495726489
			7.53846153846148	-9.94871794871788
			7.52991452991448	-9.94017094017087
			7.52991452991448	-9.93162393162386
			7.52991452991448	-9.92307692307685
			7.52991452991448	-9.91452991452984
			7.52136752136747	-9.90598290598284
			7.52136752136747	-9.89743589743583
			7.52136752136747	-9.88888888888882
			7.51282051282046	-9.88034188034181
			7.51282051282046	-9.8717948717948
			7.51282051282046	-9.86324786324779
			7.50427350427345	-9.85470085470078
			7.50427350427345	-9.84615384615378
			7.50427350427345	-9.83760683760677
			7.49572649572644	-9.82905982905976
			7.49572649572644	-9.82051282051275
			7.49572649572644	-9.81196581196574
			7.49572649572644	-9.80341880341873
			7.48717948717943	-9.79487179487172
			7.48717948717943	-9.78632478632472
			7.48717948717943	-9.77777777777771
			7.48717948717943	-9.7692307692307
			7.47863247863242	-9.76068376068369
			7.47863247863242	-9.75213675213668
			7.47863247863242	-9.74358974358967
			7.47008547008542	-9.73504273504266
			7.47008547008542	-9.72649572649566
			7.47008547008542	-9.71794871794865
			7.47008547008542	-9.70940170940164
			7.47008547008542	-9.70085470085463
			7.46153846153841	-9.69230769230762
			7.46153846153841	-9.68376068376061
		</curveLM10>
		<curveLM11 type=matrix rownames=FALSE colnames=FALSE nrow=65 ncol=2 as.numeric=TRUE >
			7.46153846153841	-9.68376068376061
			7.4529914529914	-9.68376068376061
			7.44444444444439	-9.69230769230762
			7.43589743589738	-9.69230769230762
			7.43589743589738	-9.70085470085463
			7.42735042735037	-9.70085470085463
			7.41880341880336	-9.70940170940164
			7.41025641025636	-9.70940170940164
			7.40170940170935	-9.71794871794865
			7.39316239316234	-9.71794871794865
			7.38461538461533	-9.72649572649566
			7.38461538461533	-9.73504273504266
			7.37606837606832	-9.73504273504266
			7.36752136752131	-9.74358974358967
			7.35897435897431	-9.75213675213668
			7.3504273504273	-9.75213675213668
			7.34188034188029	-9.76068376068369
			7.34188034188029	-9.7692307692307
			7.33333333333328	-9.77777777777771
			7.32478632478627	-9.77777777777771
			7.31623931623926	-9.78632478632472
			7.30769230769226	-9.79487179487172
			7.29914529914525	-9.80341880341873
			7.29914529914525	-9.81196581196574
			7.29059829059824	-9.82051282051275
			7.28205128205123	-9.82905982905976
			7.27350427350422	-9.83760683760677
			7.26495726495721	-9.84615384615378
			7.2564102564102	-9.85470085470078
			7.2564102564102	-9.86324786324779
			7.2478632478632	-9.8717948717948
			7.23931623931619	-9.88034188034181
			7.23076923076918	-9.88888888888882
			7.22222222222217	-9.89743589743583
			7.22222222222217	-9.90598290598284
			7.21367521367516	-9.91452991452984
			7.20512820512815	-9.92307692307685
			7.20512820512815	-9.93162393162386
			7.19658119658114	-9.94017094017087
			7.18803418803414	-9.94871794871788
			7.17948717948713	-9.95726495726489
			7.17094017094012	-9.96581196581189
			7.16239316239311	-9.9743589743589
			7.1538461538461	-9.9743589743589
			7.14529914529909	-9.98290598290591
			7.13675213675209	-9.99145299145292
			7.12820512820508	-9.99999999999993
			7.11965811965807	-10.0085470085469
			7.11111111111106	-10.0085470085469
			7.10256410256405	-10.0170940170939
			7.09401709401704	-10.025641025641
			7.08547008547003	-10.025641025641
			7.07692307692303	-10.034188034188
			7.06837606837602	-10.034188034188
			7.05982905982901	-10.042735042735
			7.051282051282	-10.051282051282
			7.04273504273499	-10.051282051282
			7.03418803418798	-10.059829059829
			7.02564102564097	-10.059829059829
			7.01709401709397	-10.059829059829
			7.00854700854696	-10.068376068376
			6.99999999999995	-10.068376068376
			6.99145299145294	-10.068376068376
			6.98290598290593	-10.068376068376
			6.97435897435892	-10.068376068376
		</curveLM11>
		<curveLM12 type=matrix rownames=FALSE colnames=FALSE nrow=334 ncol=2 as.numeric=TRUE >
			6.97435897435892	-10.068376068376
			6.97435897435892	-10.059829059829
			6.96581196581192	-10.051282051282
			6.96581196581192	-10.042735042735
			6.96581196581192	-10.034188034188
			6.95726495726491	-10.025641025641
			6.95726495726491	-10.0170940170939
			6.95726495726491	-10.0085470085469
			6.95726495726491	-9.99999999999993
			6.95726495726491	-9.99145299145292
			6.95726495726491	-9.98290598290591
			6.95726495726491	-9.9743589743589
			6.95726495726491	-9.96581196581189
			6.95726495726491	-9.95726495726489
			6.95726495726491	-9.94871794871788
			6.95726495726491	-9.94017094017087
			6.95726495726491	-9.93162393162386
			6.95726495726491	-9.92307692307685
			6.95726495726491	-9.91452991452984
			6.95726495726491	-9.90598290598284
			6.95726495726491	-9.89743589743583
			6.95726495726491	-9.88888888888882
			6.95726495726491	-9.88034188034181
			6.95726495726491	-9.8717948717948
			6.95726495726491	-9.86324786324779
			6.95726495726491	-9.85470085470078
			6.96581196581192	-9.84615384615378
			6.96581196581192	-9.83760683760677
			6.96581196581192	-9.82905982905976
			6.96581196581192	-9.82051282051275
			6.96581196581192	-9.81196581196574
			6.96581196581192	-9.80341880341873
			6.96581196581192	-9.79487179487172
			6.96581196581192	-9.78632478632472
			6.97435897435892	-9.77777777777771
			6.97435897435892	-9.7692307692307
			6.97435897435892	-9.76068376068369
			6.97435897435892	-9.75213675213668
			6.97435897435892	-9.74358974358967
			6.97435897435892	-9.73504273504266
			6.97435897435892	-9.72649572649566
			6.98290598290593	-9.71794871794865
			6.98290598290593	-9.70940170940164
			6.98290598290593	-9.70085470085463
			6.98290598290593	-9.69230769230762
			6.98290598290593	-9.68376068376061
			6.98290598290593	-9.67521367521361
			6.99145299145294	-9.6666666666666
			6.99145299145294	-9.65811965811959
			6.99145299145294	-9.64957264957258
			6.99145299145294	-9.64102564102557
			6.99145299145294	-9.63247863247856
			6.99145299145294	-9.62393162393155
			6.99999999999995	-9.61538461538455
			6.99999999999995	-9.60683760683754
			6.99999999999995	-9.59829059829053
			6.99999999999995	-9.58974358974352
			6.99999999999995	-9.58119658119651
			7.00854700854696	-9.5726495726495
			7.00854700854696	-9.56410256410249
			7.00854700854696	-9.55555555555549
			7.00854700854696	-9.54700854700848
			7.00854700854696	-9.53846153846147
			7.01709401709397	-9.52991452991446
			7.01709401709397	-9.52136752136745
			7.01709401709397	-9.51282051282044
			7.01709401709397	-9.50427350427343
			7.02564102564097	-9.49572649572643
			7.02564102564097	-9.48717948717942
			7.02564102564097	-9.47863247863241
			7.02564102564097	-9.4700854700854
			7.02564102564097	-9.46153846153839
			7.02564102564097	-9.45299145299139
			7.03418803418798	-9.44444444444438
			7.03418803418798	-9.43589743589737
			7.03418803418798	-9.42735042735036
			7.03418803418798	-9.41880341880335
			7.04273504273499	-9.41025641025634
			7.04273504273499	-9.40170940170933
			7.04273504273499	-9.39316239316233
			7.04273504273499	-9.38461538461532
			7.051282051282	-9.37606837606831
			7.051282051282	-9.3675213675213
			7.051282051282	-9.35897435897429
			7.051282051282	-9.35042735042728
			7.051282051282	-9.34188034188027
			7.05982905982901	-9.33333333333327
			7.05982905982901	-9.32478632478626
			7.05982905982901	-9.31623931623925
			7.05982905982901	-9.30769230769224
			7.06837606837602	-9.29914529914523
			7.06837606837602	-9.29059829059822
			7.06837606837602	-9.28205128205122
			7.06837606837602	-9.27350427350421
			7.07692307692303	-9.2649572649572
			7.07692307692303	-9.25641025641019
			7.07692307692303	-9.24786324786318
			7.07692307692303	-9.23931623931617
			7.07692307692303	-9.23076923076916
			7.08547008547003	-9.22222222222216
			7.08547008547003	-9.21367521367515
			7.08547008547003	-9.20512820512814
			7.08547008547003	-9.19658119658113
			7.09401709401704	-9.18803418803412
			7.09401709401704	-9.17948717948711
			7.09401709401704	-9.1709401709401
			7.09401709401704	-9.1623931623931
			7.10256410256405	-9.15384615384609
			7.10256410256405	-9.14529914529908
			7.10256410256405	-9.13675213675207
			7.10256410256405	-9.12820512820506
			7.11111111111106	-9.11965811965805
			7.11111111111106	-9.11111111111104
			7.11111111111106	-9.10256410256404
			7.11111111111106	-9.09401709401703
			7.11965811965807	-9.08547008547002
			7.11965811965807	-9.07692307692301
			7.11965811965807	-9.068376068376
			7.11965811965807	-9.05982905982899
			7.12820512820508	-9.05128205128199
			7.12820512820508	-9.04273504273498
			7.12820512820508	-9.03418803418797
			7.13675213675209	-9.02564102564096
			7.13675213675209	-9.01709401709395
			7.13675213675209	-9.00854700854694
			7.13675213675209	-8.99999999999993
			7.13675213675209	-8.99145299145293
			7.14529914529909	-8.98290598290592
			7.14529914529909	-8.97435897435891
			7.14529914529909	-8.9658119658119
			7.14529914529909	-8.95726495726489
			7.1538461538461	-8.94871794871788
			7.1538461538461	-8.94017094017088
			7.1538461538461	-8.93162393162387
			7.1538461538461	-8.92307692307686
			7.16239316239311	-8.91452991452985
			7.16239316239311	-8.90598290598284
			7.16239316239311	-8.89743589743583
			7.16239316239311	-8.88888888888883
			7.17094017094012	-8.88034188034182
			7.17094017094012	-8.87179487179481
			7.17094017094012	-8.8632478632478
			7.17094017094012	-8.85470085470079
			7.17948717948713	-8.84615384615378
			7.17948717948713	-8.83760683760677
			7.17948717948713	-8.82905982905977
			7.17948717948713	-8.82051282051276
			7.18803418803414	-8.81196581196575
			7.18803418803414	-8.80341880341874
			7.18803418803414	-8.79487179487173
			7.18803418803414	-8.78632478632472
			7.19658119658114	-8.77777777777771
			7.19658119658114	-8.76923076923071
			7.19658119658114	-8.7606837606837
			7.20512820512815	-8.75213675213669
			7.20512820512815	-8.74358974358968
			7.20512820512815	-8.73504273504267
			7.20512820512815	-8.72649572649566
			7.21367521367516	-8.71794871794866
			7.21367521367516	-8.70940170940165
			7.21367521367516	-8.70085470085464
			7.21367521367516	-8.69230769230763
			7.22222222222217	-8.68376068376062
			7.22222222222217	-8.67521367521361
			7.22222222222217	-8.6666666666666
			7.22222222222217	-8.6581196581196
			7.23076923076918	-8.64957264957259
			7.23076923076918	-8.64102564102558
			7.23076923076918	-8.63247863247857
			7.23931623931619	-8.62393162393156
			7.23931623931619	-8.61538461538455
			7.23931623931619	-8.60683760683754
			7.23931623931619	-8.59829059829054
			7.2478632478632	-8.58974358974353
			7.2478632478632	-8.58119658119652
			7.2478632478632	-8.57264957264951
			7.2564102564102	-8.5641025641025
			7.2564102564102	-8.55555555555549
			7.2564102564102	-8.54700854700848
			7.2564102564102	-8.53846153846148
			7.26495726495721	-8.52991452991447
			7.26495726495721	-8.52136752136746
			7.26495726495721	-8.51282051282045
			7.26495726495721	-8.50427350427344
			7.27350427350422	-8.49572649572644
			7.27350427350422	-8.48717948717943
			7.27350427350422	-8.47863247863242
			7.27350427350422	-8.47008547008541
			7.28205128205123	-8.4615384615384
			7.28205128205123	-8.45299145299139
			7.29059829059824	-8.44444444444438
			7.29059829059824	-8.43589743589738
			7.29059829059824	-8.42735042735037
			7.29059829059824	-8.41880341880336
			7.29914529914525	-8.41025641025635
			7.29914529914525	-8.40170940170934
			7.29914529914525	-8.39316239316233
			7.29914529914525	-8.38461538461532
			7.30769230769226	-8.37606837606832
			7.30769230769226	-8.36752136752131
			7.30769230769226	-8.3589743589743
			7.31623931623926	-8.35042735042729
			7.31623931623926	-8.34188034188028
			7.31623931623926	-8.33333333333327
			7.32478632478627	-8.32478632478627
			7.32478632478627	-8.31623931623926
			7.32478632478627	-8.30769230769225
			7.32478632478627	-8.29914529914524
			7.33333333333328	-8.29059829059823
			7.33333333333328	-8.28205128205122
			7.33333333333328	-8.27350427350421
			7.34188034188029	-8.26495726495721
			7.34188034188029	-8.2564102564102
			7.34188034188029	-8.24786324786319
			7.3504273504273	-8.23931623931618
			7.3504273504273	-8.23076923076917
			7.3504273504273	-8.22222222222216
			7.3504273504273	-8.21367521367515
			7.35897435897431	-8.21367521367515
			7.35897435897431	-8.20512820512815
			7.35897435897431	-8.19658119658114
			7.36752136752131	-8.18803418803413
			7.36752136752131	-8.17948717948712
			7.36752136752131	-8.17094017094011
			7.36752136752131	-8.1623931623931
			7.37606837606832	-8.15384615384609
			7.37606837606832	-8.14529914529909
			7.37606837606832	-8.13675213675208
			7.38461538461533	-8.12820512820507
			7.38461538461533	-8.11965811965806
			7.38461538461533	-8.11111111111105
			7.39316239316234	-8.10256410256404
			7.39316239316234	-8.09401709401704
			7.39316239316234	-8.08547008547003
			7.40170940170935	-8.07692307692302
			7.40170940170935	-8.06837606837601
			7.40170940170935	-8.059829059829
			7.41025641025636	-8.05128205128199
			7.41025641025636	-8.04273504273498
			7.41025641025636	-8.03418803418798
			7.41880341880336	-8.02564102564097
			7.41880341880336	-8.01709401709396
			7.41880341880336	-8.00854700854695
			7.42735042735037	-7.99999999999994
			7.42735042735037	-7.99145299145293
			7.42735042735037	-7.98290598290593
			7.43589743589738	-7.97435897435892
			7.43589743589738	-7.96581196581191
			7.43589743589738	-7.9572649572649
			7.44444444444439	-7.94871794871789
			7.44444444444439	-7.94017094017088
			7.44444444444439	-7.93162393162387
			7.4529914529914	-7.92307692307687
			7.4529914529914	-7.91452991452986
			7.4529914529914	-7.90598290598285
			7.46153846153841	-7.89743589743584
			7.46153846153841	-7.88888888888883
			7.46153846153841	-7.88034188034182
			7.47008547008542	-7.87179487179482
			7.47008547008542	-7.86324786324781
			7.47008547008542	-7.8547008547008
			7.47863247863242	-7.84615384615379
			7.47863247863242	-7.83760683760678
			7.47863247863242	-7.82905982905977
			7.48717948717943	-7.82051282051276
			7.48717948717943	-7.81196581196576
			7.48717948717943	-7.80341880341875
			7.49572649572644	-7.79487179487174
			7.49572649572644	-7.78632478632473
			7.49572649572644	-7.77777777777772
			7.50427350427345	-7.76923076923071
			7.50427350427345	-7.7606837606837
			7.50427350427345	-7.7521367521367
			7.51282051282046	-7.74358974358969
			7.51282051282046	-7.73504273504268
			7.51282051282046	-7.72649572649567
			7.52136752136747	-7.71794871794866
			7.52136752136747	-7.70940170940165
			7.52991452991448	-7.70085470085465
			7.52991452991448	-7.69230769230764
			7.52991452991448	-7.68376068376063
			7.53846153846148	-7.67521367521362
			7.53846153846148	-7.66666666666661
			7.53846153846148	-7.6581196581196
			7.54700854700849	-7.64957264957259
			7.54700854700849	-7.64102564102559
			7.54700854700849	-7.63247863247858
			7.5555555555555	-7.63247863247858
			7.5555555555555	-7.62393162393157
			7.5555555555555	-7.61538461538456
			7.56410256410251	-7.60683760683755
			7.56410256410251	-7.59829059829054
			7.57264957264952	-7.58974358974354
			7.57264957264952	-7.58119658119653
			7.57264957264952	-7.57264957264952
			7.58119658119653	-7.56410256410251
			7.58119658119653	-7.5555555555555
			7.58119658119653	-7.54700854700849
			7.58974358974354	-7.53846153846148
			7.58974358974354	-7.52991452991448
			7.59829059829054	-7.52136752136747
			7.59829059829054	-7.51282051282046
			7.59829059829054	-7.50427350427345
			7.60683760683755	-7.49572649572644
			7.60683760683755	-7.48717948717943
			7.60683760683755	-7.47863247863242
			7.61538461538456	-7.47008547008542
			7.61538461538456	-7.46153846153841
			7.62393162393157	-7.4529914529914
			7.62393162393157	-7.44444444444439
			7.62393162393157	-7.43589743589738
			7.63247863247858	-7.42735042735037
			7.63247863247858	-7.41880341880336
			7.63247863247858	-7.41025641025636
			7.64102564102559	-7.40170940170935
			7.64102564102559	-7.39316239316234
			7.64102564102559	-7.38461538461533
			7.64957264957259	-7.37606837606832
			7.64957264957259	-7.36752136752131
			7.6581196581196	-7.35897435897431
			7.6581196581196	-7.3504273504273
			7.6581196581196	-7.34188034188029
			7.66666666666661	-7.33333333333328
			7.66666666666661	-7.32478632478627
			7.67521367521362	-7.31623931623926
			7.67521367521362	-7.30769230769226
			7.67521367521362	-7.29914529914525
			7.68376068376063	-7.29059829059824
			7.68376068376063	-7.28205128205123
			7.68376068376063	-7.27350427350422
			7.69230769230764	-7.26495726495721
			7.69230769230764	-7.2564102564102
			7.70085470085465	-7.2478632478632
			7.70085470085465	-7.23931623931619
		</curveLM12>
	</curves.scaled>
	<ruler.points type=matrix rownames=TRUE colnames=FALSE nrow=5 ncol=2 as.numeric=TRUE >
		Ruler point 1	434	1410
		Ruler point 2	551	1409
		Ruler point 3	668	1409
		Ruler point 4	785	1409
		Ruler point 5	902	1409
	</ruler.points>
</shapes>

