<shapes type=list>
	<ruler.pixel type=vector names=FALSE length=1 as.numeric=TRUE >117</ruler.pixel>
	<ruler.interval type=vector names=FALSE length=1 as.numeric=TRUE >1</ruler.interval>
	<scaling.units type=vector names=FALSE length=1 as.numeric=FALSE >cm</scaling.units>
	<scaling type=vector names=FALSE length=1 as.numeric=TRUE >0.00854700854700855</scaling>
	<landmarks.pixel type=matrix rownames=TRUE colnames=FALSE nrow=6 ncol=2 as.numeric=TRUE >
		LM01	902	789
		LM02	1020	1135
		LM03	942	1094
		LM04	899	1196
		LM05	868	1094
		LM06	787	1140
	</landmarks.pixel>
	<landmarks.scaled type=matrix rownames=TRUE colnames=FALSE nrow=6 ncol=2 as.numeric=TRUE >
		LM01	7.70940170940171	-6.74358974358974
		LM02	8.71794871794872	-9.7008547008547
		LM03	8.05128205128205	-9.35042735042735
		LM04	7.68376068376068	-10.2222222222222
		LM05	7.41880341880342	-9.35042735042735
		LM06	6.72649572649573	-9.74358974358974
	</landmarks.scaled>
	<curves.control type=list>
		<curveLM07 type=matrix rownames=FALSE colnames=FALSE nrow=5 ncol=2 as.numeric=TRUE >
			902	789
			946	858
			1001	1051
			1022	1114
			1020	1135
		</curveLM07>
		<curveLM08 type=matrix rownames=FALSE colnames=FALSE nrow=3 ncol=2 as.numeric=TRUE >
			1020	1135
			1022	1143
			942	1094
		</curveLM08>
		<curveLM09 type=matrix rownames=FALSE colnames=FALSE nrow=5 ncol=2 as.numeric=TRUE >
			942	1094
			933	1112
			928	1155
			920	1198
			899	1196
		</curveLM09>
		<curveLM10 type=matrix rownames=FALSE colnames=FALSE nrow=3 ncol=2 as.numeric=TRUE >
			899	1196
			881	1194
			868	1094
		</curveLM10>
		<curveLM11 type=matrix rownames=FALSE colnames=FALSE nrow=5 ncol=2 as.numeric=TRUE >
			868	1094
			857	1092
			818	1126
			793	1147
			787	1140
		</curveLM11>
		<curveLM12 type=matrix rownames=FALSE colnames=FALSE nrow=5 ncol=2 as.numeric=TRUE >
			787	1140
			778	1135
			811	1028
			861	859
			902	789
		</curveLM12>
	</curves.control>
	<curves.pixel type=list>
		<curveLM07 type=matrix rownames=FALSE colnames=FALSE nrow=355 ncol=2 as.numeric=TRUE >
			902	789
			902	790
			903	791
			904	792
			905	793
			905	794
			906	795
			906	796
			907	797
			907	798
			908	799
			909	800
			909	801
			910	802
			910	803
			911	804
			912	805
			912	806
			913	807
			913	808
			914	809
			914	810
			915	811
			915	812
			916	813
			916	814
			917	815
			917	816
			918	817
			918	818
			919	819
			919	820
			920	821
			920	822
			921	823
			921	824
			922	825
			922	826
			923	827
			923	828
			924	829
			924	830
			924	831
			925	831
			925	832
			926	833
			926	834
			926	835
			927	836
			927	837
			928	838
			928	839
			929	840
			929	841
			930	842
			930	843
			931	844
			931	845
			931	846
			932	847
			932	848
			933	849
			933	850
			933	851
			934	852
			934	853
			935	854
			935	855
			936	856
			936	857
			936	858
			937	859
			937	860
			938	861
			938	862
			939	863
			939	864
			939	865
			940	866
			940	867
			941	868
			941	869
			941	870
			942	871
			942	872
			943	873
			943	874
			943	875
			944	876
			944	877
			945	878
			945	879
			945	880
			946	881
			946	882
			946	883
			947	884
			947	885
			948	886
			948	887
			948	888
			949	889
			949	890
			950	891
			950	892
			950	893
			951	894
			951	895
			951	896
			952	897
			952	898
			952	899
			953	900
			953	901
			954	902
			954	903
			954	904
			955	905
			955	906
			955	907
			956	908
			956	909
			956	910
			957	911
			957	912
			958	913
			958	914
			958	915
			959	916
			959	917
			959	918
			960	919
			960	920
			960	921
			961	922
			961	923
			961	924
			962	925
			962	926
			963	927
			963	928
			963	929
			963	930
			964	930
			964	931
			964	932
			964	933
			965	934
			965	935
			966	936
			966	937
			966	938
			967	939
			967	940
			967	941
			967	942
			968	943
			968	944
			968	945
			969	946
			969	947
			969	948
			970	949
			970	950
			970	951
			971	952
			971	953
			971	954
			972	955
			972	956
			972	957
			973	958
			973	959
			973	960
			974	961
			974	962
			974	963
			975	964
			975	965
			975	966
			976	967
			976	968
			976	969
			977	970
			977	971
			977	972
			978	973
			978	974
			978	975
			979	976
			979	977
			979	978
			980	979
			980	980
			980	981
			980	982
			981	982
			981	983
			981	984
			981	985
			982	986
			982	987
			982	988
			982	989
			983	989
			983	990
			983	991
			983	992
			984	992
			984	993
			984	994
			984	995
			985	996
			985	997
			985	998
			986	999
			986	1000
			986	1001
			987	1002
			987	1003
			987	1004
			987	1005
			988	1006
			988	1007
			988	1008
			989	1009
			989	1010
			989	1011
			990	1012
			990	1013
			990	1014
			990	1015
			991	1016
			991	1017
			991	1018
			992	1019
			992	1020
			992	1021
			992	1022
			993	1023
			993	1024
			993	1025
			994	1026
			994	1027
			994	1028
			995	1029
			995	1030
			995	1031
			995	1032
			996	1033
			996	1034
			996	1035
			997	1036
			997	1037
			997	1038
			997	1039
			998	1040
			998	1041
			998	1042
			999	1043
			999	1044
			999	1045
			1000	1046
			1000	1047
			1000	1048
			1000	1049
			1001	1050
			1001	1051
			1001	1052
			1002	1053
			1002	1054
			1002	1055
			1003	1056
			1003	1057
			1003	1058
			1004	1059
			1004	1060
			1004	1061
			1005	1062
			1005	1063
			1005	1064
			1005	1065
			1006	1066
			1006	1067
			1006	1068
			1007	1068
			1007	1069
			1007	1070
			1007	1071
			1008	1072
			1008	1073
			1008	1074
			1008	1075
			1009	1075
			1009	1076
			1009	1077
			1009	1078
			1010	1079
			1010	1080
			1010	1081
			1011	1082
			1011	1083
			1011	1084
			1012	1085
			1012	1086
			1012	1087
			1012	1088
			1013	1089
			1013	1090
			1013	1091
			1014	1092
			1014	1093
			1014	1094
			1014	1095
			1014	1096
			1015	1096
			1015	1097
			1015	1098
			1015	1099
			1015	1100
			1016	1101
			1016	1102
			1016	1103
			1016	1104
			1017	1105
			1017	1106
			1017	1107
			1017	1108
			1017	1109
			1018	1110
			1018	1111
			1018	1112
			1018	1113
			1018	1114
			1019	1115
			1019	1116
			1019	1117
			1019	1118
			1019	1119
			1019	1120
			1019	1121
			1020	1122
			1020	1123
			1020	1124
			1020	1125
			1020	1126
			1020	1127
			1020	1128
			1020	1129
			1020	1130
			1020	1131
			1020	1132
			1020	1133
			1020	1134
			1020	1135
		</curveLM07>
		<curveLM08 type=matrix rownames=FALSE colnames=FALSE nrow=84 ncol=2 as.numeric=TRUE >
			1020	1135
			1020	1136
			1019	1136
			1018	1136
			1017	1136
			1016	1135
			1015	1135
			1014	1135
			1013	1134
			1012	1134
			1011	1133
			1010	1133
			1009	1132
			1008	1132
			1007	1132
			1006	1131
			1005	1130
			1004	1130
			1003	1129
			1002	1129
			1001	1128
			1000	1128
			999	1128
			998	1127
			997	1126
			996	1126
			995	1125
			994	1125
			993	1124
			992	1124
			991	1123
			990	1122
			989	1122
			988	1121
			987	1121
			986	1120
			985	1120
			984	1119
			983	1118
			982	1118
			981	1117
			980	1117
			979	1116
			978	1115
			977	1115
			976	1114
			975	1114
			974	1113
			973	1113
			972	1112
			971	1111
			970	1111
			969	1110
			968	1110
			968	1109
			967	1109
			966	1109
			965	1108
			964	1107
			963	1107
			962	1106
			961	1105
			960	1105
			959	1104
			958	1104
			957	1103
			956	1102
			955	1102
			954	1101
			953	1101
			953	1100
			952	1100
			951	1100
			951	1099
			950	1099
			949	1098
			948	1098
			947	1097
			946	1097
			945	1096
			944	1096
			944	1095
			943	1094
			942	1094
		</curveLM08>
		<curveLM09 type=matrix rownames=FALSE colnames=FALSE nrow=116 ncol=2 as.numeric=TRUE >
			942	1094
			942	1095
			941	1095
			941	1096
			941	1097
			940	1098
			940	1099
			939	1100
			939	1101
			939	1102
			938	1103
			938	1104
			938	1105
			937	1106
			937	1107
			937	1108
			936	1109
			936	1110
			936	1111
			935	1112
			935	1113
			935	1114
			935	1115
			935	1116
			934	1117
			934	1118
			934	1119
			934	1120
			933	1121
			933	1122
			933	1123
			933	1124
			933	1125
			932	1126
			932	1127
			932	1128
			932	1129
			932	1130
			931	1131
			931	1132
			931	1133
			931	1134
			931	1135
			931	1136
			930	1137
			930	1138
			930	1139
			930	1140
			930	1141
			930	1142
			930	1143
			929	1144
			929	1145
			929	1146
			929	1147
			929	1148
			929	1149
			929	1150
			928	1151
			928	1152
			928	1153
			928	1154
			928	1155
			928	1156
			928	1157
			927	1158
			927	1159
			927	1160
			927	1161
			927	1162
			926	1163
			926	1164
			926	1165
			925	1166
			925	1167
			925	1168
			925	1169
			924	1170
			924	1171
			924	1172
			924	1173
			923	1173
			923	1174
			923	1175
			922	1176
			922	1177
			921	1178
			921	1179
			921	1180
			920	1181
			920	1182
			919	1182
			919	1183
			919	1184
			918	1185
			917	1186
			916	1187
			916	1188
			915	1189
			914	1190
			913	1191
			912	1192
			911	1193
			910	1193
			909	1194
			908	1194
			908	1195
			907	1195
			906	1195
			905	1196
			904	1196
			903	1196
			902	1196
			901	1196
			900	1196
			899	1196
		</curveLM09>
		<curveLM10 type=matrix rownames=FALSE colnames=FALSE nrow=106 ncol=2 as.numeric=TRUE >
			899	1196
			898	1196
			897	1195
			896	1195
			895	1194
			894	1194
			893	1193
			893	1192
			892	1191
			891	1190
			890	1189
			890	1188
			889	1187
			889	1186
			888	1185
			888	1184
			887	1183
			887	1182
			886	1181
			886	1180
			886	1179
			885	1178
			885	1177
			884	1176
			884	1175
			884	1174
			883	1173
			883	1172
			883	1171
			882	1170
			882	1169
			882	1168
			882	1167
			881	1166
			881	1165
			881	1164
			880	1163
			880	1162
			880	1161
			880	1160
			879	1159
			879	1158
			879	1157
			879	1156
			878	1155
			878	1154
			878	1153
			878	1152
			878	1151
			877	1150
			877	1149
			877	1148
			877	1147
			877	1146
			876	1145
			876	1144
			876	1143
			876	1142
			875	1141
			875	1140
			875	1139
			875	1138
			875	1137
			874	1136
			874	1135
			874	1134
			874	1133
			874	1132
			874	1131
			873	1130
			873	1129
			873	1128
			873	1127
			873	1126
			873	1125
			872	1124
			872	1123
			872	1122
			872	1121
			872	1120
			872	1119
			871	1118
			871	1117
			871	1116
			871	1115
			871	1114
			871	1113
			871	1112
			870	1111
			870	1110
			870	1109
			870	1108
			870	1107
			870	1106
			869	1105
			869	1104
			869	1103
			869	1102
			869	1101
			869	1100
			869	1099
			869	1098
			868	1097
			868	1096
			868	1095
			868	1094
		</curveLM10>
		<curveLM11 type=matrix rownames=FALSE colnames=FALSE nrow=87 ncol=2 as.numeric=TRUE >
			868	1094
			867	1094
			866	1094
			865	1094
			864	1094
			863	1095
			862	1095
			861	1095
			860	1095
			859	1096
			858	1096
			857	1097
			856	1097
			855	1098
			854	1099
			853	1099
			852	1100
			851	1101
			850	1101
			849	1102
			848	1102
			847	1103
			846	1104
			845	1104
			844	1105
			843	1106
			842	1107
			841	1107
			840	1108
			839	1109
			838	1110
			837	1110
			836	1111
			835	1111
			835	1112
			834	1113
			833	1113
			833	1114
			832	1114
			831	1115
			830	1115
			830	1116
			829	1117
			828	1117
			827	1118
			827	1119
			826	1119
			825	1120
			824	1121
			823	1122
			822	1123
			821	1124
			820	1124
			819	1125
			818	1126
			817	1127
			816	1128
			815	1129
			814	1130
			813	1130
			812	1131
			811	1131
			811	1132
			810	1132
			809	1133
			808	1134
			807	1135
			806	1135
			805	1136
			804	1136
			803	1137
			802	1138
			801	1138
			800	1139
			799	1140
			798	1140
			797	1140
			796	1141
			795	1141
			794	1141
			793	1142
			792	1142
			791	1142
			790	1142
			789	1141
			788	1141
			787	1140
		</curveLM11>
		<curveLM12 type=matrix rownames=FALSE colnames=FALSE nrow=364 ncol=2 as.numeric=TRUE >
			787	1140
			786	1139
			786	1138
			785	1137
			785	1136
			785	1135
			785	1134
			785	1133
			785	1132
			785	1131
			785	1130
			785	1129
			785	1128
			785	1127
			786	1126
			786	1125
			786	1124
			786	1123
			786	1122
			786	1121
			787	1120
			787	1119
			787	1118
			787	1117
			787	1116
			787	1115
			788	1114
			788	1113
			788	1112
			788	1111
			788	1110
			789	1109
			789	1108
			789	1107
			789	1106
			790	1105
			790	1104
			790	1103
			790	1102
			790	1101
			791	1101
			791	1100
			791	1099
			791	1098
			791	1097
			792	1096
			792	1095
			792	1094
			792	1093
			793	1092
			793	1091
			793	1090
			793	1089
			794	1088
			794	1087
			794	1086
			794	1085
			795	1084
			795	1083
			795	1082
			796	1081
			796	1080
			796	1079
			796	1078
			797	1077
			797	1076
			797	1075
			797	1074
			798	1073
			798	1072
			798	1071
			799	1070
			799	1069
			799	1068
			800	1067
			800	1066
			800	1065
			800	1064
			800	1063
			801	1063
			801	1062
			801	1061
			801	1060
			802	1059
			802	1058
			802	1057
			802	1056
			803	1056
			803	1055
			803	1054
			803	1053
			804	1052
			804	1051
			804	1050
			805	1049
			805	1048
			805	1047
			806	1046
			806	1045
			806	1044
			807	1043
			807	1042
			807	1041
			807	1040
			808	1039
			808	1038
			808	1037
			808	1036
			809	1036
			809	1035
			809	1034
			809	1033
			810	1032
			810	1031
			810	1030
			811	1029
			811	1028
			811	1027
			812	1026
			812	1025
			812	1024
			812	1023
			813	1022
			813	1021
			813	1020
			814	1020
			814	1019
			814	1018
			814	1017
			815	1016
			815	1015
			815	1014
			815	1013
			816	1012
			816	1011
			817	1010
			817	1009
			817	1008
			817	1007
			818	1006
			818	1005
			818	1004
			819	1003
			819	1002
			819	1001
			819	1000
			820	999
			820	998
			820	997
			821	996
			821	995
			821	994
			822	993
			822	992
			822	991
			823	990
			823	989
			823	988
			823	987
			824	986
			824	985
			824	984
			825	983
			825	982
			825	981
			826	980
			826	979
			826	978
			827	977
			827	976
			827	975
			828	974
			828	973
			828	972
			829	971
			829	970
			829	969
			829	968
			830	968
			830	967
			830	966
			830	965
			831	964
			831	963
			831	962
			832	961
			832	960
			832	959
			833	958
			833	957
			833	956
			834	955
			834	954
			834	953
			835	952
			835	951
			835	950
			836	949
			836	948
			836	947
			837	946
			837	945
			837	944
			838	943
			838	942
			838	941
			839	940
			839	939
			839	938
			840	937
			840	936
			840	935
			841	934
			841	933
			841	932
			842	931
			842	930
			842	929
			843	928
			843	927
			844	926
			844	925
			844	924
			845	923
			845	922
			845	921
			846	920
			846	919
			846	918
			847	917
			847	916
			847	915
			848	914
			848	913
			848	912
			849	911
			849	910
			849	909
			850	908
			850	907
			850	906
			851	905
			851	904
			852	903
			852	902
			852	901
			853	900
			853	899
			854	898
			854	897
			854	896
			854	895
			855	895
			855	894
			855	893
			856	892
			856	891
			856	890
			857	889
			857	888
			857	887
			858	887
			858	886
			858	885
			859	884
			859	883
			859	882
			860	881
			860	880
			861	879
			861	878
			861	877
			862	876
			862	875
			863	874
			863	873
			863	872
			864	871
			864	870
			865	869
			865	868
			865	867
			865	866
			866	866
			866	865
			866	864
			867	863
			867	862
			868	861
			868	860
			869	859
			869	858
			869	857
			870	856
			870	855
			870	854
			871	854
			871	853
			871	852
			872	851
			872	850
			872	849
			873	849
			873	848
			874	847
			874	846
			874	845
			875	844
			875	843
			876	842
			876	841
			877	840
			877	839
			877	838
			878	837
			878	836
			879	835
			879	834
			879	833
			880	832
			881	831
			881	830
			882	829
			882	828
			882	827
			883	826
			883	825
			884	824
			884	823
			885	822
			885	821
			886	820
			886	819
			887	818
			887	817
			888	816
			888	815
			889	814
			889	813
			890	812
			890	811
			891	810
			891	809
			892	808
			892	807
			893	806
			893	805
			894	804
			894	803
			895	802
			895	801
			896	800
			896	799
			897	798
			897	797
			898	796
			898	795
			899	795
			899	794
			900	793
			900	792
			901	791
			901	790
			902	789
		</curveLM12>
	</curves.pixel>
	<curves.scaled type=list>
		<curveLM07 type=matrix rownames=FALSE colnames=FALSE nrow=355 ncol=2 as.numeric=TRUE >
			7.70940170940171	-6.74358974358974
			7.70940170940171	-6.75213675213675
			7.71794871794872	-6.76068376068376
			7.72649572649573	-6.76923076923077
			7.73504273504274	-6.77777777777778
			7.73504273504274	-6.78632478632479
			7.74358974358974	-6.7948717948718
			7.74358974358974	-6.8034188034188
			7.75213675213675	-6.81196581196581
			7.75213675213675	-6.82051282051282
			7.76068376068376	-6.82905982905983
			7.76923076923077	-6.83760683760684
			7.76923076923077	-6.84615384615385
			7.77777777777778	-6.85470085470086
			7.77777777777778	-6.86324786324786
			7.78632478632479	-6.87179487179487
			7.7948717948718	-6.88034188034188
			7.7948717948718	-6.88888888888889
			7.8034188034188	-6.8974358974359
			7.8034188034188	-6.90598290598291
			7.81196581196581	-6.91452991452991
			7.81196581196581	-6.92307692307692
			7.82051282051282	-6.93162393162393
			7.82051282051282	-6.94017094017094
			7.82905982905983	-6.94871794871795
			7.82905982905983	-6.95726495726496
			7.83760683760684	-6.96581196581197
			7.83760683760684	-6.97435897435898
			7.84615384615385	-6.98290598290598
			7.84615384615385	-6.99145299145299
			7.85470085470086	-7
			7.85470085470086	-7.00854700854701
			7.86324786324786	-7.01709401709402
			7.86324786324786	-7.02564102564103
			7.87179487179487	-7.03418803418803
			7.87179487179487	-7.04273504273504
			7.88034188034188	-7.05128205128205
			7.88034188034188	-7.05982905982906
			7.88888888888889	-7.06837606837607
			7.88888888888889	-7.07692307692308
			7.8974358974359	-7.08547008547009
			7.8974358974359	-7.09401709401709
			7.8974358974359	-7.1025641025641
			7.90598290598291	-7.1025641025641
			7.90598290598291	-7.11111111111111
			7.91452991452992	-7.11965811965812
			7.91452991452992	-7.12820512820513
			7.91452991452992	-7.13675213675214
			7.92307692307692	-7.14529914529915
			7.92307692307692	-7.15384615384615
			7.93162393162393	-7.16239316239316
			7.93162393162393	-7.17094017094017
			7.94017094017094	-7.17948717948718
			7.94017094017094	-7.18803418803419
			7.94871794871795	-7.1965811965812
			7.94871794871795	-7.20512820512821
			7.95726495726496	-7.21367521367521
			7.95726495726496	-7.22222222222222
			7.95726495726496	-7.23076923076923
			7.96581196581197	-7.23931623931624
			7.96581196581197	-7.24786324786325
			7.97435897435898	-7.25641025641026
			7.97435897435898	-7.26495726495727
			7.97435897435898	-7.27350427350427
			7.98290598290598	-7.28205128205128
			7.98290598290598	-7.29059829059829
			7.99145299145299	-7.2991452991453
			7.99145299145299	-7.30769230769231
			8	-7.31623931623932
			8	-7.32478632478633
			8	-7.33333333333333
			8.00854700854701	-7.34188034188034
			8.00854700854701	-7.35042735042735
			8.01709401709402	-7.35897435897436
			8.01709401709402	-7.36752136752137
			8.02564102564103	-7.37606837606838
			8.02564102564103	-7.38461538461539
			8.02564102564103	-7.39316239316239
			8.03418803418804	-7.4017094017094
			8.03418803418804	-7.41025641025641
			8.04273504273504	-7.41880341880342
			8.04273504273504	-7.42735042735043
			8.04273504273504	-7.43589743589744
			8.05128205128205	-7.44444444444445
			8.05128205128205	-7.45299145299145
			8.05982905982906	-7.46153846153846
			8.05982905982906	-7.47008547008547
			8.05982905982906	-7.47863247863248
			8.06837606837607	-7.48717948717949
			8.06837606837607	-7.4957264957265
			8.07692307692308	-7.50427350427351
			8.07692307692308	-7.51282051282051
			8.07692307692308	-7.52136752136752
			8.08547008547009	-7.52991452991453
			8.08547008547009	-7.53846153846154
			8.08547008547009	-7.54700854700855
			8.0940170940171	-7.55555555555556
			8.0940170940171	-7.56410256410256
			8.1025641025641	-7.57264957264957
			8.1025641025641	-7.58119658119658
			8.1025641025641	-7.58974358974359
			8.11111111111111	-7.5982905982906
			8.11111111111111	-7.60683760683761
			8.11965811965812	-7.61538461538462
			8.11965811965812	-7.62393162393162
			8.11965811965812	-7.63247863247863
			8.12820512820513	-7.64102564102564
			8.12820512820513	-7.64957264957265
			8.12820512820513	-7.65811965811966
			8.13675213675214	-7.66666666666667
			8.13675213675214	-7.67521367521368
			8.13675213675214	-7.68376068376068
			8.14529914529915	-7.69230769230769
			8.14529914529915	-7.7008547008547
			8.15384615384616	-7.70940170940171
			8.15384615384616	-7.71794871794872
			8.15384615384616	-7.72649572649573
			8.16239316239316	-7.73504273504274
			8.16239316239316	-7.74358974358974
			8.16239316239316	-7.75213675213675
			8.17094017094017	-7.76068376068376
			8.17094017094017	-7.76923076923077
			8.17094017094017	-7.77777777777778
			8.17948717948718	-7.78632478632479
			8.17948717948718	-7.7948717948718
			8.18803418803419	-7.8034188034188
			8.18803418803419	-7.81196581196581
			8.18803418803419	-7.82051282051282
			8.1965811965812	-7.82905982905983
			8.1965811965812	-7.83760683760684
			8.1965811965812	-7.84615384615385
			8.20512820512821	-7.85470085470086
			8.20512820512821	-7.86324786324786
			8.20512820512821	-7.87179487179487
			8.21367521367521	-7.88034188034188
			8.21367521367521	-7.88888888888889
			8.21367521367521	-7.8974358974359
			8.22222222222222	-7.90598290598291
			8.22222222222222	-7.91452991452992
			8.23076923076923	-7.92307692307692
			8.23076923076923	-7.93162393162393
			8.23076923076923	-7.94017094017094
			8.23076923076923	-7.94871794871795
			8.23931623931624	-7.94871794871795
			8.23931623931624	-7.95726495726496
			8.23931623931624	-7.96581196581197
			8.23931623931624	-7.97435897435898
			8.24786324786325	-7.98290598290598
			8.24786324786325	-7.99145299145299
			8.25641025641026	-8
			8.25641025641026	-8.00854700854701
			8.25641025641026	-8.01709401709402
			8.26495726495727	-8.02564102564103
			8.26495726495727	-8.03418803418804
			8.26495726495727	-8.04273504273504
			8.26495726495727	-8.05128205128205
			8.27350427350427	-8.05982905982906
			8.27350427350427	-8.06837606837607
			8.27350427350427	-8.07692307692308
			8.28205128205128	-8.08547008547009
			8.28205128205128	-8.0940170940171
			8.28205128205128	-8.1025641025641
			8.29059829059829	-8.11111111111111
			8.29059829059829	-8.11965811965812
			8.29059829059829	-8.12820512820513
			8.2991452991453	-8.13675213675214
			8.2991452991453	-8.14529914529915
			8.2991452991453	-8.15384615384616
			8.30769230769231	-8.16239316239316
			8.30769230769231	-8.17094017094017
			8.30769230769231	-8.17948717948718
			8.31623931623932	-8.18803418803419
			8.31623931623932	-8.1965811965812
			8.31623931623932	-8.20512820512821
			8.32478632478633	-8.21367521367521
			8.32478632478633	-8.22222222222222
			8.32478632478633	-8.23076923076923
			8.33333333333333	-8.23931623931624
			8.33333333333333	-8.24786324786325
			8.33333333333333	-8.25641025641026
			8.34188034188034	-8.26495726495727
			8.34188034188034	-8.27350427350427
			8.34188034188034	-8.28205128205128
			8.35042735042735	-8.29059829059829
			8.35042735042735	-8.2991452991453
			8.35042735042735	-8.30769230769231
			8.35897435897436	-8.31623931623932
			8.35897435897436	-8.32478632478633
			8.35897435897436	-8.33333333333333
			8.36752136752137	-8.34188034188034
			8.36752136752137	-8.35042735042735
			8.36752136752137	-8.35897435897436
			8.37606837606838	-8.36752136752137
			8.37606837606838	-8.37606837606838
			8.37606837606838	-8.38461538461539
			8.37606837606838	-8.39316239316239
			8.38461538461539	-8.39316239316239
			8.38461538461539	-8.4017094017094
			8.38461538461539	-8.41025641025641
			8.38461538461539	-8.41880341880342
			8.39316239316239	-8.42735042735043
			8.39316239316239	-8.43589743589744
			8.39316239316239	-8.44444444444444
			8.39316239316239	-8.45299145299145
			8.4017094017094	-8.45299145299145
			8.4017094017094	-8.46153846153846
			8.4017094017094	-8.47008547008547
			8.4017094017094	-8.47863247863248
			8.41025641025641	-8.47863247863248
			8.41025641025641	-8.48717948717949
			8.41025641025641	-8.4957264957265
			8.41025641025641	-8.5042735042735
			8.41880341880342	-8.51282051282051
			8.41880341880342	-8.52136752136752
			8.41880341880342	-8.52991452991453
			8.42735042735043	-8.53846153846154
			8.42735042735043	-8.54700854700855
			8.42735042735043	-8.55555555555556
			8.43589743589744	-8.56410256410257
			8.43589743589744	-8.57264957264957
			8.43589743589744	-8.58119658119658
			8.43589743589744	-8.58974358974359
			8.44444444444444	-8.5982905982906
			8.44444444444444	-8.60683760683761
			8.44444444444444	-8.61538461538462
			8.45299145299145	-8.62393162393163
			8.45299145299145	-8.63247863247863
			8.45299145299145	-8.64102564102564
			8.46153846153846	-8.64957264957265
			8.46153846153846	-8.65811965811966
			8.46153846153846	-8.66666666666667
			8.46153846153846	-8.67521367521368
			8.47008547008547	-8.68376068376068
			8.47008547008547	-8.69230769230769
			8.47008547008547	-8.7008547008547
			8.47863247863248	-8.70940170940171
			8.47863247863248	-8.71794871794872
			8.47863247863248	-8.72649572649573
			8.47863247863248	-8.73504273504274
			8.48717948717949	-8.74358974358974
			8.48717948717949	-8.75213675213675
			8.48717948717949	-8.76068376068376
			8.4957264957265	-8.76923076923077
			8.4957264957265	-8.77777777777778
			8.4957264957265	-8.78632478632479
			8.5042735042735	-8.7948717948718
			8.5042735042735	-8.8034188034188
			8.5042735042735	-8.81196581196581
			8.5042735042735	-8.82051282051282
			8.51282051282051	-8.82905982905983
			8.51282051282051	-8.83760683760684
			8.51282051282051	-8.84615384615385
			8.52136752136752	-8.85470085470086
			8.52136752136752	-8.86324786324786
			8.52136752136752	-8.87179487179487
			8.52136752136752	-8.88034188034188
			8.52991452991453	-8.88888888888889
			8.52991452991453	-8.8974358974359
			8.52991452991453	-8.90598290598291
			8.53846153846154	-8.91452991452991
			8.53846153846154	-8.92307692307692
			8.53846153846154	-8.93162393162393
			8.54700854700855	-8.94017094017094
			8.54700854700855	-8.94871794871795
			8.54700854700855	-8.95726495726496
			8.54700854700855	-8.96581196581197
			8.55555555555556	-8.97435897435897
			8.55555555555556	-8.98290598290598
			8.55555555555556	-8.99145299145299
			8.56410256410257	-9
			8.56410256410257	-9.00854700854701
			8.56410256410257	-9.01709401709402
			8.57264957264957	-9.02564102564103
			8.57264957264957	-9.03418803418804
			8.57264957264957	-9.04273504273504
			8.58119658119658	-9.05128205128205
			8.58119658119658	-9.05982905982906
			8.58119658119658	-9.06837606837607
			8.58974358974359	-9.07692307692308
			8.58974358974359	-9.08547008547009
			8.58974358974359	-9.0940170940171
			8.58974358974359	-9.1025641025641
			8.5982905982906	-9.11111111111111
			8.5982905982906	-9.11965811965812
			8.5982905982906	-9.12820512820513
			8.60683760683761	-9.12820512820513
			8.60683760683761	-9.13675213675214
			8.60683760683761	-9.14529914529915
			8.60683760683761	-9.15384615384616
			8.61538461538462	-9.16239316239316
			8.61538461538462	-9.17094017094017
			8.61538461538462	-9.17948717948718
			8.61538461538462	-9.18803418803419
			8.62393162393163	-9.18803418803419
			8.62393162393163	-9.1965811965812
			8.62393162393163	-9.20512820512821
			8.62393162393163	-9.21367521367521
			8.63247863247863	-9.22222222222222
			8.63247863247863	-9.23076923076923
			8.63247863247863	-9.23931623931624
			8.64102564102564	-9.24786324786325
			8.64102564102564	-9.25641025641026
			8.64102564102564	-9.26495726495727
			8.64957264957265	-9.27350427350427
			8.64957264957265	-9.28205128205128
			8.64957264957265	-9.29059829059829
			8.64957264957265	-9.2991452991453
			8.65811965811966	-9.30769230769231
			8.65811965811966	-9.31623931623932
			8.65811965811966	-9.32478632478633
			8.66666666666667	-9.33333333333333
			8.66666666666667	-9.34188034188034
			8.66666666666667	-9.35042735042735
			8.66666666666667	-9.35897435897436
			8.66666666666667	-9.36752136752137
			8.67521367521368	-9.36752136752137
			8.67521367521368	-9.37606837606838
			8.67521367521368	-9.38461538461539
			8.67521367521368	-9.39316239316239
			8.67521367521368	-9.4017094017094
			8.68376068376068	-9.41025641025641
			8.68376068376068	-9.41880341880342
			8.68376068376068	-9.42735042735043
			8.68376068376068	-9.43589743589744
			8.69230769230769	-9.44444444444444
			8.69230769230769	-9.45299145299145
			8.69230769230769	-9.46153846153846
			8.69230769230769	-9.47008547008547
			8.69230769230769	-9.47863247863248
			8.7008547008547	-9.48717948717949
			8.7008547008547	-9.4957264957265
			8.7008547008547	-9.50427350427351
			8.7008547008547	-9.51282051282051
			8.7008547008547	-9.52136752136752
			8.70940170940171	-9.52991452991453
			8.70940170940171	-9.53846153846154
			8.70940170940171	-9.54700854700855
			8.70940170940171	-9.55555555555556
			8.70940170940171	-9.56410256410257
			8.70940170940171	-9.57264957264957
			8.70940170940171	-9.58119658119658
			8.71794871794872	-9.58974358974359
			8.71794871794872	-9.5982905982906
			8.71794871794872	-9.60683760683761
			8.71794871794872	-9.61538461538462
			8.71794871794872	-9.62393162393163
			8.71794871794872	-9.63247863247863
			8.71794871794872	-9.64102564102564
			8.71794871794872	-9.64957264957265
			8.71794871794872	-9.65811965811966
			8.71794871794872	-9.66666666666667
			8.71794871794872	-9.67521367521368
			8.71794871794872	-9.68376068376068
			8.71794871794872	-9.69230769230769
			8.71794871794872	-9.7008547008547
		</curveLM07>
		<curveLM08 type=matrix rownames=FALSE colnames=FALSE nrow=84 ncol=2 as.numeric=TRUE >
			8.71794871794872	-9.7008547008547
			8.71794871794872	-9.70940170940171
			8.70940170940171	-9.70940170940171
			8.7008547008547	-9.70940170940171
			8.69230769230769	-9.70940170940171
			8.68376068376068	-9.7008547008547
			8.67521367521368	-9.7008547008547
			8.66666666666667	-9.7008547008547
			8.65811965811966	-9.69230769230769
			8.64957264957265	-9.69230769230769
			8.64102564102564	-9.68376068376068
			8.63247863247863	-9.68376068376068
			8.62393162393163	-9.67521367521368
			8.61538461538462	-9.67521367521368
			8.60683760683761	-9.67521367521368
			8.5982905982906	-9.66666666666667
			8.58974358974359	-9.65811965811966
			8.58119658119658	-9.65811965811966
			8.57264957264957	-9.64957264957265
			8.56410256410257	-9.64957264957265
			8.55555555555556	-9.64102564102564
			8.54700854700855	-9.64102564102564
			8.53846153846154	-9.64102564102564
			8.52991452991453	-9.63247863247863
			8.52136752136752	-9.62393162393163
			8.51282051282051	-9.62393162393163
			8.5042735042735	-9.61538461538462
			8.4957264957265	-9.61538461538462
			8.48717948717949	-9.60683760683761
			8.47863247863248	-9.60683760683761
			8.47008547008547	-9.5982905982906
			8.46153846153846	-9.58974358974359
			8.45299145299145	-9.58974358974359
			8.44444444444444	-9.58119658119658
			8.43589743589744	-9.58119658119658
			8.42735042735043	-9.57264957264957
			8.41880341880342	-9.57264957264957
			8.41025641025641	-9.56410256410257
			8.4017094017094	-9.55555555555556
			8.39316239316239	-9.55555555555556
			8.38461538461539	-9.54700854700855
			8.37606837606838	-9.54700854700855
			8.36752136752137	-9.53846153846154
			8.35897435897436	-9.52991452991453
			8.35042735042735	-9.52991452991453
			8.34188034188034	-9.52136752136752
			8.33333333333333	-9.52136752136752
			8.32478632478633	-9.51282051282051
			8.31623931623932	-9.51282051282051
			8.30769230769231	-9.50427350427351
			8.2991452991453	-9.4957264957265
			8.29059829059829	-9.4957264957265
			8.28205128205128	-9.48717948717949
			8.27350427350427	-9.48717948717949
			8.27350427350427	-9.47863247863248
			8.26495726495727	-9.47863247863248
			8.25641025641026	-9.47863247863248
			8.24786324786325	-9.47008547008547
			8.23931623931624	-9.46153846153846
			8.23076923076923	-9.46153846153846
			8.22222222222222	-9.45299145299145
			8.21367521367521	-9.44444444444444
			8.20512820512821	-9.44444444444444
			8.1965811965812	-9.43589743589744
			8.18803418803419	-9.43589743589744
			8.17948717948718	-9.42735042735043
			8.17094017094017	-9.41880341880342
			8.16239316239316	-9.41880341880342
			8.15384615384616	-9.41025641025641
			8.14529914529915	-9.41025641025641
			8.14529914529915	-9.4017094017094
			8.13675213675214	-9.4017094017094
			8.12820512820513	-9.4017094017094
			8.12820512820513	-9.39316239316239
			8.11965811965812	-9.39316239316239
			8.11111111111111	-9.38461538461539
			8.1025641025641	-9.38461538461539
			8.0940170940171	-9.37606837606838
			8.08547008547009	-9.37606837606838
			8.07692307692308	-9.36752136752137
			8.06837606837607	-9.36752136752137
			8.06837606837607	-9.35897435897436
			8.05982905982906	-9.35042735042735
			8.05128205128205	-9.35042735042735
		</curveLM08>
		<curveLM09 type=matrix rownames=FALSE colnames=FALSE nrow=116 ncol=2 as.numeric=TRUE >
			8.05128205128205	-9.35042735042735
			8.05128205128205	-9.35897435897436
			8.04273504273504	-9.35897435897436
			8.04273504273504	-9.36752136752137
			8.04273504273504	-9.37606837606838
			8.03418803418804	-9.38461538461539
			8.03418803418804	-9.39316239316239
			8.02564102564103	-9.4017094017094
			8.02564102564103	-9.41025641025641
			8.02564102564103	-9.41880341880342
			8.01709401709402	-9.42735042735043
			8.01709401709402	-9.43589743589744
			8.01709401709402	-9.44444444444444
			8.00854700854701	-9.45299145299145
			8.00854700854701	-9.46153846153846
			8.00854700854701	-9.47008547008547
			8	-9.47863247863248
			8	-9.48717948717949
			8	-9.4957264957265
			7.99145299145299	-9.50427350427351
			7.99145299145299	-9.51282051282051
			7.99145299145299	-9.52136752136752
			7.99145299145299	-9.52991452991453
			7.99145299145299	-9.53846153846154
			7.98290598290598	-9.54700854700855
			7.98290598290598	-9.55555555555556
			7.98290598290598	-9.56410256410257
			7.98290598290598	-9.57264957264957
			7.97435897435898	-9.58119658119658
			7.97435897435898	-9.58974358974359
			7.97435897435898	-9.5982905982906
			7.97435897435898	-9.60683760683761
			7.97435897435898	-9.61538461538462
			7.96581196581197	-9.62393162393163
			7.96581196581197	-9.63247863247863
			7.96581196581197	-9.64102564102564
			7.96581196581197	-9.64957264957265
			7.96581196581197	-9.65811965811966
			7.95726495726496	-9.66666666666667
			7.95726495726496	-9.67521367521368
			7.95726495726496	-9.68376068376068
			7.95726495726496	-9.69230769230769
			7.95726495726496	-9.7008547008547
			7.95726495726496	-9.70940170940171
			7.94871794871795	-9.71794871794872
			7.94871794871795	-9.72649572649573
			7.94871794871795	-9.73504273504274
			7.94871794871795	-9.74358974358974
			7.94871794871795	-9.75213675213675
			7.94871794871795	-9.76068376068376
			7.94871794871795	-9.76923076923077
			7.94017094017094	-9.77777777777778
			7.94017094017094	-9.78632478632479
			7.94017094017094	-9.7948717948718
			7.94017094017094	-9.8034188034188
			7.94017094017094	-9.81196581196581
			7.94017094017094	-9.82051282051282
			7.94017094017094	-9.82905982905983
			7.93162393162393	-9.83760683760684
			7.93162393162393	-9.84615384615385
			7.93162393162393	-9.85470085470086
			7.93162393162393	-9.86324786324786
			7.93162393162393	-9.87179487179487
			7.93162393162393	-9.88034188034188
			7.93162393162393	-9.88888888888889
			7.92307692307692	-9.8974358974359
			7.92307692307692	-9.90598290598291
			7.92307692307692	-9.91452991452991
			7.92307692307692	-9.92307692307692
			7.92307692307692	-9.93162393162393
			7.91452991452992	-9.94017094017094
			7.91452991452992	-9.94871794871795
			7.91452991452992	-9.95726495726496
			7.90598290598291	-9.96581196581197
			7.90598290598291	-9.97435897435898
			7.90598290598291	-9.98290598290598
			7.90598290598291	-9.99145299145299
			7.8974358974359	-10
			7.8974358974359	-10.008547008547
			7.8974358974359	-10.017094017094
			7.8974358974359	-10.025641025641
			7.88888888888889	-10.025641025641
			7.88888888888889	-10.034188034188
			7.88888888888889	-10.042735042735
			7.88034188034188	-10.0512820512821
			7.88034188034188	-10.0598290598291
			7.87179487179487	-10.0683760683761
			7.87179487179487	-10.0769230769231
			7.87179487179487	-10.0854700854701
			7.86324786324786	-10.0940170940171
			7.86324786324786	-10.1025641025641
			7.85470085470086	-10.1025641025641
			7.85470085470086	-10.1111111111111
			7.85470085470086	-10.1196581196581
			7.84615384615385	-10.1282051282051
			7.83760683760684	-10.1367521367521
			7.82905982905983	-10.1452991452991
			7.82905982905983	-10.1538461538462
			7.82051282051282	-10.1623931623932
			7.81196581196581	-10.1709401709402
			7.8034188034188	-10.1794871794872
			7.7948717948718	-10.1880341880342
			7.78632478632479	-10.1965811965812
			7.77777777777778	-10.1965811965812
			7.76923076923077	-10.2051282051282
			7.76068376068376	-10.2051282051282
			7.76068376068376	-10.2136752136752
			7.75213675213675	-10.2136752136752
			7.74358974358974	-10.2136752136752
			7.73504273504274	-10.2222222222222
			7.72649572649573	-10.2222222222222
			7.71794871794872	-10.2222222222222
			7.70940170940171	-10.2222222222222
			7.7008547008547	-10.2222222222222
			7.69230769230769	-10.2222222222222
			7.68376068376068	-10.2222222222222
		</curveLM09>
		<curveLM10 type=matrix rownames=FALSE colnames=FALSE nrow=106 ncol=2 as.numeric=TRUE >
			7.68376068376068	-10.2222222222222
			7.67521367521368	-10.2222222222222
			7.66666666666667	-10.2136752136752
			7.65811965811966	-10.2136752136752
			7.64957264957265	-10.2051282051282
			7.64102564102564	-10.2051282051282
			7.63247863247863	-10.1965811965812
			7.63247863247863	-10.1880341880342
			7.62393162393162	-10.1794871794872
			7.61538461538462	-10.1709401709402
			7.60683760683761	-10.1623931623932
			7.60683760683761	-10.1538461538462
			7.5982905982906	-10.1452991452991
			7.5982905982906	-10.1367521367521
			7.58974358974359	-10.1282051282051
			7.58974358974359	-10.1196581196581
			7.58119658119658	-10.1111111111111
			7.58119658119658	-10.1025641025641
			7.57264957264957	-10.0940170940171
			7.57264957264957	-10.0854700854701
			7.57264957264957	-10.0769230769231
			7.56410256410256	-10.0683760683761
			7.56410256410256	-10.0598290598291
			7.55555555555556	-10.0512820512821
			7.55555555555556	-10.042735042735
			7.55555555555556	-10.034188034188
			7.54700854700855	-10.025641025641
			7.54700854700855	-10.017094017094
			7.54700854700855	-10.008547008547
			7.53846153846154	-10
			7.53846153846154	-9.99145299145299
			7.53846153846154	-9.98290598290598
			7.53846153846154	-9.97435897435898
			7.52991452991453	-9.96581196581197
			7.52991452991453	-9.95726495726496
			7.52991452991453	-9.94871794871795
			7.52136752136752	-9.94017094017094
			7.52136752136752	-9.93162393162393
			7.52136752136752	-9.92307692307692
			7.52136752136752	-9.91452991452991
			7.51282051282051	-9.90598290598291
			7.51282051282051	-9.8974358974359
			7.51282051282051	-9.88888888888889
			7.51282051282051	-9.88034188034188
			7.50427350427351	-9.87179487179487
			7.50427350427351	-9.86324786324786
			7.50427350427351	-9.85470085470086
			7.50427350427351	-9.84615384615385
			7.50427350427351	-9.83760683760684
			7.4957264957265	-9.82905982905983
			7.4957264957265	-9.82051282051282
			7.4957264957265	-9.81196581196581
			7.4957264957265	-9.8034188034188
			7.4957264957265	-9.7948717948718
			7.48717948717949	-9.78632478632479
			7.48717948717949	-9.77777777777778
			7.48717948717949	-9.76923076923077
			7.48717948717949	-9.76068376068376
			7.47863247863248	-9.75213675213675
			7.47863247863248	-9.74358974358974
			7.47863247863248	-9.73504273504274
			7.47863247863248	-9.72649572649573
			7.47863247863248	-9.71794871794872
			7.47008547008547	-9.70940170940171
			7.47008547008547	-9.7008547008547
			7.47008547008547	-9.69230769230769
			7.47008547008547	-9.68376068376068
			7.47008547008547	-9.67521367521368
			7.47008547008547	-9.66666666666667
			7.46153846153846	-9.65811965811966
			7.46153846153846	-9.64957264957265
			7.46153846153846	-9.64102564102564
			7.46153846153846	-9.63247863247863
			7.46153846153846	-9.62393162393163
			7.46153846153846	-9.61538461538462
			7.45299145299145	-9.60683760683761
			7.45299145299145	-9.5982905982906
			7.45299145299145	-9.58974358974359
			7.45299145299145	-9.58119658119658
			7.45299145299145	-9.57264957264957
			7.45299145299145	-9.56410256410257
			7.44444444444445	-9.55555555555556
			7.44444444444445	-9.54700854700855
			7.44444444444445	-9.53846153846154
			7.44444444444445	-9.52991452991453
			7.44444444444445	-9.52136752136752
			7.44444444444445	-9.51282051282051
			7.44444444444445	-9.50427350427351
			7.43589743589744	-9.4957264957265
			7.43589743589744	-9.48717948717949
			7.43589743589744	-9.47863247863248
			7.43589743589744	-9.47008547008547
			7.43589743589744	-9.46153846153846
			7.43589743589744	-9.45299145299145
			7.42735042735043	-9.44444444444444
			7.42735042735043	-9.43589743589744
			7.42735042735043	-9.42735042735043
			7.42735042735043	-9.41880341880342
			7.42735042735043	-9.41025641025641
			7.42735042735043	-9.4017094017094
			7.42735042735043	-9.39316239316239
			7.42735042735043	-9.38461538461539
			7.41880341880342	-9.37606837606838
			7.41880341880342	-9.36752136752137
			7.41880341880342	-9.35897435897436
			7.41880341880342	-9.35042735042735
		</curveLM10>
		<curveLM11 type=matrix rownames=FALSE colnames=FALSE nrow=87 ncol=2 as.numeric=TRUE >
			7.41880341880342	-9.35042735042735
			7.41025641025641	-9.35042735042735
			7.4017094017094	-9.35042735042735
			7.39316239316239	-9.35042735042735
			7.38461538461539	-9.35042735042735
			7.37606837606838	-9.35897435897436
			7.36752136752137	-9.35897435897436
			7.35897435897436	-9.35897435897436
			7.35042735042735	-9.35897435897436
			7.34188034188034	-9.36752136752137
			7.33333333333333	-9.36752136752137
			7.32478632478633	-9.37606837606838
			7.31623931623932	-9.37606837606838
			7.30769230769231	-9.38461538461539
			7.2991452991453	-9.39316239316239
			7.29059829059829	-9.39316239316239
			7.28205128205128	-9.4017094017094
			7.27350427350427	-9.41025641025641
			7.26495726495727	-9.41025641025641
			7.25641025641026	-9.41880341880342
			7.24786324786325	-9.41880341880342
			7.23931623931624	-9.42735042735043
			7.23076923076923	-9.43589743589744
			7.22222222222222	-9.43589743589744
			7.21367521367521	-9.44444444444444
			7.20512820512821	-9.45299145299145
			7.1965811965812	-9.46153846153846
			7.18803418803419	-9.46153846153846
			7.17948717948718	-9.47008547008547
			7.17094017094017	-9.47863247863248
			7.16239316239316	-9.48717948717949
			7.15384615384615	-9.48717948717949
			7.14529914529915	-9.4957264957265
			7.13675213675214	-9.4957264957265
			7.13675213675214	-9.50427350427351
			7.12820512820513	-9.51282051282051
			7.11965811965812	-9.51282051282051
			7.11965811965812	-9.52136752136752
			7.11111111111111	-9.52136752136752
			7.1025641025641	-9.52991452991453
			7.09401709401709	-9.52991452991453
			7.09401709401709	-9.53846153846154
			7.08547008547009	-9.54700854700855
			7.07692307692308	-9.54700854700855
			7.06837606837607	-9.55555555555556
			7.06837606837607	-9.56410256410257
			7.05982905982906	-9.56410256410257
			7.05128205128205	-9.57264957264957
			7.04273504273504	-9.58119658119658
			7.03418803418803	-9.58974358974359
			7.02564102564103	-9.5982905982906
			7.01709401709402	-9.60683760683761
			7.00854700854701	-9.60683760683761
			7	-9.61538461538462
			6.99145299145299	-9.62393162393163
			6.98290598290598	-9.63247863247863
			6.97435897435898	-9.64102564102564
			6.96581196581197	-9.64957264957265
			6.95726495726496	-9.65811965811966
			6.94871794871795	-9.65811965811966
			6.94017094017094	-9.66666666666667
			6.93162393162393	-9.66666666666667
			6.93162393162393	-9.67521367521368
			6.92307692307692	-9.67521367521368
			6.91452991452991	-9.68376068376068
			6.90598290598291	-9.69230769230769
			6.8974358974359	-9.7008547008547
			6.88888888888889	-9.7008547008547
			6.88034188034188	-9.70940170940171
			6.87179487179487	-9.70940170940171
			6.86324786324786	-9.71794871794872
			6.85470085470086	-9.72649572649573
			6.84615384615385	-9.72649572649573
			6.83760683760684	-9.73504273504274
			6.82905982905983	-9.74358974358974
			6.82051282051282	-9.74358974358974
			6.81196581196581	-9.74358974358974
			6.8034188034188	-9.75213675213675
			6.7948717948718	-9.75213675213675
			6.78632478632479	-9.75213675213675
			6.77777777777778	-9.76068376068376
			6.76923076923077	-9.76068376068376
			6.76068376068376	-9.76068376068376
			6.75213675213675	-9.76068376068376
			6.74358974358974	-9.75213675213675
			6.73504273504274	-9.75213675213675
			6.72649572649573	-9.74358974358974
		</curveLM11>
		<curveLM12 type=matrix rownames=FALSE colnames=FALSE nrow=364 ncol=2 as.numeric=TRUE >
			6.72649572649573	-9.74358974358974
			6.71794871794872	-9.73504273504274
			6.71794871794872	-9.72649572649573
			6.70940170940171	-9.71794871794872
			6.70940170940171	-9.70940170940171
			6.70940170940171	-9.7008547008547
			6.70940170940171	-9.69230769230769
			6.70940170940171	-9.68376068376068
			6.70940170940171	-9.67521367521368
			6.70940170940171	-9.66666666666667
			6.70940170940171	-9.65811965811966
			6.70940170940171	-9.64957264957265
			6.70940170940171	-9.64102564102564
			6.70940170940171	-9.63247863247863
			6.71794871794872	-9.62393162393163
			6.71794871794872	-9.61538461538462
			6.71794871794872	-9.60683760683761
			6.71794871794872	-9.5982905982906
			6.71794871794872	-9.58974358974359
			6.71794871794872	-9.58119658119658
			6.72649572649573	-9.57264957264957
			6.72649572649573	-9.56410256410257
			6.72649572649573	-9.55555555555556
			6.72649572649573	-9.54700854700855
			6.72649572649573	-9.53846153846154
			6.72649572649573	-9.52991452991453
			6.73504273504274	-9.52136752136752
			6.73504273504274	-9.51282051282051
			6.73504273504274	-9.50427350427351
			6.73504273504274	-9.4957264957265
			6.73504273504274	-9.48717948717949
			6.74358974358974	-9.47863247863248
			6.74358974358974	-9.47008547008547
			6.74358974358974	-9.46153846153846
			6.74358974358974	-9.45299145299145
			6.75213675213675	-9.44444444444444
			6.75213675213675	-9.43589743589744
			6.75213675213675	-9.42735042735043
			6.75213675213675	-9.41880341880342
			6.75213675213675	-9.41025641025641
			6.76068376068376	-9.41025641025641
			6.76068376068376	-9.4017094017094
			6.76068376068376	-9.39316239316239
			6.76068376068376	-9.38461538461539
			6.76068376068376	-9.37606837606838
			6.76923076923077	-9.36752136752137
			6.76923076923077	-9.35897435897436
			6.76923076923077	-9.35042735042735
			6.76923076923077	-9.34188034188034
			6.77777777777778	-9.33333333333333
			6.77777777777778	-9.32478632478633
			6.77777777777778	-9.31623931623932
			6.77777777777778	-9.30769230769231
			6.78632478632479	-9.2991452991453
			6.78632478632479	-9.29059829059829
			6.78632478632479	-9.28205128205128
			6.78632478632479	-9.27350427350427
			6.7948717948718	-9.26495726495727
			6.7948717948718	-9.25641025641026
			6.7948717948718	-9.24786324786325
			6.8034188034188	-9.23931623931624
			6.8034188034188	-9.23076923076923
			6.8034188034188	-9.22222222222222
			6.8034188034188	-9.21367521367521
			6.81196581196581	-9.20512820512821
			6.81196581196581	-9.1965811965812
			6.81196581196581	-9.18803418803419
			6.81196581196581	-9.17948717948718
			6.82051282051282	-9.17094017094017
			6.82051282051282	-9.16239316239316
			6.82051282051282	-9.15384615384616
			6.82905982905983	-9.14529914529915
			6.82905982905983	-9.13675213675214
			6.82905982905983	-9.12820512820513
			6.83760683760684	-9.11965811965812
			6.83760683760684	-9.11111111111111
			6.83760683760684	-9.1025641025641
			6.83760683760684	-9.0940170940171
			6.83760683760684	-9.08547008547009
			6.84615384615385	-9.08547008547009
			6.84615384615385	-9.07692307692308
			6.84615384615385	-9.06837606837607
			6.84615384615385	-9.05982905982906
			6.85470085470086	-9.05128205128205
			6.85470085470086	-9.04273504273504
			6.85470085470086	-9.03418803418804
			6.85470085470086	-9.02564102564103
			6.86324786324786	-9.02564102564103
			6.86324786324786	-9.01709401709402
			6.86324786324786	-9.00854700854701
			6.86324786324786	-9
			6.87179487179487	-8.99145299145299
			6.87179487179487	-8.98290598290598
			6.87179487179487	-8.97435897435897
			6.88034188034188	-8.96581196581197
			6.88034188034188	-8.95726495726496
			6.88034188034188	-8.94871794871795
			6.88888888888889	-8.94017094017094
			6.88888888888889	-8.93162393162393
			6.88888888888889	-8.92307692307692
			6.8974358974359	-8.91452991452991
			6.8974358974359	-8.90598290598291
			6.8974358974359	-8.8974358974359
			6.8974358974359	-8.88888888888889
			6.90598290598291	-8.88034188034188
			6.90598290598291	-8.87179487179487
			6.90598290598291	-8.86324786324786
			6.90598290598291	-8.85470085470086
			6.91452991452991	-8.85470085470086
			6.91452991452991	-8.84615384615385
			6.91452991452991	-8.83760683760684
			6.91452991452991	-8.82905982905983
			6.92307692307692	-8.82051282051282
			6.92307692307692	-8.81196581196581
			6.92307692307692	-8.8034188034188
			6.93162393162393	-8.7948717948718
			6.93162393162393	-8.78632478632479
			6.93162393162393	-8.77777777777778
			6.94017094017094	-8.76923076923077
			6.94017094017094	-8.76068376068376
			6.94017094017094	-8.75213675213675
			6.94017094017094	-8.74358974358974
			6.94871794871795	-8.73504273504274
			6.94871794871795	-8.72649572649573
			6.94871794871795	-8.71794871794872
			6.95726495726496	-8.71794871794872
			6.95726495726496	-8.70940170940171
			6.95726495726496	-8.7008547008547
			6.95726495726496	-8.69230769230769
			6.96581196581197	-8.68376068376068
			6.96581196581197	-8.67521367521368
			6.96581196581197	-8.66666666666667
			6.96581196581197	-8.65811965811966
			6.97435897435898	-8.64957264957265
			6.97435897435898	-8.64102564102564
			6.98290598290598	-8.63247863247863
			6.98290598290598	-8.62393162393163
			6.98290598290598	-8.61538461538462
			6.98290598290598	-8.60683760683761
			6.99145299145299	-8.5982905982906
			6.99145299145299	-8.58974358974359
			6.99145299145299	-8.58119658119658
			7	-8.57264957264957
			7	-8.56410256410257
			7	-8.55555555555556
			7	-8.54700854700855
			7.00854700854701	-8.53846153846154
			7.00854700854701	-8.52991452991453
			7.00854700854701	-8.52136752136752
			7.01709401709402	-8.51282051282051
			7.01709401709402	-8.5042735042735
			7.01709401709402	-8.4957264957265
			7.02564102564103	-8.48717948717949
			7.02564102564103	-8.47863247863248
			7.02564102564103	-8.47008547008547
			7.03418803418803	-8.46153846153846
			7.03418803418803	-8.45299145299145
			7.03418803418803	-8.44444444444444
			7.03418803418803	-8.43589743589744
			7.04273504273504	-8.42735042735043
			7.04273504273504	-8.41880341880342
			7.04273504273504	-8.41025641025641
			7.05128205128205	-8.4017094017094
			7.05128205128205	-8.39316239316239
			7.05128205128205	-8.38461538461539
			7.05982905982906	-8.37606837606838
			7.05982905982906	-8.36752136752137
			7.05982905982906	-8.35897435897436
			7.06837606837607	-8.35042735042735
			7.06837606837607	-8.34188034188034
			7.06837606837607	-8.33333333333333
			7.07692307692308	-8.32478632478633
			7.07692307692308	-8.31623931623932
			7.07692307692308	-8.30769230769231
			7.08547008547009	-8.2991452991453
			7.08547008547009	-8.29059829059829
			7.08547008547009	-8.28205128205128
			7.08547008547009	-8.27350427350427
			7.09401709401709	-8.27350427350427
			7.09401709401709	-8.26495726495727
			7.09401709401709	-8.25641025641026
			7.09401709401709	-8.24786324786325
			7.1025641025641	-8.23931623931624
			7.1025641025641	-8.23076923076923
			7.1025641025641	-8.22222222222222
			7.11111111111111	-8.21367521367521
			7.11111111111111	-8.20512820512821
			7.11111111111111	-8.1965811965812
			7.11965811965812	-8.18803418803419
			7.11965811965812	-8.17948717948718
			7.11965811965812	-8.17094017094017
			7.12820512820513	-8.16239316239316
			7.12820512820513	-8.15384615384616
			7.12820512820513	-8.14529914529915
			7.13675213675214	-8.13675213675214
			7.13675213675214	-8.12820512820513
			7.13675213675214	-8.11965811965812
			7.14529914529915	-8.11111111111111
			7.14529914529915	-8.1025641025641
			7.14529914529915	-8.0940170940171
			7.15384615384615	-8.08547008547009
			7.15384615384615	-8.07692307692308
			7.15384615384615	-8.06837606837607
			7.16239316239316	-8.05982905982906
			7.16239316239316	-8.05128205128205
			7.16239316239316	-8.04273504273504
			7.17094017094017	-8.03418803418804
			7.17094017094017	-8.02564102564103
			7.17094017094017	-8.01709401709402
			7.17948717948718	-8.00854700854701
			7.17948717948718	-8
			7.17948717948718	-7.99145299145299
			7.18803418803419	-7.98290598290598
			7.18803418803419	-7.97435897435898
			7.18803418803419	-7.96581196581197
			7.1965811965812	-7.95726495726496
			7.1965811965812	-7.94871794871795
			7.1965811965812	-7.94017094017094
			7.20512820512821	-7.93162393162393
			7.20512820512821	-7.92307692307692
			7.21367521367521	-7.91452991452992
			7.21367521367521	-7.90598290598291
			7.21367521367521	-7.8974358974359
			7.22222222222222	-7.88888888888889
			7.22222222222222	-7.88034188034188
			7.22222222222222	-7.87179487179487
			7.23076923076923	-7.86324786324786
			7.23076923076923	-7.85470085470086
			7.23076923076923	-7.84615384615385
			7.23931623931624	-7.83760683760684
			7.23931623931624	-7.82905982905983
			7.23931623931624	-7.82051282051282
			7.24786324786325	-7.81196581196581
			7.24786324786325	-7.8034188034188
			7.24786324786325	-7.7948717948718
			7.25641025641026	-7.78632478632479
			7.25641025641026	-7.77777777777778
			7.25641025641026	-7.76923076923077
			7.26495726495727	-7.76068376068376
			7.26495726495727	-7.75213675213675
			7.26495726495727	-7.74358974358974
			7.27350427350427	-7.73504273504274
			7.27350427350427	-7.72649572649573
			7.28205128205128	-7.71794871794872
			7.28205128205128	-7.70940170940171
			7.28205128205128	-7.7008547008547
			7.29059829059829	-7.69230769230769
			7.29059829059829	-7.68376068376068
			7.2991452991453	-7.67521367521368
			7.2991452991453	-7.66666666666667
			7.2991452991453	-7.65811965811966
			7.2991452991453	-7.64957264957265
			7.30769230769231	-7.64957264957265
			7.30769230769231	-7.64102564102564
			7.30769230769231	-7.63247863247863
			7.31623931623932	-7.62393162393162
			7.31623931623932	-7.61538461538462
			7.31623931623932	-7.60683760683761
			7.32478632478633	-7.5982905982906
			7.32478632478633	-7.58974358974359
			7.32478632478633	-7.58119658119658
			7.33333333333333	-7.58119658119658
			7.33333333333333	-7.57264957264957
			7.33333333333333	-7.56410256410256
			7.34188034188034	-7.55555555555556
			7.34188034188034	-7.54700854700855
			7.34188034188034	-7.53846153846154
			7.35042735042735	-7.52991452991453
			7.35042735042735	-7.52136752136752
			7.35897435897436	-7.51282051282051
			7.35897435897436	-7.50427350427351
			7.35897435897436	-7.4957264957265
			7.36752136752137	-7.48717948717949
			7.36752136752137	-7.47863247863248
			7.37606837606838	-7.47008547008547
			7.37606837606838	-7.46153846153846
			7.37606837606838	-7.45299145299145
			7.38461538461539	-7.44444444444445
			7.38461538461539	-7.43589743589744
			7.39316239316239	-7.42735042735043
			7.39316239316239	-7.41880341880342
			7.39316239316239	-7.41025641025641
			7.39316239316239	-7.4017094017094
			7.4017094017094	-7.4017094017094
			7.4017094017094	-7.39316239316239
			7.4017094017094	-7.38461538461539
			7.41025641025641	-7.37606837606838
			7.41025641025641	-7.36752136752137
			7.41880341880342	-7.35897435897436
			7.41880341880342	-7.35042735042735
			7.42735042735043	-7.34188034188034
			7.42735042735043	-7.33333333333333
			7.42735042735043	-7.32478632478633
			7.43589743589744	-7.31623931623932
			7.43589743589744	-7.30769230769231
			7.43589743589744	-7.2991452991453
			7.44444444444445	-7.2991452991453
			7.44444444444445	-7.29059829059829
			7.44444444444445	-7.28205128205128
			7.45299145299145	-7.27350427350427
			7.45299145299145	-7.26495726495727
			7.45299145299145	-7.25641025641026
			7.46153846153846	-7.25641025641026
			7.46153846153846	-7.24786324786325
			7.47008547008547	-7.23931623931624
			7.47008547008547	-7.23076923076923
			7.47008547008547	-7.22222222222222
			7.47863247863248	-7.21367521367521
			7.47863247863248	-7.20512820512821
			7.48717948717949	-7.1965811965812
			7.48717948717949	-7.18803418803419
			7.4957264957265	-7.17948717948718
			7.4957264957265	-7.17094017094017
			7.4957264957265	-7.16239316239316
			7.50427350427351	-7.15384615384615
			7.50427350427351	-7.14529914529915
			7.51282051282051	-7.13675213675214
			7.51282051282051	-7.12820512820513
			7.51282051282051	-7.11965811965812
			7.52136752136752	-7.11111111111111
			7.52991452991453	-7.1025641025641
			7.52991452991453	-7.09401709401709
			7.53846153846154	-7.08547008547009
			7.53846153846154	-7.07692307692308
			7.53846153846154	-7.06837606837607
			7.54700854700855	-7.05982905982906
			7.54700854700855	-7.05128205128205
			7.55555555555556	-7.04273504273504
			7.55555555555556	-7.03418803418803
			7.56410256410256	-7.02564102564103
			7.56410256410256	-7.01709401709402
			7.57264957264957	-7.00854700854701
			7.57264957264957	-7
			7.58119658119658	-6.99145299145299
			7.58119658119658	-6.98290598290598
			7.58974358974359	-6.97435897435898
			7.58974358974359	-6.96581196581197
			7.5982905982906	-6.95726495726496
			7.5982905982906	-6.94871794871795
			7.60683760683761	-6.94017094017094
			7.60683760683761	-6.93162393162393
			7.61538461538462	-6.92307692307692
			7.61538461538462	-6.91452991452991
			7.62393162393162	-6.90598290598291
			7.62393162393162	-6.8974358974359
			7.63247863247863	-6.88888888888889
			7.63247863247863	-6.88034188034188
			7.64102564102564	-6.87179487179487
			7.64102564102564	-6.86324786324786
			7.64957264957265	-6.85470085470086
			7.64957264957265	-6.84615384615385
			7.65811965811966	-6.83760683760684
			7.65811965811966	-6.82905982905983
			7.66666666666667	-6.82051282051282
			7.66666666666667	-6.81196581196581
			7.67521367521368	-6.8034188034188
			7.67521367521368	-6.7948717948718
			7.68376068376068	-6.7948717948718
			7.68376068376068	-6.78632478632479
			7.69230769230769	-6.77777777777778
			7.69230769230769	-6.76923076923077
			7.7008547008547	-6.76068376068376
			7.7008547008547	-6.75213675213675
			7.70940170940171	-6.74358974358974
		</curveLM12>
	</curves.scaled>
	<ruler.points type=matrix rownames=TRUE colnames=FALSE nrow=5 ncol=2 as.numeric=TRUE >
		Ruler point 1	434	1409
		Ruler point 2	551	1409
		Ruler point 3	668	1409
		Ruler point 4	785	1409
		Ruler point 5	903	1409
	</ruler.points>
</shapes>

