<shapes type=list>
	<ruler.pixel type=vector names=FALSE length=1 as.numeric=TRUE >117.258998051514</ruler.pixel>
	<ruler.interval type=vector names=FALSE length=1 as.numeric=TRUE >1</ruler.interval>
	<scaling.units type=vector names=FALSE length=1 as.numeric=FALSE >cm</scaling.units>
	<scaling type=vector names=FALSE length=1 as.numeric=TRUE >0.00852813017863824</scaling>
	<landmarks.pixel type=matrix rownames=TRUE colnames=FALSE nrow=6 ncol=2 as.numeric=TRUE >
		LM01	676	340
		LM02	730	536
		LM03	705	551
		LM04	674	601
		LM05	646	555
		LM06	627	545
	</landmarks.pixel>
	<landmarks.scaled type=matrix rownames=TRUE colnames=FALSE nrow=6 ncol=2 as.numeric=TRUE >
		LM01	5.76501600075945	-2.899564260737
		LM02	6.22553503040591	-4.57107777575009
		LM03	6.01233177593996	-4.69899972842967
		LM04	5.74795974040217	-5.12540623736158
		LM05	5.5091720954003	-4.73311224914422
		LM06	5.34713762200617	-4.64783094735784
	</landmarks.scaled>
	<curves.control type=list>
		<curveLM07 type=matrix rownames=FALSE colnames=FALSE nrow=9 ncol=2 as.numeric=TRUE >
			676	340
			683	343
			701	387
			714	416
			717	502
			719	518
			724	521
			729	525
			730	536
		</curveLM07>
		<curveLM08 type=matrix rownames=FALSE colnames=FALSE nrow=5 ncol=2 as.numeric=TRUE >
			730	536
			726	546
			721	549
			712	549
			705	551
		</curveLM08>
		<curveLM09 type=matrix rownames=FALSE colnames=FALSE nrow=5 ncol=2 as.numeric=TRUE >
			705	551
			698	596
			690	597
			684	602
			674	601
		</curveLM09>
		<curveLM10 type=matrix rownames=FALSE colnames=FALSE nrow=5 ncol=2 as.numeric=TRUE >
			674	601
			657	605
			649	581
			648	570
			646	555
		</curveLM10>
		<curveLM11 type=matrix rownames=FALSE colnames=FALSE nrow=3 ncol=2 as.numeric=TRUE >
			646	555
			631	549
			627	545
		</curveLM11>
		<curveLM12 type=matrix rownames=FALSE colnames=FALSE nrow=9 ncol=2 as.numeric=TRUE >
			627	545
			616	523
			617	506
			629	486
			627	455
			644	401
			663	356
			667	340
			676	340
		</curveLM12>
	</curves.control>
	<curves.pixel type=list>
		<curveLM07 type=matrix rownames=FALSE colnames=FALSE nrow=204 ncol=2 as.numeric=TRUE >
			676	340
			677	340
			677	341
			678	341
			678	342
			679	343
			680	344
			681	345
			681	346
			682	347
			683	348
			684	349
			684	350
			685	351
			685	352
			686	353
			686	354
			687	355
			687	356
			687	357
			688	357
			688	358
			689	359
			689	360
			690	361
			690	362
			691	363
			691	364
			692	365
			692	366
			693	367
			693	368
			693	369
			694	370
			694	371
			695	372
			695	373
			696	374
			696	375
			696	376
			697	377
			697	378
			698	379
			698	380
			698	381
			699	382
			699	383
			700	384
			700	385
			701	386
			701	387
			701	388
			702	388
			702	389
			702	390
			702	391
			703	391
			703	392
			703	393
			704	394
			704	395
			704	396
			705	397
			705	398
			705	399
			705	400
			706	400
			706	401
			706	402
			706	403
			707	404
			707	405
			707	406
			707	407
			708	408
			708	409
			708	410
			708	411
			708	412
			709	413
			709	414
			709	415
			709	416
			709	417
			710	418
			710	419
			710	420
			710	421
			710	422
			710	423
			711	424
			711	425
			711	426
			711	427
			711	428
			711	429
			711	430
			712	431
			712	432
			712	433
			712	434
			712	435
			712	436
			712	437
			713	438
			713	439
			713	440
			713	441
			713	442
			713	443
			713	444
			713	445
			713	446
			714	447
			714	448
			714	449
			714	450
			714	451
			714	452
			714	453
			714	454
			714	455
			714	456
			714	457
			715	458
			715	459
			715	460
			715	461
			715	462
			715	463
			715	464
			715	465
			715	466
			715	467
			715	468
			715	469
			715	470
			715	471
			716	472
			716	473
			716	474
			716	475
			716	476
			716	477
			716	478
			716	479
			716	480
			716	481
			716	482
			716	483
			716	484
			716	485
			716	486
			716	487
			716	488
			716	489
			717	490
			717	491
			717	492
			717	493
			717	494
			717	495
			717	496
			717	497
			717	498
			717	499
			717	500
			717	501
			717	502
			717	503
			717	504
			717	505
			718	506
			718	507
			718	508
			718	509
			718	510
			719	511
			719	512
			719	513
			719	514
			720	515
			720	516
			721	517
			722	518
			722	519
			723	520
			724	521
			725	521
			725	522
			726	523
			727	524
			727	525
			728	526
			728	527
			729	528
			729	529
			729	530
			729	531
			729	532
			730	533
			730	534
			730	535
			730	536
		</curveLM07>
		<curveLM08 type=matrix rownames=FALSE colnames=FALSE nrow=32 ncol=2 as.numeric=TRUE >
			730	536
			729	537
			729	538
			728	539
			728	540
			728	541
			727	542
			727	543
			726	544
			725	545
			725	546
			724	547
			723	547
			722	548
			722	549
			721	549
			720	549
			719	549
			718	549
			717	549
			716	549
			715	549
			714	549
			713	549
			712	550
			711	550
			710	550
			709	550
			708	550
			707	551
			706	551
			705	551
		</curveLM08>
		<curveLM09 type=matrix rownames=FALSE colnames=FALSE nrow=67 ncol=2 as.numeric=TRUE >
			705	551
			705	552
			705	553
			705	554
			704	555
			704	556
			704	557
			704	558
			704	559
			703	560
			703	561
			703	562
			703	563
			703	564
			703	565
			702	566
			702	567
			702	568
			702	569
			702	570
			701	571
			701	572
			701	573
			701	574
			700	575
			700	576
			700	577
			700	578
			700	579
			699	580
			699	581
			699	582
			698	583
			698	584
			698	585
			697	586
			697	587
			697	588
			696	589
			696	590
			696	591
			695	591
			695	592
			695	593
			694	593
			694	594
			693	595
			692	596
			691	597
			690	597
			689	598
			688	598
			687	599
			686	599
			686	600
			685	600
			684	600
			683	600
			682	601
			681	601
			680	601
			679	601
			678	601
			677	601
			676	601
			675	601
			674	601
		</curveLM09>
		<curveLM10 type=matrix rownames=FALSE colnames=FALSE nrow=63 ncol=2 as.numeric=TRUE >
			674	601
			673	601
			672	601
			671	602
			670	602
			669	602
			668	601
			667	601
			666	601
			665	601
			664	601
			663	600
			662	600
			661	599
			660	599
			660	598
			659	598
			658	597
			657	596
			657	595
			656	594
			655	594
			654	593
			654	592
			654	591
			653	591
			653	590
			652	589
			652	588
			651	587
			651	586
			650	585
			650	584
			650	583
			649	582
			649	581
			649	580
			649	579
			649	578
			649	577
			649	576
			648	575
			648	574
			648	573
			648	572
			648	571
			648	570
			648	569
			648	568
			648	567
			647	566
			647	565
			647	564
			647	563
			647	562
			647	561
			647	560
			647	559
			646	559
			646	558
			646	557
			646	556
			646	555
		</curveLM10>
		<curveLM11 type=matrix rownames=FALSE colnames=FALSE nrow=21 ncol=2 as.numeric=TRUE >
			646	555
			645	554
			644	554
			643	554
			642	553
			641	553
			640	552
			639	552
			638	552
			638	551
			637	551
			636	551
			635	550
			634	550
			633	549
			632	548
			631	548
			630	547
			629	547
			628	546
			627	545
		</curveLM11>
		<curveLM12 type=matrix rownames=FALSE colnames=FALSE nrow=218 ncol=2 as.numeric=TRUE >
			627	545
			627	544
			626	543
			625	542
			625	541
			625	540
			624	539
			624	538
			623	537
			623	536
			623	535
			622	534
			622	533
			621	532
			621	531
			621	530
			620	529
			620	528
			620	527
			619	526
			619	525
			619	524
			619	523
			619	522
			618	522
			618	521
			618	520
			618	519
			618	518
			617	517
			617	516
			617	515
			617	514
			617	513
			617	512
			617	511
			617	510
			617	509
			617	508
			617	507
			617	506
			618	505
			618	504
			619	503
			619	502
			620	501
			620	500
			621	499
			621	498
			621	497
			622	496
			622	495
			623	494
			623	493
			623	492
			624	491
			624	490
			624	489
			624	488
			625	487
			625	486
			625	485
			625	484
			625	483
			626	482
			626	481
			626	480
			626	479
			626	478
			626	477
			627	476
			627	475
			627	474
			627	473
			627	472
			627	471
			627	470
			627	469
			627	468
			627	467
			627	466
			627	465
			627	464
			627	463
			627	462
			627	461
			627	460
			627	459
			627	458
			627	457
			627	456
			627	455
			627	454
			628	453
			628	452
			628	451
			629	450
			629	449
			629	448
			630	447
			630	446
			630	445
			631	444
			631	443
			631	442
			631	441
			632	440
			632	439
			632	438
			633	437
			633	436
			633	435
			634	434
			634	433
			634	432
			635	432
			635	431
			635	430
			636	429
			636	428
			636	427
			636	426
			637	425
			637	424
			637	423
			638	423
			638	422
			638	421
			639	420
			639	419
			639	418
			640	417
			640	416
			640	415
			641	414
			641	413
			641	412
			642	411
			642	410
			642	409
			643	408
			643	407
			644	406
			644	405
			644	404
			645	403
			645	402
			645	401
			646	400
			646	399
			646	398
			647	397
			647	396
			647	395
			648	395
			648	394
			648	393
			649	392
			649	391
			649	390
			650	389
			650	388
			651	387
			651	386
			651	385
			652	384
			652	383
			653	382
			653	381
			653	380
			654	379
			654	378
			654	377
			655	376
			655	375
			656	374
			656	373
			656	372
			657	372
			657	371
			657	370
			658	369
			658	368
			658	367
			659	366
			659	365
			659	364
			660	364
			660	363
			661	362
			661	361
			661	360
			662	359
			662	358
			663	357
			663	356
			663	355
			663	354
			664	354
			664	353
			664	352
			664	351
			665	350
			665	349
			666	348
			666	347
			667	346
			667	345
			668	344
			669	344
			669	343
			670	342
			671	341
			672	341
			673	340
			674	340
			675	340
			676	340
		</curveLM12>
	</curves.pixel>
	<curves.scaled type=list>
		<curveLM07 type=matrix rownames=FALSE colnames=FALSE nrow=204 ncol=2 as.numeric=TRUE >
			5.76501600075945	-2.899564260737
			5.77354413093809	-2.899564260737
			5.77354413093809	-2.90809239091564
			5.78207226111672	-2.90809239091564
			5.78207226111672	-2.91662052109428
			5.79060039129536	-2.92514865127292
			5.799128521474	-2.93367678145155
			5.80765665165264	-2.94220491163019
			5.80765665165264	-2.95073304180883
			5.81618478183128	-2.95926117198747
			5.82471291200992	-2.96778930216611
			5.83324104218855	-2.97631743234474
			5.83324104218855	-2.98484556252338
			5.84176917236719	-2.99337369270202
			5.84176917236719	-3.00190182288066
			5.85029730254583	-3.0104299530593
			5.85029730254583	-3.01895808323794
			5.85882543272447	-3.02748621341657
			5.85882543272447	-3.03601434359521
			5.85882543272447	-3.04454247377385
			5.86735356290311	-3.04454247377385
			5.86735356290311	-3.05307060395249
			5.87588169308174	-3.06159873413113
			5.87588169308174	-3.07012686430977
			5.88440982326038	-3.0786549944884
			5.88440982326038	-3.08718312466704
			5.89293795343902	-3.09571125484568
			5.89293795343902	-3.10423938502432
			5.90146608361766	-3.11276751520296
			5.90146608361766	-3.12129564538159
			5.9099942137963	-3.12982377556023
			5.9099942137963	-3.13835190573887
			5.9099942137963	-3.14688003591751
			5.91852234397494	-3.15540816609615
			5.91852234397494	-3.16393629627479
			5.92705047415357	-3.17246442645342
			5.92705047415357	-3.18099255663206
			5.93557860433221	-3.1895206868107
			5.93557860433221	-3.19804881698934
			5.93557860433221	-3.20657694716798
			5.94410673451085	-3.21510507734662
			5.94410673451085	-3.22363320752525
			5.95263486468949	-3.23216133770389
			5.95263486468949	-3.24068946788253
			5.95263486468949	-3.24921759806117
			5.96116299486813	-3.25774572823981
			5.96116299486813	-3.26627385841844
			5.96969112504677	-3.27480198859708
			5.96969112504677	-3.28333011877572
			5.9782192552254	-3.29185824895436
			5.9782192552254	-3.300386379133
			5.9782192552254	-3.30891450931164
			5.98674738540404	-3.30891450931164
			5.98674738540404	-3.31744263949027
			5.98674738540404	-3.32597076966891
			5.98674738540404	-3.33449889984755
			5.99527551558268	-3.33449889984755
			5.99527551558268	-3.34302703002619
			5.99527551558268	-3.35155516020483
			6.00380364576132	-3.36008329038347
			6.00380364576132	-3.3686114205621
			6.00380364576132	-3.37713955074074
			6.01233177593996	-3.38566768091938
			6.01233177593996	-3.39419581109802
			6.01233177593996	-3.40272394127666
			6.01233177593996	-3.41125207145529
			6.0208599061186	-3.41125207145529
			6.0208599061186	-3.41978020163393
			6.0208599061186	-3.42830833181257
			6.0208599061186	-3.43683646199121
			6.02938803629723	-3.44536459216985
			6.02938803629723	-3.45389272234849
			6.02938803629723	-3.46242085252712
			6.02938803629723	-3.47094898270576
			6.03791616647587	-3.4794771128844
			6.03791616647587	-3.48800524306304
			6.03791616647587	-3.49653337324168
			6.03791616647587	-3.50506150342032
			6.03791616647587	-3.51358963359895
			6.04644429665451	-3.52211776377759
			6.04644429665451	-3.53064589395623
			6.04644429665451	-3.53917402413487
			6.04644429665451	-3.54770215431351
			6.04644429665451	-3.55623028449214
			6.05497242683315	-3.56475841467078
			6.05497242683315	-3.57328654484942
			6.05497242683315	-3.58181467502806
			6.05497242683315	-3.5903428052067
			6.05497242683315	-3.59887093538534
			6.05497242683315	-3.60739906556397
			6.06350055701179	-3.61592719574261
			6.06350055701179	-3.62445532592125
			6.06350055701179	-3.63298345609989
			6.06350055701179	-3.64151158627853
			6.06350055701179	-3.65003971645717
			6.06350055701179	-3.6585678466358
			6.06350055701179	-3.66709597681444
			6.07202868719042	-3.67562410699308
			6.07202868719042	-3.68415223717172
			6.07202868719042	-3.69268036735036
			6.07202868719042	-3.70120849752899
			6.07202868719042	-3.70973662770763
			6.07202868719042	-3.71826475788627
			6.07202868719042	-3.72679288806491
			6.08055681736906	-3.73532101824355
			6.08055681736906	-3.74384914842219
			6.08055681736906	-3.75237727860082
			6.08055681736906	-3.76090540877946
			6.08055681736906	-3.7694335389581
			6.08055681736906	-3.77796166913674
			6.08055681736906	-3.78648979931538
			6.08055681736906	-3.79501792949402
			6.08055681736906	-3.80354605967265
			6.0890849475477	-3.81207418985129
			6.0890849475477	-3.82060232002993
			6.0890849475477	-3.82913045020857
			6.0890849475477	-3.83765858038721
			6.0890849475477	-3.84618671056584
			6.0890849475477	-3.85471484074448
			6.0890849475477	-3.86324297092312
			6.0890849475477	-3.87177110110176
			6.0890849475477	-3.8802992312804
			6.0890849475477	-3.88882736145904
			6.0890849475477	-3.89735549163767
			6.09761307772634	-3.90588362181631
			6.09761307772634	-3.91441175199495
			6.09761307772634	-3.92293988217359
			6.09761307772634	-3.93146801235223
			6.09761307772634	-3.93999614253087
			6.09761307772634	-3.9485242727095
			6.09761307772634	-3.95705240288814
			6.09761307772634	-3.96558053306678
			6.09761307772634	-3.97410866324542
			6.09761307772634	-3.98263679342406
			6.09761307772634	-3.99116492360269
			6.09761307772634	-3.99969305378133
			6.09761307772634	-4.00822118395997
			6.09761307772634	-4.01674931413861
			6.10614120790498	-4.02527744431725
			6.10614120790498	-4.03380557449589
			6.10614120790498	-4.04233370467452
			6.10614120790498	-4.05086183485316
			6.10614120790498	-4.0593899650318
			6.10614120790498	-4.06791809521044
			6.10614120790498	-4.07644622538908
			6.10614120790498	-4.08497435556772
			6.10614120790498	-4.09350248574635
			6.10614120790498	-4.10203061592499
			6.10614120790498	-4.11055874610363
			6.10614120790498	-4.11908687628227
			6.10614120790498	-4.12761500646091
			6.10614120790498	-4.13614313663954
			6.10614120790498	-4.14467126681818
			6.10614120790498	-4.15319939699682
			6.10614120790498	-4.16172752717546
			6.10614120790498	-4.1702556573541
			6.11466933808362	-4.17878378753274
			6.11466933808362	-4.18731191771137
			6.11466933808362	-4.19584004789001
			6.11466933808362	-4.20436817806865
			6.11466933808362	-4.21289630824729
			6.11466933808362	-4.22142443842593
			6.11466933808362	-4.22995256860457
			6.11466933808362	-4.2384806987832
			6.11466933808362	-4.24700882896184
			6.11466933808362	-4.25553695914048
			6.11466933808362	-4.26406508931912
			6.11466933808362	-4.27259321949776
			6.11466933808362	-4.28112134967639
			6.11466933808362	-4.28964947985503
			6.11466933808362	-4.29817761003367
			6.11466933808362	-4.30670574021231
			6.12319746826225	-4.31523387039095
			6.12319746826225	-4.32376200056959
			6.12319746826225	-4.33229013074822
			6.12319746826225	-4.34081826092686
			6.12319746826225	-4.3493463911055
			6.13172559844089	-4.35787452128414
			6.13172559844089	-4.36640265146278
			6.13172559844089	-4.37493078164142
			6.13172559844089	-4.38345891182005
			6.14025372861953	-4.39198704199869
			6.14025372861953	-4.40051517217733
			6.14878185879817	-4.40904330235597
			6.15730998897681	-4.41757143253461
			6.15730998897681	-4.42609956271324
			6.16583811915544	-4.43462769289188
			6.17436624933408	-4.44315582307052
			6.18289437951272	-4.44315582307052
			6.18289437951272	-4.45168395324916
			6.19142250969136	-4.4602120834278
			6.19995063987	-4.46874021360644
			6.19995063987	-4.47726834378507
			6.20847877004864	-4.48579647396371
			6.20847877004864	-4.49432460414235
			6.21700690022727	-4.50285273432099
			6.21700690022727	-4.51138086449963
			6.21700690022727	-4.51990899467827
			6.21700690022727	-4.5284371248569
			6.21700690022727	-4.53696525503554
			6.22553503040591	-4.54549338521418
			6.22553503040591	-4.55402151539282
			6.22553503040591	-4.56254964557146
			6.22553503040591	-4.57107777575009
		</curveLM07>
		<curveLM08 type=matrix rownames=FALSE colnames=FALSE nrow=32 ncol=2 as.numeric=TRUE >
			6.22553503040591	-4.57107777575009
			6.21700690022727	-4.57960590592873
			6.21700690022727	-4.58813403610737
			6.20847877004864	-4.59666216628601
			6.20847877004864	-4.60519029646465
			6.20847877004864	-4.61371842664329
			6.19995063987	-4.62224655682192
			6.19995063987	-4.63077468700056
			6.19142250969136	-4.6393028171792
			6.18289437951272	-4.64783094735784
			6.18289437951272	-4.65635907753648
			6.17436624933408	-4.66488720771512
			6.16583811915544	-4.66488720771512
			6.15730998897681	-4.67341533789375
			6.15730998897681	-4.68194346807239
			6.14878185879817	-4.68194346807239
			6.14025372861953	-4.68194346807239
			6.13172559844089	-4.68194346807239
			6.12319746826225	-4.68194346807239
			6.11466933808362	-4.68194346807239
			6.10614120790498	-4.68194346807239
			6.09761307772634	-4.68194346807239
			6.0890849475477	-4.68194346807239
			6.08055681736906	-4.68194346807239
			6.07202868719042	-4.69047159825103
			6.06350055701179	-4.69047159825103
			6.05497242683315	-4.69047159825103
			6.04644429665451	-4.69047159825103
			6.03791616647587	-4.69047159825103
			6.02938803629723	-4.69899972842967
			6.0208599061186	-4.69899972842967
			6.01233177593996	-4.69899972842967
		</curveLM08>
		<curveLM09 type=matrix rownames=FALSE colnames=FALSE nrow=67 ncol=2 as.numeric=TRUE >
			6.01233177593996	-4.69899972842967
			6.01233177593996	-4.70752785860831
			6.01233177593996	-4.71605598878694
			6.01233177593996	-4.72458411896558
			6.00380364576132	-4.73311224914422
			6.00380364576132	-4.74164037932286
			6.00380364576132	-4.7501685095015
			6.00380364576132	-4.75869663968014
			6.00380364576132	-4.76722476985877
			5.99527551558268	-4.77575290003741
			5.99527551558268	-4.78428103021605
			5.99527551558268	-4.79280916039469
			5.99527551558268	-4.80133729057333
			5.99527551558268	-4.80986542075197
			5.99527551558268	-4.8183935509306
			5.98674738540404	-4.82692168110924
			5.98674738540404	-4.83544981128788
			5.98674738540404	-4.84397794146652
			5.98674738540404	-4.85250607164516
			5.98674738540404	-4.8610342018238
			5.9782192552254	-4.86956233200243
			5.9782192552254	-4.87809046218107
			5.9782192552254	-4.88661859235971
			5.9782192552254	-4.89514672253835
			5.96969112504677	-4.90367485271699
			5.96969112504677	-4.91220298289562
			5.96969112504677	-4.92073111307426
			5.96969112504677	-4.9292592432529
			5.96969112504677	-4.93778737343154
			5.96116299486813	-4.94631550361018
			5.96116299486813	-4.95484363378882
			5.96116299486813	-4.96337176396745
			5.95263486468949	-4.97189989414609
			5.95263486468949	-4.98042802432473
			5.95263486468949	-4.98895615450337
			5.94410673451085	-4.99748428468201
			5.94410673451085	-5.00601241486064
			5.94410673451085	-5.01454054503928
			5.93557860433221	-5.02306867521792
			5.93557860433221	-5.03159680539656
			5.93557860433221	-5.0401249355752
			5.92705047415357	-5.0401249355752
			5.92705047415357	-5.04865306575384
			5.92705047415357	-5.05718119593247
			5.91852234397494	-5.05718119593247
			5.91852234397494	-5.06570932611111
			5.9099942137963	-5.07423745628975
			5.90146608361766	-5.08276558646839
			5.89293795343902	-5.09129371664703
			5.88440982326038	-5.09129371664703
			5.87588169308174	-5.09982184682567
			5.86735356290311	-5.09982184682567
			5.85882543272447	-5.1083499770043
			5.85029730254583	-5.1083499770043
			5.85029730254583	-5.11687810718294
			5.84176917236719	-5.11687810718294
			5.83324104218855	-5.11687810718294
			5.82471291200992	-5.11687810718294
			5.81618478183128	-5.12540623736158
			5.80765665165264	-5.12540623736158
			5.799128521474	-5.12540623736158
			5.79060039129536	-5.12540623736158
			5.78207226111672	-5.12540623736158
			5.77354413093809	-5.12540623736158
			5.76501600075945	-5.12540623736158
			5.75648787058081	-5.12540623736158
			5.74795974040217	-5.12540623736158
		</curveLM09>
		<curveLM10 type=matrix rownames=FALSE colnames=FALSE nrow=63 ncol=2 as.numeric=TRUE >
			5.74795974040217	-5.12540623736158
			5.73943161022353	-5.12540623736158
			5.7309034800449	-5.12540623736158
			5.72237534986626	-5.13393436754022
			5.71384721968762	-5.13393436754022
			5.70531908950898	-5.13393436754022
			5.69679095933034	-5.12540623736158
			5.6882628291517	-5.12540623736158
			5.67973469897307	-5.12540623736158
			5.67120656879443	-5.12540623736158
			5.66267843861579	-5.12540623736158
			5.65415030843715	-5.11687810718294
			5.64562217825851	-5.11687810718294
			5.63709404807987	-5.1083499770043
			5.62856591790124	-5.1083499770043
			5.62856591790124	-5.09982184682567
			5.6200377877226	-5.09982184682567
			5.61150965754396	-5.09129371664703
			5.60298152736532	-5.08276558646839
			5.60298152736532	-5.07423745628975
			5.59445339718668	-5.06570932611111
			5.58592526700804	-5.06570932611111
			5.57739713682941	-5.05718119593247
			5.57739713682941	-5.04865306575384
			5.57739713682941	-5.0401249355752
			5.56886900665077	-5.0401249355752
			5.56886900665077	-5.03159680539656
			5.56034087647213	-5.02306867521792
			5.56034087647213	-5.01454054503928
			5.55181274629349	-5.00601241486064
			5.55181274629349	-4.99748428468201
			5.54328461611485	-4.98895615450337
			5.54328461611485	-4.98042802432473
			5.54328461611485	-4.97189989414609
			5.53475648593622	-4.96337176396745
			5.53475648593622	-4.95484363378882
			5.53475648593622	-4.94631550361018
			5.53475648593622	-4.93778737343154
			5.53475648593622	-4.9292592432529
			5.53475648593622	-4.92073111307426
			5.53475648593622	-4.91220298289562
			5.52622835575758	-4.90367485271699
			5.52622835575758	-4.89514672253835
			5.52622835575758	-4.88661859235971
			5.52622835575758	-4.87809046218107
			5.52622835575758	-4.86956233200243
			5.52622835575758	-4.8610342018238
			5.52622835575758	-4.85250607164516
			5.52622835575758	-4.84397794146652
			5.52622835575758	-4.83544981128788
			5.51770022557894	-4.82692168110924
			5.51770022557894	-4.8183935509306
			5.51770022557894	-4.80986542075197
			5.51770022557894	-4.80133729057333
			5.51770022557894	-4.79280916039469
			5.51770022557894	-4.78428103021605
			5.51770022557894	-4.77575290003741
			5.51770022557894	-4.76722476985877
			5.5091720954003	-4.76722476985877
			5.5091720954003	-4.75869663968014
			5.5091720954003	-4.7501685095015
			5.5091720954003	-4.74164037932286
			5.5091720954003	-4.73311224914422
		</curveLM10>
		<curveLM11 type=matrix rownames=FALSE colnames=FALSE nrow=21 ncol=2 as.numeric=TRUE >
			5.5091720954003	-4.73311224914422
			5.50064396522166	-4.72458411896558
			5.49211583504302	-4.72458411896558
			5.48358770486439	-4.72458411896558
			5.47505957468575	-4.71605598878694
			5.46653144450711	-4.71605598878694
			5.45800331432847	-4.70752785860831
			5.44947518414983	-4.70752785860831
			5.4409470539712	-4.70752785860831
			5.4409470539712	-4.69899972842967
			5.43241892379256	-4.69899972842967
			5.42389079361392	-4.69899972842967
			5.41536266343528	-4.69047159825103
			5.40683453325664	-4.69047159825103
			5.398306403078	-4.68194346807239
			5.38977827289937	-4.67341533789375
			5.38125014272073	-4.67341533789375
			5.37272201254209	-4.66488720771512
			5.36419388236345	-4.66488720771512
			5.35566575218481	-4.65635907753648
			5.34713762200617	-4.64783094735784
		</curveLM11>
		<curveLM12 type=matrix rownames=FALSE colnames=FALSE nrow=218 ncol=2 as.numeric=TRUE >
			5.34713762200617	-4.64783094735784
			5.34713762200617	-4.6393028171792
			5.33860949182754	-4.63077468700056
			5.3300813616489	-4.62224655682192
			5.3300813616489	-4.61371842664329
			5.3300813616489	-4.60519029646465
			5.32155323147026	-4.59666216628601
			5.32155323147026	-4.58813403610737
			5.31302510129162	-4.57960590592873
			5.31302510129162	-4.57107777575009
			5.31302510129162	-4.56254964557146
			5.30449697111298	-4.55402151539282
			5.30449697111298	-4.54549338521418
			5.29596884093434	-4.53696525503554
			5.29596884093434	-4.5284371248569
			5.29596884093434	-4.51990899467827
			5.28744071075571	-4.51138086449963
			5.28744071075571	-4.50285273432099
			5.28744071075571	-4.49432460414235
			5.27891258057707	-4.48579647396371
			5.27891258057707	-4.47726834378507
			5.27891258057707	-4.46874021360644
			5.27891258057707	-4.4602120834278
			5.27891258057707	-4.45168395324916
			5.27038445039843	-4.45168395324916
			5.27038445039843	-4.44315582307052
			5.27038445039843	-4.43462769289188
			5.27038445039843	-4.42609956271324
			5.27038445039843	-4.41757143253461
			5.26185632021979	-4.40904330235597
			5.26185632021979	-4.40051517217733
			5.26185632021979	-4.39198704199869
			5.26185632021979	-4.38345891182005
			5.26185632021979	-4.37493078164142
			5.26185632021979	-4.36640265146278
			5.26185632021979	-4.35787452128414
			5.26185632021979	-4.3493463911055
			5.26185632021979	-4.34081826092686
			5.26185632021979	-4.33229013074822
			5.26185632021979	-4.32376200056959
			5.26185632021979	-4.31523387039095
			5.27038445039843	-4.30670574021231
			5.27038445039843	-4.29817761003367
			5.27891258057707	-4.28964947985503
			5.27891258057707	-4.28112134967639
			5.28744071075571	-4.27259321949776
			5.28744071075571	-4.26406508931912
			5.29596884093434	-4.25553695914048
			5.29596884093434	-4.24700882896184
			5.29596884093434	-4.2384806987832
			5.30449697111298	-4.22995256860457
			5.30449697111298	-4.22142443842593
			5.31302510129162	-4.21289630824729
			5.31302510129162	-4.20436817806865
			5.31302510129162	-4.19584004789001
			5.32155323147026	-4.18731191771137
			5.32155323147026	-4.17878378753274
			5.32155323147026	-4.1702556573541
			5.32155323147026	-4.16172752717546
			5.3300813616489	-4.15319939699682
			5.3300813616489	-4.14467126681818
			5.3300813616489	-4.13614313663954
			5.3300813616489	-4.12761500646091
			5.3300813616489	-4.11908687628227
			5.33860949182754	-4.11055874610363
			5.33860949182754	-4.10203061592499
			5.33860949182754	-4.09350248574635
			5.33860949182754	-4.08497435556772
			5.33860949182754	-4.07644622538908
			5.33860949182754	-4.06791809521044
			5.34713762200617	-4.0593899650318
			5.34713762200617	-4.05086183485316
			5.34713762200617	-4.04233370467452
			5.34713762200617	-4.03380557449589
			5.34713762200617	-4.02527744431725
			5.34713762200617	-4.01674931413861
			5.34713762200617	-4.00822118395997
			5.34713762200617	-3.99969305378133
			5.34713762200617	-3.99116492360269
			5.34713762200617	-3.98263679342406
			5.34713762200617	-3.97410866324542
			5.34713762200617	-3.96558053306678
			5.34713762200617	-3.95705240288814
			5.34713762200617	-3.9485242727095
			5.34713762200617	-3.93999614253087
			5.34713762200617	-3.93146801235223
			5.34713762200617	-3.92293988217359
			5.34713762200617	-3.91441175199495
			5.34713762200617	-3.90588362181631
			5.34713762200617	-3.89735549163767
			5.34713762200617	-3.88882736145904
			5.34713762200617	-3.8802992312804
			5.34713762200617	-3.87177110110176
			5.35566575218481	-3.86324297092312
			5.35566575218481	-3.85471484074448
			5.35566575218481	-3.84618671056584
			5.36419388236345	-3.83765858038721
			5.36419388236345	-3.82913045020857
			5.36419388236345	-3.82060232002993
			5.37272201254209	-3.81207418985129
			5.37272201254209	-3.80354605967265
			5.37272201254209	-3.79501792949402
			5.38125014272073	-3.78648979931538
			5.38125014272073	-3.77796166913674
			5.38125014272073	-3.7694335389581
			5.38125014272073	-3.76090540877946
			5.38977827289937	-3.75237727860082
			5.38977827289937	-3.74384914842219
			5.38977827289937	-3.73532101824355
			5.398306403078	-3.72679288806491
			5.398306403078	-3.71826475788627
			5.398306403078	-3.70973662770763
			5.40683453325664	-3.70120849752899
			5.40683453325664	-3.69268036735036
			5.40683453325664	-3.68415223717172
			5.41536266343528	-3.68415223717172
			5.41536266343528	-3.67562410699308
			5.41536266343528	-3.66709597681444
			5.42389079361392	-3.6585678466358
			5.42389079361392	-3.65003971645717
			5.42389079361392	-3.64151158627853
			5.42389079361392	-3.63298345609989
			5.43241892379256	-3.62445532592125
			5.43241892379256	-3.61592719574261
			5.43241892379256	-3.60739906556397
			5.4409470539712	-3.60739906556397
			5.4409470539712	-3.59887093538534
			5.4409470539712	-3.5903428052067
			5.44947518414983	-3.58181467502806
			5.44947518414983	-3.57328654484942
			5.44947518414983	-3.56475841467078
			5.45800331432847	-3.55623028449214
			5.45800331432847	-3.54770215431351
			5.45800331432847	-3.53917402413487
			5.46653144450711	-3.53064589395623
			5.46653144450711	-3.52211776377759
			5.46653144450711	-3.51358963359895
			5.47505957468575	-3.50506150342032
			5.47505957468575	-3.49653337324168
			5.47505957468575	-3.48800524306304
			5.48358770486439	-3.4794771128844
			5.48358770486439	-3.47094898270576
			5.49211583504302	-3.46242085252712
			5.49211583504302	-3.45389272234849
			5.49211583504302	-3.44536459216985
			5.50064396522166	-3.43683646199121
			5.50064396522166	-3.42830833181257
			5.50064396522166	-3.41978020163393
			5.5091720954003	-3.41125207145529
			5.5091720954003	-3.40272394127666
			5.5091720954003	-3.39419581109802
			5.51770022557894	-3.38566768091938
			5.51770022557894	-3.37713955074074
			5.51770022557894	-3.3686114205621
			5.52622835575758	-3.3686114205621
			5.52622835575758	-3.36008329038347
			5.52622835575758	-3.35155516020483
			5.53475648593622	-3.34302703002619
			5.53475648593622	-3.33449889984755
			5.53475648593622	-3.32597076966891
			5.54328461611485	-3.31744263949027
			5.54328461611485	-3.30891450931164
			5.55181274629349	-3.300386379133
			5.55181274629349	-3.29185824895436
			5.55181274629349	-3.28333011877572
			5.56034087647213	-3.27480198859708
			5.56034087647213	-3.26627385841844
			5.56886900665077	-3.25774572823981
			5.56886900665077	-3.24921759806117
			5.56886900665077	-3.24068946788253
			5.57739713682941	-3.23216133770389
			5.57739713682941	-3.22363320752525
			5.57739713682941	-3.21510507734662
			5.58592526700804	-3.20657694716798
			5.58592526700804	-3.19804881698934
			5.59445339718668	-3.1895206868107
			5.59445339718668	-3.18099255663206
			5.59445339718668	-3.17246442645342
			5.60298152736532	-3.17246442645342
			5.60298152736532	-3.16393629627479
			5.60298152736532	-3.15540816609615
			5.61150965754396	-3.14688003591751
			5.61150965754396	-3.13835190573887
			5.61150965754396	-3.12982377556023
			5.6200377877226	-3.12129564538159
			5.6200377877226	-3.11276751520296
			5.6200377877226	-3.10423938502432
			5.62856591790124	-3.10423938502432
			5.62856591790124	-3.09571125484568
			5.63709404807987	-3.08718312466704
			5.63709404807987	-3.0786549944884
			5.63709404807987	-3.07012686430977
			5.64562217825851	-3.06159873413113
			5.64562217825851	-3.05307060395249
			5.65415030843715	-3.04454247377385
			5.65415030843715	-3.03601434359521
			5.65415030843715	-3.02748621341657
			5.65415030843715	-3.01895808323794
			5.66267843861579	-3.01895808323794
			5.66267843861579	-3.0104299530593
			5.66267843861579	-3.00190182288066
			5.66267843861579	-2.99337369270202
			5.67120656879443	-2.98484556252338
			5.67120656879443	-2.97631743234474
			5.67973469897307	-2.96778930216611
			5.67973469897307	-2.95926117198747
			5.6882628291517	-2.95073304180883
			5.6882628291517	-2.94220491163019
			5.69679095933034	-2.93367678145155
			5.70531908950898	-2.93367678145155
			5.70531908950898	-2.92514865127292
			5.71384721968762	-2.91662052109428
			5.72237534986626	-2.90809239091564
			5.7309034800449	-2.90809239091564
			5.73943161022353	-2.899564260737
			5.74795974040217	-2.899564260737
			5.75648787058081	-2.899564260737
			5.76501600075945	-2.899564260737
		</curveLM12>
	</curves.scaled>
	<ruler.points type=matrix rownames=TRUE colnames=FALSE nrow=5 ncol=2 as.numeric=TRUE >
		Ruler point 1	210	815
		Ruler point 2	327	814
		Ruler point 3	444	814
		Ruler point 4	562	815
		Ruler point 5	679	814
	</ruler.points>
</shapes>

