<shapes type=list>
	<ruler.pixel type=vector names=FALSE length=1 as.numeric=TRUE >117.317329091009</ruler.pixel>
	<ruler.interval type=vector names=FALSE length=1 as.numeric=TRUE >1</ruler.interval>
	<scaling.units type=vector names=FALSE length=1 as.numeric=FALSE >cm</scaling.units>
	<scaling type=vector names=FALSE length=1 as.numeric=TRUE >0.00852388992954529</scaling>
	<landmarks.pixel type=matrix rownames=TRUE colnames=FALSE nrow=6 ncol=2 as.numeric=TRUE >
		LM01	674	298
		LM02	767	551
		LM03	713	556
		LM04	676	603
		LM05	647	554
		LM06	608	547
	</landmarks.pixel>
	<landmarks.scaled type=matrix rownames=TRUE colnames=FALSE nrow=6 ncol=2 as.numeric=TRUE >
		LM01	5.74510181251353	-2.5401191990045
		LM02	6.53782357596124	-4.69666335117946
		LM03	6.07753351976579	-4.73928280082718
		LM04	5.76214959237262	-5.13990562751581
		LM05	5.5149567844158	-4.72223502096809
		LM06	5.18252507716354	-4.66256779146127
	</landmarks.scaled>
	<curves.control type=list>
		<curveLM07 type=matrix rownames=FALSE colnames=FALSE nrow=7 ncol=2 as.numeric=TRUE >
			674	298
			681	298
			699	348
			718	397
			744	464
			773	550
			767	551
		</curveLM07>
		<curveLM08 type=matrix rownames=FALSE colnames=FALSE nrow=5 ncol=2 as.numeric=TRUE >
			767	551
			750	563
			730	553
			719	549
			713	556
		</curveLM08>
		<curveLM09 type=matrix rownames=FALSE colnames=FALSE nrow=5 ncol=2 as.numeric=TRUE >
			713	556
			702	562
			702	585
			693	596
			676	603
		</curveLM09>
		<curveLM10 type=matrix rownames=FALSE colnames=FALSE nrow=5 ncol=2 as.numeric=TRUE >
			676	603
			659	599
			653	582
			653	558
			647	554
		</curveLM10>
		<curveLM11 type=matrix rownames=FALSE colnames=FALSE nrow=5 ncol=2 as.numeric=TRUE >
			647	554
			640	550
			617	551
			612	550
			608	547
		</curveLM11>
		<curveLM12 type=matrix rownames=FALSE colnames=FALSE nrow=5 ncol=2 as.numeric=TRUE >
			608	547
			601	540
			613	507
			667	296
			674	298
		</curveLM12>
	</curves.control>
	<curves.pixel type=list>
		<curveLM07 type=matrix rownames=FALSE colnames=FALSE nrow=262 ncol=2 as.numeric=TRUE >
			674	298
			675	298
			676	299
			677	300
			678	301
			679	302
			680	303
			680	304
			681	305
			681	306
			682	307
			682	308
			683	309
			683	310
			684	311
			684	312
			685	313
			685	314
			686	315
			686	316
			687	317
			687	318
			688	319
			688	320
			688	321
			689	322
			689	323
			690	324
			690	325
			691	326
			691	327
			692	328
			692	329
			692	330
			693	331
			693	332
			694	333
			694	334
			694	335
			695	336
			695	337
			695	338
			696	339
			696	340
			697	341
			697	342
			697	343
			697	344
			698	344
			698	345
			698	346
			698	347
			699	347
			699	348
			699	349
			700	349
			700	350
			700	351
			701	352
			701	353
			701	354
			702	355
			702	356
			703	357
			703	358
			703	359
			704	360
			704	361
			704	362
			705	362
			705	363
			705	364
			706	365
			706	366
			707	367
			707	368
			707	369
			707	370
			708	371
			708	372
			709	373
			709	374
			709	375
			710	376
			710	377
			711	378
			711	379
			711	380
			712	381
			712	382
			712	383
			713	384
			713	385
			714	386
			714	387
			714	388
			715	389
			715	390
			716	391
			716	392
			716	393
			717	394
			717	395
			717	396
			718	397
			718	398
			719	399
			719	400
			719	401
			720	402
			720	403
			721	404
			721	405
			721	406
			722	407
			722	408
			723	409
			723	410
			723	411
			724	412
			724	413
			725	414
			725	415
			726	416
			726	417
			726	418
			727	419
			727	420
			727	421
			728	422
			728	423
			728	424
			729	425
			729	426
			730	427
			730	428
			730	429
			731	430
			731	431
			732	432
			732	433
			732	434
			733	435
			733	436
			733	437
			734	438
			734	439
			735	440
			735	441
			735	442
			736	443
			736	444
			736	445
			737	446
			737	447
			738	448
			738	449
			738	450
			739	451
			739	452
			740	453
			740	454
			740	455
			741	456
			741	457
			741	458
			742	459
			742	460
			743	461
			743	462
			743	463
			744	464
			744	465
			745	466
			745	467
			745	468
			746	469
			746	470
			746	471
			747	472
			747	473
			747	474
			748	475
			748	476
			748	477
			749	478
			749	479
			749	480
			750	481
			750	482
			750	483
			751	484
			751	485
			751	486
			752	487
			752	488
			752	489
			753	490
			753	491
			753	492
			754	493
			754	494
			754	495
			754	496
			755	497
			755	498
			755	499
			756	499
			756	500
			756	501
			756	502
			757	503
			757	504
			757	505
			758	506
			758	507
			758	508
			759	509
			759	510
			759	511
			759	512
			760	513
			760	514
			760	515
			761	515
			761	516
			761	517
			761	518
			761	519
			762	520
			762	521
			762	522
			763	523
			763	524
			763	525
			763	526
			764	527
			764	528
			764	529
			765	530
			765	531
			765	532
			765	533
			766	534
			766	535
			766	536
			766	537
			767	538
			767	539
			767	540
			767	541
			767	542
			768	543
			768	544
			768	545
			768	546
			768	547
			768	548
			768	549
			768	550
			768	551
			767	551
		</curveLM07>
		<curveLM08 type=matrix rownames=FALSE colnames=FALSE nrow=55 ncol=2 as.numeric=TRUE >
			767	551
			766	552
			765	553
			764	553
			763	553
			762	554
			761	555
			760	555
			759	555
			758	556
			757	556
			756	556
			755	557
			754	557
			753	557
			752	557
			751	557
			750	557
			749	558
			748	558
			747	558
			746	557
			745	557
			744	557
			743	557
			742	557
			741	557
			740	557
			739	556
			738	556
			737	556
			736	555
			735	555
			734	555
			733	554
			732	554
			731	553
			730	553
			729	553
			728	552
			727	552
			726	552
			725	552
			724	552
			723	552
			722	552
			721	552
			720	552
			719	552
			718	552
			717	553
			716	553
			715	554
			714	555
			713	556
		</curveLM08>
		<curveLM09 type=matrix rownames=FALSE colnames=FALSE nrow=63 ncol=2 as.numeric=TRUE >
			713	556
			712	556
			712	557
			711	557
			710	558
			709	559
			708	560
			707	561
			707	562
			706	563
			706	564
			705	565
			705	566
			704	567
			704	568
			704	569
			704	570
			703	571
			703	572
			703	573
			703	574
			703	575
			702	576
			702	577
			702	578
			702	579
			702	580
			702	581
			702	582
			702	583
			702	584
			702	585
			701	586
			701	587
			700	587
			699	588
			699	589
			698	589
			697	590
			697	591
			696	591
			695	592
			694	592
			694	593
			693	594
			692	594
			691	595
			690	595
			689	596
			689	597
			688	597
			687	598
			686	598
			685	599
			684	599
			683	600
			682	600
			681	601
			680	601
			679	602
			678	602
			677	603
			676	603
		</curveLM09>
		<curveLM10 type=matrix rownames=FALSE colnames=FALSE nrow=60 ncol=2 as.numeric=TRUE >
			676	603
			675	603
			674	602
			673	602
			672	602
			671	601
			670	601
			669	601
			668	600
			667	600
			666	599
			665	599
			664	598
			664	597
			663	597
			662	596
			661	595
			660	594
			659	593
			658	592
			658	591
			657	590
			656	589
			656	588
			655	587
			654	586
			654	585
			654	584
			653	583
			653	582
			653	581
			653	580
			653	579
			653	578
			653	577
			653	576
			653	575
			653	574
			653	573
			653	572
			653	571
			653	570
			652	569
			652	568
			652	567
			652	566
			652	565
			652	564
			652	563
			651	562
			651	561
			651	560
			650	559
			650	558
			650	557
			649	557
			649	556
			648	555
			648	554
			647	554
		</curveLM10>
		<curveLM11 type=matrix rownames=FALSE colnames=FALSE nrow=40 ncol=2 as.numeric=TRUE >
			647	554
			646	554
			645	553
			644	553
			643	552
			642	552
			641	552
			640	552
			639	552
			638	551
			637	551
			636	551
			635	551
			634	551
			633	551
			632	551
			631	551
			630	551
			629	551
			628	551
			627	551
			626	551
			625	551
			624	551
			623	551
			622	551
			621	551
			620	551
			619	551
			618	551
			617	551
			616	551
			615	551
			614	550
			613	550
			612	549
			611	549
			610	548
			609	548
			608	547
		</curveLM11>
		<curveLM12 type=matrix rownames=FALSE colnames=FALSE nrow=261 ncol=2 as.numeric=TRUE >
			608	547
			607	546
			607	545
			606	544
			606	543
			606	542
			606	541
			605	540
			605	539
			605	538
			605	537
			606	536
			606	535
			606	534
			606	533
			606	532
			606	531
			606	530
			606	529
			607	528
			607	527
			607	526
			607	525
			608	524
			608	523
			608	522
			608	521
			609	520
			609	519
			609	518
			610	517
			610	516
			610	515
			611	514
			611	513
			611	512
			612	511
			612	510
			612	509
			613	508
			613	507
			613	506
			614	505
			614	504
			614	503
			614	502
			615	501
			615	500
			615	499
			615	498
			616	497
			616	496
			616	495
			616	494
			617	493
			617	492
			617	491
			617	490
			618	489
			618	488
			618	487
			618	486
			619	485
			619	484
			619	483
			619	482
			620	481
			620	480
			620	479
			621	478
			621	477
			621	476
			621	475
			622	474
			622	473
			622	472
			622	471
			623	470
			623	469
			623	468
			623	467
			624	466
			624	465
			624	464
			624	463
			625	462
			625	461
			625	460
			625	459
			626	458
			626	457
			626	456
			627	455
			627	454
			627	453
			627	452
			628	451
			628	450
			628	449
			628	448
			629	447
			629	446
			629	445
			629	444
			630	443
			630	442
			630	441
			630	440
			631	439
			631	438
			631	437
			631	436
			632	435
			632	434
			632	433
			632	432
			633	431
			633	430
			633	429
			634	428
			634	427
			634	426
			634	425
			635	424
			635	423
			635	422
			635	421
			636	420
			636	419
			636	418
			636	417
			637	416
			637	415
			637	414
			637	413
			638	413
			638	412
			638	411
			638	410
			639	409
			639	408
			639	407
			639	406
			640	405
			640	404
			640	403
			641	402
			641	401
			641	400
			641	399
			642	398
			642	397
			642	396
			643	395
			643	394
			643	393
			643	392
			644	391
			644	390
			644	389
			644	388
			645	387
			645	386
			645	385
			645	384
			646	383
			646	382
			646	381
			646	380
			647	380
			647	379
			647	378
			647	377
			648	376
			648	375
			648	374
			648	373
			649	372
			649	371
			649	370
			650	369
			650	368
			650	367
			651	366
			651	365
			651	364
			651	363
			652	362
			652	361
			652	360
			652	359
			653	358
			653	357
			653	356
			654	355
			654	354
			654	353
			654	352
			655	352
			655	351
			655	350
			655	349
			656	348
			656	347
			656	346
			657	345
			657	344
			657	343
			657	342
			658	341
			658	340
			658	339
			659	338
			659	337
			659	336
			659	335
			660	335
			660	334
			660	333
			660	332
			661	331
			661	330
			661	329
			662	328
			662	327
			662	326
			663	325
			663	324
			663	323
			663	322
			664	322
			664	321
			664	320
			665	319
			665	318
			665	317
			666	316
			666	315
			666	314
			666	313
			667	313
			667	312
			667	311
			668	310
			668	309
			669	308
			669	307
			669	306
			669	305
			670	305
			670	304
			670	303
			671	303
			671	302
			671	301
			672	301
			672	300
			672	299
			673	299
			673	298
			674	298
		</curveLM12>
	</curves.pixel>
	<curves.scaled type=list>
		<curveLM07 type=matrix rownames=FALSE colnames=FALSE nrow=262 ncol=2 as.numeric=TRUE >
			5.74510181251353	-2.5401191990045
			5.75362570244307	-2.5401191990045
			5.76214959237262	-2.54864308893404
			5.77067348230216	-2.55716697886359
			5.77919737223171	-2.56569086879313
			5.78772126216125	-2.57421475872268
			5.7962451520908	-2.58273864865222
			5.7962451520908	-2.59126253858177
			5.80476904202034	-2.59978642851131
			5.80476904202034	-2.60831031844086
			5.81329293194989	-2.6168342083704
			5.81329293194989	-2.62535809829995
			5.82181682187943	-2.63388198822949
			5.82181682187943	-2.64240587815904
			5.83034071180898	-2.65092976808859
			5.83034071180898	-2.65945365801813
			5.83886460173852	-2.66797754794768
			5.83886460173852	-2.67650143787722
			5.84738849166807	-2.68502532780677
			5.84738849166807	-2.69354921773631
			5.85591238159761	-2.70207310766586
			5.85591238159761	-2.7105969975954
			5.86443627152716	-2.71912088752495
			5.86443627152716	-2.72764477745449
			5.86443627152716	-2.73616866738404
			5.87296016145671	-2.74469255731358
			5.87296016145671	-2.75321644724313
			5.88148405138625	-2.76174033717267
			5.88148405138625	-2.77026422710222
			5.8900079413158	-2.77878811703176
			5.8900079413158	-2.78731200696131
			5.89853183124534	-2.79583589689086
			5.89853183124534	-2.8043597868204
			5.89853183124534	-2.81288367674995
			5.90705572117489	-2.82140756667949
			5.90705572117489	-2.82993145660904
			5.91557961110443	-2.83845534653858
			5.91557961110443	-2.84697923646813
			5.91557961110443	-2.85550312639767
			5.92410350103398	-2.86402701632722
			5.92410350103398	-2.87255090625676
			5.92410350103398	-2.88107479618631
			5.93262739096352	-2.88959868611585
			5.93262739096352	-2.8981225760454
			5.94115128089307	-2.90664646597494
			5.94115128089307	-2.91517035590449
			5.94115128089307	-2.92369424583403
			5.94115128089307	-2.93221813576358
			5.94967517082261	-2.93221813576358
			5.94967517082261	-2.94074202569313
			5.94967517082261	-2.94926591562267
			5.94967517082261	-2.95778980555222
			5.95819906075216	-2.95778980555222
			5.95819906075216	-2.96631369548176
			5.95819906075216	-2.97483758541131
			5.9667229506817	-2.97483758541131
			5.9667229506817	-2.98336147534085
			5.9667229506817	-2.9918853652704
			5.97524684061125	-3.00040925519994
			5.97524684061125	-3.00893314512949
			5.97524684061125	-3.01745703505903
			5.98377073054079	-3.02598092498858
			5.98377073054079	-3.03450481491812
			5.99229462047034	-3.04302870484767
			5.99229462047034	-3.05155259477721
			5.99229462047034	-3.06007648470676
			6.00081851039988	-3.0686003746363
			6.00081851039988	-3.07712426456585
			6.00081851039988	-3.0856481544954
			6.00934240032943	-3.0856481544954
			6.00934240032943	-3.09417204442494
			6.00934240032943	-3.10269593435449
			6.01786629025898	-3.11121982428403
			6.01786629025898	-3.11974371421358
			6.02639018018852	-3.12826760414312
			6.02639018018852	-3.13679149407267
			6.02639018018852	-3.14531538400221
			6.02639018018852	-3.15383927393176
			6.03491407011807	-3.1623631638613
			6.03491407011807	-3.17088705379085
			6.04343796004761	-3.17941094372039
			6.04343796004761	-3.18793483364994
			6.04343796004761	-3.19645872357948
			6.05196184997716	-3.20498261350903
			6.05196184997716	-3.21350650343857
			6.0604857399067	-3.22203039336812
			6.0604857399067	-3.23055428329767
			6.0604857399067	-3.23907817322721
			6.06900962983625	-3.24760206315676
			6.06900962983625	-3.2561259530863
			6.06900962983625	-3.26464984301585
			6.07753351976579	-3.27317373294539
			6.07753351976579	-3.28169762287494
			6.08605740969534	-3.29022151280448
			6.08605740969534	-3.29874540273403
			6.08605740969534	-3.30726929266357
			6.09458129962488	-3.31579318259312
			6.09458129962488	-3.32431707252266
			6.10310518955443	-3.33284096245221
			6.10310518955443	-3.34136485238175
			6.10310518955443	-3.3498887423113
			6.11162907948397	-3.35841263224084
			6.11162907948397	-3.36693652217039
			6.11162907948397	-3.37546041209994
			6.12015296941352	-3.38398430202948
			6.12015296941352	-3.39250819195903
			6.12867685934306	-3.40103208188857
			6.12867685934306	-3.40955597181812
			6.12867685934306	-3.41807986174766
			6.13720074927261	-3.42660375167721
			6.13720074927261	-3.43512764160675
			6.14572463920215	-3.4436515315363
			6.14572463920215	-3.45217542146584
			6.14572463920215	-3.46069931139539
			6.1542485291317	-3.46922320132493
			6.1542485291317	-3.47774709125448
			6.16277241906125	-3.48627098118402
			6.16277241906125	-3.49479487111357
			6.16277241906125	-3.50331876104311
			6.17129630899079	-3.51184265097266
			6.17129630899079	-3.52036654090221
			6.17982019892034	-3.52889043083175
			6.17982019892034	-3.5374143207613
			6.18834408884988	-3.54593821069084
			6.18834408884988	-3.55446210062039
			6.18834408884988	-3.56298599054993
			6.19686797877943	-3.57150988047948
			6.19686797877943	-3.58003377040902
			6.19686797877943	-3.58855766033857
			6.20539186870897	-3.59708155026811
			6.20539186870897	-3.60560544019766
			6.20539186870897	-3.6141293301272
			6.21391575863852	-3.62265322005675
			6.21391575863852	-3.63117710998629
			6.22243964856806	-3.63970099991584
			6.22243964856806	-3.64822488984538
			6.22243964856806	-3.65674877977493
			6.23096353849761	-3.66527266970448
			6.23096353849761	-3.67379655963402
			6.23948742842715	-3.68232044956357
			6.23948742842715	-3.69084433949311
			6.23948742842715	-3.69936822942266
			6.2480113183567	-3.7078921193522
			6.2480113183567	-3.71641600928175
			6.2480113183567	-3.72493989921129
			6.25653520828624	-3.73346378914084
			6.25653520828624	-3.74198767907038
			6.26505909821579	-3.75051156899993
			6.26505909821579	-3.75903545892947
			6.26505909821579	-3.76755934885902
			6.27358298814533	-3.77608323878856
			6.27358298814533	-3.78460712871811
			6.27358298814533	-3.79313101864765
			6.28210687807488	-3.8016549085772
			6.28210687807488	-3.81017879850675
			6.29063076800442	-3.81870268843629
			6.29063076800442	-3.82722657836584
			6.29063076800442	-3.83575046829538
			6.29915465793397	-3.84427435822493
			6.29915465793397	-3.85279824815447
			6.30767854786352	-3.86132213808402
			6.30767854786352	-3.86984602801356
			6.30767854786352	-3.87836991794311
			6.31620243779306	-3.88689380787265
			6.31620243779306	-3.8954176978022
			6.31620243779306	-3.90394158773174
			6.32472632772261	-3.91246547766129
			6.32472632772261	-3.92098936759083
			6.33325021765215	-3.92951325752038
			6.33325021765215	-3.93803714744992
			6.33325021765215	-3.94656103737947
			6.3417741075817	-3.95508492730902
			6.3417741075817	-3.96360881723856
			6.35029799751124	-3.97213270716811
			6.35029799751124	-3.98065659709765
			6.35029799751124	-3.9891804870272
			6.35882188744079	-3.99770437695674
			6.35882188744079	-4.00622826688629
			6.35882188744079	-4.01475215681583
			6.36734577737033	-4.02327604674538
			6.36734577737033	-4.03179993667492
			6.36734577737033	-4.04032382660447
			6.37586966729988	-4.04884771653401
			6.37586966729988	-4.05737160646356
			6.37586966729988	-4.0658954963931
			6.38439355722942	-4.07441938632265
			6.38439355722942	-4.08294327625219
			6.38439355722942	-4.09146716618174
			6.39291744715897	-4.09999105611128
			6.39291744715897	-4.10851494604083
			6.39291744715897	-4.11703883597038
			6.40144133708851	-4.12556272589992
			6.40144133708851	-4.13408661582947
			6.40144133708851	-4.14261050575901
			6.40996522701806	-4.15113439568856
			6.40996522701806	-4.1596582856181
			6.40996522701806	-4.16818217554765
			6.4184891169476	-4.17670606547719
			6.4184891169476	-4.18522995540674
			6.4184891169476	-4.19375384533628
			6.42701300687715	-4.20227773526583
			6.42701300687715	-4.21080162519537
			6.42701300687715	-4.21932551512492
			6.42701300687715	-4.22784940505446
			6.43553689680669	-4.23637329498401
			6.43553689680669	-4.24489718491355
			6.43553689680669	-4.2534210748431
			6.44406078673624	-4.2534210748431
			6.44406078673624	-4.26194496477265
			6.44406078673624	-4.27046885470219
			6.44406078673624	-4.27899274463174
			6.45258467666579	-4.28751663456128
			6.45258467666579	-4.29604052449083
			6.45258467666579	-4.30456441442037
			6.46110856659533	-4.31308830434992
			6.46110856659533	-4.32161219427946
			6.46110856659533	-4.33013608420901
			6.46963245652488	-4.33865997413855
			6.46963245652488	-4.3471838640681
			6.46963245652488	-4.35570775399764
			6.46963245652488	-4.36423164392719
			6.47815634645442	-4.37275553385673
			6.47815634645442	-4.38127942378628
			6.47815634645442	-4.38980331371582
			6.48668023638397	-4.38980331371582
			6.48668023638397	-4.39832720364537
			6.48668023638397	-4.40685109357492
			6.48668023638397	-4.41537498350446
			6.48668023638397	-4.42389887343401
			6.49520412631351	-4.43242276336355
			6.49520412631351	-4.4409466532931
			6.49520412631351	-4.44947054322264
			6.50372801624306	-4.45799443315219
			6.50372801624306	-4.46651832308173
			6.50372801624306	-4.47504221301128
			6.50372801624306	-4.48356610294082
			6.5122519061726	-4.49208999287037
			6.5122519061726	-4.50061388279991
			6.5122519061726	-4.50913777272946
			6.52077579610215	-4.517661662659
			6.52077579610215	-4.52618555258855
			6.52077579610215	-4.53470944251809
			6.52077579610215	-4.54323333244764
			6.52929968603169	-4.55175722237719
			6.52929968603169	-4.56028111230673
			6.52929968603169	-4.56880500223628
			6.52929968603169	-4.57732889216582
			6.53782357596124	-4.58585278209537
			6.53782357596124	-4.59437667202491
			6.53782357596124	-4.60290056195446
			6.53782357596124	-4.611424451884
			6.53782357596124	-4.61994834181355
			6.54634746589078	-4.62847223174309
			6.54634746589078	-4.63699612167264
			6.54634746589078	-4.64552001160218
			6.54634746589078	-4.65404390153173
			6.54634746589078	-4.66256779146127
			6.54634746589078	-4.67109168139082
			6.54634746589078	-4.67961557132036
			6.54634746589078	-4.68813946124991
			6.54634746589078	-4.69666335117946
			6.53782357596124	-4.69666335117946
		</curveLM07>
		<curveLM08 type=matrix rownames=FALSE colnames=FALSE nrow=55 ncol=2 as.numeric=TRUE >
			6.53782357596124	-4.69666335117946
			6.52929968603169	-4.705187241109
			6.52077579610215	-4.71371113103855
			6.5122519061726	-4.71371113103855
			6.50372801624306	-4.71371113103855
			6.49520412631351	-4.72223502096809
			6.48668023638397	-4.73075891089764
			6.47815634645442	-4.73075891089764
			6.46963245652488	-4.73075891089764
			6.46110856659533	-4.73928280082718
			6.45258467666579	-4.73928280082718
			6.44406078673624	-4.73928280082718
			6.43553689680669	-4.74780669075673
			6.42701300687715	-4.74780669075673
			6.4184891169476	-4.74780669075673
			6.40996522701806	-4.74780669075673
			6.40144133708851	-4.74780669075673
			6.39291744715897	-4.74780669075673
			6.38439355722942	-4.75633058068627
			6.37586966729988	-4.75633058068627
			6.36734577737033	-4.75633058068627
			6.35882188744079	-4.74780669075673
			6.35029799751124	-4.74780669075673
			6.3417741075817	-4.74780669075673
			6.33325021765215	-4.74780669075673
			6.32472632772261	-4.74780669075673
			6.31620243779306	-4.74780669075673
			6.30767854786352	-4.74780669075673
			6.29915465793397	-4.73928280082718
			6.29063076800442	-4.73928280082718
			6.28210687807488	-4.73928280082718
			6.27358298814533	-4.73075891089764
			6.26505909821579	-4.73075891089764
			6.25653520828624	-4.73075891089764
			6.2480113183567	-4.72223502096809
			6.23948742842715	-4.72223502096809
			6.23096353849761	-4.71371113103855
			6.22243964856806	-4.71371113103855
			6.21391575863852	-4.71371113103855
			6.20539186870897	-4.705187241109
			6.19686797877943	-4.705187241109
			6.18834408884988	-4.705187241109
			6.17982019892034	-4.705187241109
			6.17129630899079	-4.705187241109
			6.16277241906125	-4.705187241109
			6.1542485291317	-4.705187241109
			6.14572463920215	-4.705187241109
			6.13720074927261	-4.705187241109
			6.12867685934306	-4.705187241109
			6.12015296941352	-4.705187241109
			6.11162907948397	-4.71371113103855
			6.10310518955443	-4.71371113103855
			6.09458129962488	-4.72223502096809
			6.08605740969534	-4.73075891089764
			6.07753351976579	-4.73928280082718
		</curveLM08>
		<curveLM09 type=matrix rownames=FALSE colnames=FALSE nrow=63 ncol=2 as.numeric=TRUE >
			6.07753351976579	-4.73928280082718
			6.06900962983625	-4.73928280082718
			6.06900962983625	-4.74780669075673
			6.0604857399067	-4.74780669075673
			6.05196184997716	-4.75633058068627
			6.04343796004761	-4.76485447061582
			6.03491407011807	-4.77337836054536
			6.02639018018852	-4.78190225047491
			6.02639018018852	-4.79042614040445
			6.01786629025898	-4.798950030334
			6.01786629025898	-4.80747392026354
			6.00934240032943	-4.81599781019309
			6.00934240032943	-4.82452170012264
			6.00081851039988	-4.83304559005218
			6.00081851039988	-4.84156947998173
			6.00081851039988	-4.85009336991127
			6.00081851039988	-4.85861725984082
			5.99229462047034	-4.86714114977036
			5.99229462047034	-4.87566503969991
			5.99229462047034	-4.88418892962945
			5.99229462047034	-4.892712819559
			5.99229462047034	-4.90123670948854
			5.98377073054079	-4.90976059941809
			5.98377073054079	-4.91828448934763
			5.98377073054079	-4.92680837927718
			5.98377073054079	-4.93533226920672
			5.98377073054079	-4.94385615913627
			5.98377073054079	-4.95238004906581
			5.98377073054079	-4.96090393899536
			5.98377073054079	-4.96942782892491
			5.98377073054079	-4.97795171885445
			5.98377073054079	-4.986475608784
			5.97524684061125	-4.99499949871354
			5.97524684061125	-5.00352338864309
			5.9667229506817	-5.00352338864309
			5.95819906075216	-5.01204727857263
			5.95819906075216	-5.02057116850218
			5.94967517082261	-5.02057116850218
			5.94115128089307	-5.02909505843172
			5.94115128089307	-5.03761894836127
			5.93262739096352	-5.03761894836127
			5.92410350103398	-5.04614283829081
			5.91557961110443	-5.04614283829081
			5.91557961110443	-5.05466672822036
			5.90705572117489	-5.0631906181499
			5.89853183124534	-5.0631906181499
			5.8900079413158	-5.07171450807945
			5.88148405138625	-5.07171450807945
			5.87296016145671	-5.08023839800899
			5.87296016145671	-5.08876228793854
			5.86443627152716	-5.08876228793854
			5.85591238159761	-5.09728617786808
			5.84738849166807	-5.09728617786808
			5.83886460173852	-5.10581006779763
			5.83034071180898	-5.10581006779763
			5.82181682187943	-5.11433395772718
			5.81329293194989	-5.11433395772718
			5.80476904202034	-5.12285784765672
			5.7962451520908	-5.12285784765672
			5.78772126216125	-5.13138173758627
			5.77919737223171	-5.13138173758627
			5.77067348230216	-5.13990562751581
			5.76214959237262	-5.13990562751581
		</curveLM09>
		<curveLM10 type=matrix rownames=FALSE colnames=FALSE nrow=60 ncol=2 as.numeric=TRUE >
			5.76214959237262	-5.13990562751581
			5.75362570244307	-5.13990562751581
			5.74510181251353	-5.13138173758627
			5.73657792258398	-5.13138173758627
			5.72805403265444	-5.13138173758627
			5.71953014272489	-5.12285784765672
			5.71100625279534	-5.12285784765672
			5.7024823628658	-5.12285784765672
			5.69395847293625	-5.11433395772718
			5.68543458300671	-5.11433395772718
			5.67691069307716	-5.10581006779763
			5.66838680314762	-5.10581006779763
			5.65986291321807	-5.09728617786808
			5.65986291321807	-5.08876228793854
			5.65133902328853	-5.08876228793854
			5.64281513335898	-5.08023839800899
			5.63429124342944	-5.07171450807945
			5.62576735349989	-5.0631906181499
			5.61724346357035	-5.05466672822036
			5.6087195736408	-5.04614283829081
			5.6087195736408	-5.03761894836127
			5.60019568371126	-5.02909505843172
			5.59167179378171	-5.02057116850218
			5.59167179378171	-5.01204727857263
			5.58314790385217	-5.00352338864309
			5.57462401392262	-4.99499949871354
			5.57462401392262	-4.986475608784
			5.57462401392262	-4.97795171885445
			5.56610012399307	-4.96942782892491
			5.56610012399307	-4.96090393899536
			5.56610012399307	-4.95238004906581
			5.56610012399307	-4.94385615913627
			5.56610012399307	-4.93533226920672
			5.56610012399307	-4.92680837927718
			5.56610012399307	-4.91828448934763
			5.56610012399307	-4.90976059941809
			5.56610012399307	-4.90123670948854
			5.56610012399307	-4.892712819559
			5.56610012399307	-4.88418892962945
			5.56610012399307	-4.87566503969991
			5.56610012399307	-4.86714114977036
			5.56610012399307	-4.85861725984082
			5.55757623406353	-4.85009336991127
			5.55757623406353	-4.84156947998173
			5.55757623406353	-4.83304559005218
			5.55757623406353	-4.82452170012264
			5.55757623406353	-4.81599781019309
			5.55757623406353	-4.80747392026354
			5.55757623406353	-4.798950030334
			5.54905234413398	-4.79042614040445
			5.54905234413398	-4.78190225047491
			5.54905234413398	-4.77337836054536
			5.54052845420444	-4.76485447061582
			5.54052845420444	-4.75633058068627
			5.54052845420444	-4.74780669075673
			5.53200456427489	-4.74780669075673
			5.53200456427489	-4.73928280082718
			5.52348067434535	-4.73075891089764
			5.52348067434535	-4.72223502096809
			5.5149567844158	-4.72223502096809
		</curveLM10>
		<curveLM11 type=matrix rownames=FALSE colnames=FALSE nrow=40 ncol=2 as.numeric=TRUE >
			5.5149567844158	-4.72223502096809
			5.50643289448626	-4.72223502096809
			5.49790900455671	-4.71371113103855
			5.48938511462717	-4.71371113103855
			5.48086122469762	-4.705187241109
			5.47233733476808	-4.705187241109
			5.46381344483853	-4.705187241109
			5.45528955490899	-4.705187241109
			5.44676566497944	-4.705187241109
			5.4382417750499	-4.69666335117946
			5.42971788512035	-4.69666335117946
			5.42119399519081	-4.69666335117946
			5.41267010526126	-4.69666335117946
			5.40414621533172	-4.69666335117946
			5.39562232540217	-4.69666335117946
			5.38709843547262	-4.69666335117946
			5.37857454554308	-4.69666335117946
			5.37005065561353	-4.69666335117946
			5.36152676568399	-4.69666335117946
			5.35300287575444	-4.69666335117946
			5.3444789858249	-4.69666335117946
			5.33595509589535	-4.69666335117946
			5.32743120596581	-4.69666335117946
			5.31890731603626	-4.69666335117946
			5.31038342610672	-4.69666335117946
			5.30185953617717	-4.69666335117946
			5.29333564624763	-4.69666335117946
			5.28481175631808	-4.69666335117946
			5.27628786638854	-4.69666335117946
			5.26776397645899	-4.69666335117946
			5.25924008652945	-4.69666335117946
			5.2507161965999	-4.69666335117946
			5.24219230667035	-4.69666335117946
			5.23366841674081	-4.68813946124991
			5.22514452681126	-4.68813946124991
			5.21662063688172	-4.67961557132036
			5.20809674695217	-4.67961557132036
			5.19957285702263	-4.67109168139082
			5.19104896709308	-4.67109168139082
			5.18252507716354	-4.66256779146127
		</curveLM11>
		<curveLM12 type=matrix rownames=FALSE colnames=FALSE nrow=261 ncol=2 as.numeric=TRUE >
			5.18252507716354	-4.66256779146127
			5.17400118723399	-4.65404390153173
			5.17400118723399	-4.64552001160218
			5.16547729730445	-4.63699612167264
			5.16547729730445	-4.62847223174309
			5.16547729730445	-4.61994834181355
			5.16547729730445	-4.611424451884
			5.1569534073749	-4.60290056195446
			5.1569534073749	-4.59437667202491
			5.1569534073749	-4.58585278209537
			5.1569534073749	-4.57732889216582
			5.16547729730445	-4.56880500223628
			5.16547729730445	-4.56028111230673
			5.16547729730445	-4.55175722237719
			5.16547729730445	-4.54323333244764
			5.16547729730445	-4.53470944251809
			5.16547729730445	-4.52618555258855
			5.16547729730445	-4.517661662659
			5.16547729730445	-4.50913777272946
			5.17400118723399	-4.50061388279991
			5.17400118723399	-4.49208999287037
			5.17400118723399	-4.48356610294082
			5.17400118723399	-4.47504221301128
			5.18252507716354	-4.46651832308173
			5.18252507716354	-4.45799443315219
			5.18252507716354	-4.44947054322264
			5.18252507716354	-4.4409466532931
			5.19104896709308	-4.43242276336355
			5.19104896709308	-4.42389887343401
			5.19104896709308	-4.41537498350446
			5.19957285702263	-4.40685109357492
			5.19957285702263	-4.39832720364537
			5.19957285702263	-4.38980331371582
			5.20809674695217	-4.38127942378628
			5.20809674695217	-4.37275553385673
			5.20809674695217	-4.36423164392719
			5.21662063688172	-4.35570775399764
			5.21662063688172	-4.3471838640681
			5.21662063688172	-4.33865997413855
			5.22514452681126	-4.33013608420901
			5.22514452681126	-4.32161219427946
			5.22514452681126	-4.31308830434992
			5.23366841674081	-4.30456441442037
			5.23366841674081	-4.29604052449083
			5.23366841674081	-4.28751663456128
			5.23366841674081	-4.27899274463174
			5.24219230667035	-4.27046885470219
			5.24219230667035	-4.26194496477265
			5.24219230667035	-4.2534210748431
			5.24219230667035	-4.24489718491355
			5.2507161965999	-4.23637329498401
			5.2507161965999	-4.22784940505446
			5.2507161965999	-4.21932551512492
			5.2507161965999	-4.21080162519537
			5.25924008652945	-4.20227773526583
			5.25924008652945	-4.19375384533628
			5.25924008652945	-4.18522995540674
			5.25924008652945	-4.17670606547719
			5.26776397645899	-4.16818217554765
			5.26776397645899	-4.1596582856181
			5.26776397645899	-4.15113439568856
			5.26776397645899	-4.14261050575901
			5.27628786638854	-4.13408661582947
			5.27628786638854	-4.12556272589992
			5.27628786638854	-4.11703883597038
			5.27628786638854	-4.10851494604083
			5.28481175631808	-4.09999105611128
			5.28481175631808	-4.09146716618174
			5.28481175631808	-4.08294327625219
			5.29333564624763	-4.07441938632265
			5.29333564624763	-4.0658954963931
			5.29333564624763	-4.05737160646356
			5.29333564624763	-4.04884771653401
			5.30185953617717	-4.04032382660447
			5.30185953617717	-4.03179993667492
			5.30185953617717	-4.02327604674538
			5.30185953617717	-4.01475215681583
			5.31038342610672	-4.00622826688629
			5.31038342610672	-3.99770437695674
			5.31038342610672	-3.9891804870272
			5.31038342610672	-3.98065659709765
			5.31890731603626	-3.97213270716811
			5.31890731603626	-3.96360881723856
			5.31890731603626	-3.95508492730902
			5.31890731603626	-3.94656103737947
			5.32743120596581	-3.93803714744992
			5.32743120596581	-3.92951325752038
			5.32743120596581	-3.92098936759083
			5.32743120596581	-3.91246547766129
			5.33595509589535	-3.90394158773174
			5.33595509589535	-3.8954176978022
			5.33595509589535	-3.88689380787265
			5.3444789858249	-3.87836991794311
			5.3444789858249	-3.86984602801356
			5.3444789858249	-3.86132213808402
			5.3444789858249	-3.85279824815447
			5.35300287575444	-3.84427435822493
			5.35300287575444	-3.83575046829538
			5.35300287575444	-3.82722657836584
			5.35300287575444	-3.81870268843629
			5.36152676568399	-3.81017879850675
			5.36152676568399	-3.8016549085772
			5.36152676568399	-3.79313101864765
			5.36152676568399	-3.78460712871811
			5.37005065561353	-3.77608323878856
			5.37005065561353	-3.76755934885902
			5.37005065561353	-3.75903545892947
			5.37005065561353	-3.75051156899993
			5.37857454554308	-3.74198767907038
			5.37857454554308	-3.73346378914084
			5.37857454554308	-3.72493989921129
			5.37857454554308	-3.71641600928175
			5.38709843547262	-3.7078921193522
			5.38709843547262	-3.69936822942266
			5.38709843547262	-3.69084433949311
			5.38709843547262	-3.68232044956357
			5.39562232540217	-3.67379655963402
			5.39562232540217	-3.66527266970448
			5.39562232540217	-3.65674877977493
			5.40414621533172	-3.64822488984538
			5.40414621533172	-3.63970099991584
			5.40414621533172	-3.63117710998629
			5.40414621533172	-3.62265322005675
			5.41267010526126	-3.6141293301272
			5.41267010526126	-3.60560544019766
			5.41267010526126	-3.59708155026811
			5.41267010526126	-3.58855766033857
			5.42119399519081	-3.58003377040902
			5.42119399519081	-3.57150988047948
			5.42119399519081	-3.56298599054993
			5.42119399519081	-3.55446210062039
			5.42971788512035	-3.54593821069084
			5.42971788512035	-3.5374143207613
			5.42971788512035	-3.52889043083175
			5.42971788512035	-3.52036654090221
			5.4382417750499	-3.52036654090221
			5.4382417750499	-3.51184265097266
			5.4382417750499	-3.50331876104311
			5.4382417750499	-3.49479487111357
			5.44676566497944	-3.48627098118402
			5.44676566497944	-3.47774709125448
			5.44676566497944	-3.46922320132493
			5.44676566497944	-3.46069931139539
			5.45528955490899	-3.45217542146584
			5.45528955490899	-3.4436515315363
			5.45528955490899	-3.43512764160675
			5.46381344483853	-3.42660375167721
			5.46381344483853	-3.41807986174766
			5.46381344483853	-3.40955597181812
			5.46381344483853	-3.40103208188857
			5.47233733476808	-3.39250819195903
			5.47233733476808	-3.38398430202948
			5.47233733476808	-3.37546041209994
			5.48086122469762	-3.36693652217039
			5.48086122469762	-3.35841263224084
			5.48086122469762	-3.3498887423113
			5.48086122469762	-3.34136485238175
			5.48938511462717	-3.33284096245221
			5.48938511462717	-3.32431707252266
			5.48938511462717	-3.31579318259312
			5.48938511462717	-3.30726929266357
			5.49790900455671	-3.29874540273403
			5.49790900455671	-3.29022151280448
			5.49790900455671	-3.28169762287494
			5.49790900455671	-3.27317373294539
			5.50643289448626	-3.26464984301585
			5.50643289448626	-3.2561259530863
			5.50643289448626	-3.24760206315676
			5.50643289448626	-3.23907817322721
			5.5149567844158	-3.23907817322721
			5.5149567844158	-3.23055428329767
			5.5149567844158	-3.22203039336812
			5.5149567844158	-3.21350650343857
			5.52348067434535	-3.20498261350903
			5.52348067434535	-3.19645872357948
			5.52348067434535	-3.18793483364994
			5.52348067434535	-3.17941094372039
			5.53200456427489	-3.17088705379085
			5.53200456427489	-3.1623631638613
			5.53200456427489	-3.15383927393176
			5.54052845420444	-3.14531538400221
			5.54052845420444	-3.13679149407267
			5.54052845420444	-3.12826760414312
			5.54905234413398	-3.11974371421358
			5.54905234413398	-3.11121982428403
			5.54905234413398	-3.10269593435449
			5.54905234413398	-3.09417204442494
			5.55757623406353	-3.0856481544954
			5.55757623406353	-3.07712426456585
			5.55757623406353	-3.0686003746363
			5.55757623406353	-3.06007648470676
			5.56610012399307	-3.05155259477721
			5.56610012399307	-3.04302870484767
			5.56610012399307	-3.03450481491812
			5.57462401392262	-3.02598092498858
			5.57462401392262	-3.01745703505903
			5.57462401392262	-3.00893314512949
			5.57462401392262	-3.00040925519994
			5.58314790385217	-3.00040925519994
			5.58314790385217	-2.9918853652704
			5.58314790385217	-2.98336147534085
			5.58314790385217	-2.97483758541131
			5.59167179378171	-2.96631369548176
			5.59167179378171	-2.95778980555222
			5.59167179378171	-2.94926591562267
			5.60019568371126	-2.94074202569313
			5.60019568371126	-2.93221813576358
			5.60019568371126	-2.92369424583403
			5.60019568371126	-2.91517035590449
			5.6087195736408	-2.90664646597494
			5.6087195736408	-2.8981225760454
			5.6087195736408	-2.88959868611585
			5.61724346357035	-2.88107479618631
			5.61724346357035	-2.87255090625676
			5.61724346357035	-2.86402701632722
			5.61724346357035	-2.85550312639767
			5.62576735349989	-2.85550312639767
			5.62576735349989	-2.84697923646813
			5.62576735349989	-2.83845534653858
			5.62576735349989	-2.82993145660904
			5.63429124342944	-2.82140756667949
			5.63429124342944	-2.81288367674995
			5.63429124342944	-2.8043597868204
			5.64281513335898	-2.79583589689086
			5.64281513335898	-2.78731200696131
			5.64281513335898	-2.77878811703176
			5.65133902328853	-2.77026422710222
			5.65133902328853	-2.76174033717267
			5.65133902328853	-2.75321644724313
			5.65133902328853	-2.74469255731358
			5.65986291321807	-2.74469255731358
			5.65986291321807	-2.73616866738404
			5.65986291321807	-2.72764477745449
			5.66838680314762	-2.71912088752495
			5.66838680314762	-2.7105969975954
			5.66838680314762	-2.70207310766586
			5.67691069307716	-2.69354921773631
			5.67691069307716	-2.68502532780677
			5.67691069307716	-2.67650143787722
			5.67691069307716	-2.66797754794768
			5.68543458300671	-2.66797754794768
			5.68543458300671	-2.65945365801813
			5.68543458300671	-2.65092976808859
			5.69395847293625	-2.64240587815904
			5.69395847293625	-2.63388198822949
			5.7024823628658	-2.62535809829995
			5.7024823628658	-2.6168342083704
			5.7024823628658	-2.60831031844086
			5.7024823628658	-2.59978642851131
			5.71100625279534	-2.59978642851131
			5.71100625279534	-2.59126253858177
			5.71100625279534	-2.58273864865222
			5.71953014272489	-2.58273864865222
			5.71953014272489	-2.57421475872268
			5.71953014272489	-2.56569086879313
			5.72805403265444	-2.56569086879313
			5.72805403265444	-2.55716697886359
			5.72805403265444	-2.54864308893404
			5.73657792258398	-2.54864308893404
			5.73657792258398	-2.5401191990045
			5.74510181251353	-2.5401191990045
		</curveLM12>
	</curves.scaled>
	<ruler.points type=matrix rownames=TRUE colnames=FALSE nrow=5 ncol=2 as.numeric=TRUE >
		Ruler point 1	209	814
		Ruler point 2	326	814
		Ruler point 3	444	814
		Ruler point 4	561	814
		Ruler point 5	678	814
	</ruler.points>
</shapes>

