<shapes type=list>
	<ruler.pixel type=vector names=FALSE length=1 as.numeric=TRUE >117.500810528562</ruler.pixel>
	<ruler.interval type=vector names=FALSE length=1 as.numeric=TRUE >1</ruler.interval>
	<scaling.units type=vector names=FALSE length=1 as.numeric=FALSE >cm</scaling.units>
	<scaling type=vector names=FALSE length=1 as.numeric=TRUE >0.00851057959091199</scaling>
	<landmarks.pixel type=matrix rownames=TRUE colnames=FALSE nrow=6 ncol=2 as.numeric=TRUE >
		LM01	692	215
		LM02	764	506
		LM03	713	530
		LM04	679	603
		LM05	650	517
		LM06	616	509
	</landmarks.pixel>
	<landmarks.scaled type=matrix rownames=TRUE colnames=FALSE nrow=6 ncol=2 as.numeric=TRUE >
		LM01	5.8893210769111	-1.82977461204608
		LM02	6.50208280745676	-4.30635327300147
		LM03	6.06804324832025	-4.51060718318335
		LM04	5.77868354222924	-5.13187949331993
		LM05	5.53187673409279	-4.3999696485015
		LM06	5.24251702800179	-4.3318850117742
	</landmarks.scaled>
	<curves.control type=list>
		<curveLM07 type=matrix rownames=FALSE colnames=FALSE nrow=7 ncol=2 as.numeric=TRUE >
			692	215
			700	219
			722	318
			731	344
			742	422
			751	470
			764	506
		</curveLM07>
		<curveLM08 type=matrix rownames=FALSE colnames=FALSE nrow=5 ncol=2 as.numeric=TRUE >
			764	506
			760	520
			734	524
			722	524
			713	530
		</curveLM08>
		<curveLM09 type=matrix rownames=FALSE colnames=FALSE nrow=7 ncol=2 as.numeric=TRUE >
			713	530
			708	543
			711	562
			708	603
			692	603
			686	603
			679	603
		</curveLM09>
		<curveLM10 type=matrix rownames=FALSE colnames=FALSE nrow=5 ncol=2 as.numeric=TRUE >
			679	603
			651	599
			653	547
			660	528
			650	517
		</curveLM10>
		<curveLM11 type=matrix rownames=FALSE colnames=FALSE nrow=5 ncol=2 as.numeric=TRUE >
			650	517
			646	513
			634	517
			626	510
			616	509
		</curveLM11>
		<curveLM12 type=matrix rownames=FALSE colnames=FALSE nrow=9 ncol=2 as.numeric=TRUE >
			616	509
			609	486
			624	471
			634	403
			647	336
			667	269
			675	249
			686	217
			692	215
		</curveLM12>
	</curves.control>
	<curves.pixel type=list>
		<curveLM07 type=matrix rownames=FALSE colnames=FALSE nrow=297 ncol=2 as.numeric=TRUE >
			692	215
			693	215
			693	216
			694	217
			695	218
			695	219
			696	220
			696	221
			697	222
			697	223
			697	224
			698	225
			698	226
			698	227
			699	228
			699	229
			699	230
			700	231
			700	232
			701	233
			701	234
			701	235
			701	236
			702	237
			702	238
			702	239
			703	240
			703	241
			703	242
			704	243
			704	244
			704	245
			704	246
			705	247
			705	248
			705	249
			706	250
			706	251
			706	252
			706	253
			707	254
			707	255
			707	256
			707	257
			708	258
			708	259
			708	260
			708	261
			709	262
			709	263
			709	264
			710	265
			710	266
			710	267
			710	268
			711	269
			711	270
			711	271
			711	272
			711	273
			712	274
			712	275
			712	276
			713	277
			713	278
			713	279
			713	280
			714	281
			714	282
			714	283
			714	284
			715	285
			715	286
			715	287
			715	288
			715	289
			716	290
			716	291
			716	292
			716	293
			717	294
			717	295
			717	296
			717	297
			718	298
			718	299
			718	300
			718	301
			718	302
			719	303
			719	304
			719	305
			719	306
			720	307
			720	308
			720	309
			720	310
			720	311
			721	312
			721	313
			721	314
			721	315
			722	316
			722	317
			722	318
			722	319
			723	320
			723	321
			723	322
			724	323
			724	324
			724	325
			724	326
			725	327
			725	328
			725	329
			726	330
			726	331
			726	332
			726	333
			727	334
			727	335
			727	336
			727	337
			727	338
			728	339
			728	340
			728	341
			729	342
			729	343
			729	344
			729	345
			729	346
			730	347
			730	348
			730	349
			730	350
			730	351
			730	352
			731	352
			731	353
			731	354
			731	355
			731	356
			731	357
			732	358
			732	359
			732	360
			732	361
			732	362
			733	363
			733	364
			733	365
			733	366
			733	367
			733	368
			734	369
			734	370
			734	371
			734	372
			734	373
			735	374
			735	375
			735	376
			735	377
			735	378
			735	379
			736	380
			736	381
			736	382
			736	383
			736	384
			736	385
			737	386
			737	387
			737	388
			737	389
			737	390
			737	391
			738	392
			738	393
			738	394
			738	395
			738	396
			738	397
			739	398
			739	399
			739	400
			739	401
			739	402
			739	403
			739	404
			740	405
			740	406
			740	407
			740	408
			740	409
			740	410
			740	411
			741	412
			741	413
			741	414
			741	415
			741	416
			741	417
			741	418
			742	419
			742	420
			742	421
			742	422
			742	423
			742	424
			743	425
			743	426
			743	427
			743	428
			743	429
			743	430
			744	430
			744	431
			744	432
			744	433
			744	434
			745	435
			745	436
			745	437
			745	438
			745	439
			746	440
			746	441
			746	442
			746	443
			747	444
			747	445
			747	446
			747	447
			747	448
			748	449
			748	450
			748	451
			748	452
			749	453
			749	454
			749	455
			749	456
			750	457
			750	458
			750	459
			750	460
			751	461
			751	462
			751	463
			751	464
			752	465
			752	466
			752	467
			752	468
			753	469
			753	470
			753	471
			753	472
			754	473
			754	474
			754	475
			754	476
			755	477
			755	478
			755	479
			755	480
			756	480
			756	481
			756	482
			757	483
			757	484
			757	485
			757	486
			758	487
			758	488
			758	489
			758	490
			759	490
			759	491
			759	492
			760	493
			760	494
			760	495
			760	496
			761	497
			761	498
			762	499
			762	500
			762	501
			763	502
			763	503
			763	504
			764	505
			764	506
		</curveLM07>
		<curveLM08 type=matrix rownames=FALSE colnames=FALSE nrow=57 ncol=2 as.numeric=TRUE >
			764	506
			764	507
			763	508
			763	509
			763	510
			762	510
			761	511
			761	512
			760	513
			760	514
			759	514
			758	515
			757	516
			756	516
			755	517
			754	518
			753	518
			752	519
			751	519
			750	520
			749	520
			748	520
			747	521
			746	521
			745	522
			744	522
			743	522
			742	522
			741	523
			740	523
			739	523
			738	523
			737	523
			736	524
			735	524
			734	524
			733	524
			732	524
			731	524
			730	524
			729	524
			728	524
			727	525
			726	525
			725	525
			724	525
			723	525
			722	526
			721	526
			720	527
			719	527
			718	527
			717	528
			716	528
			715	529
			714	529
			713	530
		</curveLM08>
		<curveLM09 type=matrix rownames=FALSE colnames=FALSE nrow=93 ncol=2 as.numeric=TRUE >
			713	530
			713	531
			712	532
			712	533
			712	534
			711	535
			711	536
			711	537
			711	538
			711	539
			710	540
			710	541
			710	542
			710	543
			710	544
			710	545
			710	546
			710	547
			710	548
			710	549
			710	550
			710	551
			710	552
			710	553
			710	554
			710	555
			710	556
			710	557
			710	558
			711	559
			711	560
			711	561
			711	562
			711	563
			711	564
			711	565
			711	566
			711	567
			710	568
			710	569
			710	570
			710	571
			710	572
			710	573
			710	574
			710	575
			709	576
			709	577
			709	578
			709	579
			709	580
			708	581
			708	582
			708	583
			708	584
			707	585
			707	586
			707	587
			707	588
			706	589
			706	590
			706	591
			705	591
			705	592
			705	593
			704	594
			704	595
			703	596
			702	597
			701	598
			701	599
			700	600
			699	601
			698	601
			697	602
			696	602
			695	603
			694	603
			693	603
			692	603
			691	603
			690	603
			689	603
			688	603
			687	603
			686	603
			685	603
			684	603
			683	603
			682	603
			681	603
			680	603
			679	603
		</curveLM09>
		<curveLM10 type=matrix rownames=FALSE colnames=FALSE nrow=98 ncol=2 as.numeric=TRUE >
			679	603
			678	603
			677	603
			676	602
			675	602
			674	602
			673	601
			672	601
			671	600
			670	600
			669	599
			668	599
			667	598
			666	598
			666	597
			665	596
			664	595
			663	595
			663	594
			662	593
			661	592
			661	591
			660	590
			660	589
			659	588
			658	587
			658	586
			657	585
			657	584
			657	583
			657	582
			656	582
			656	581
			656	580
			656	579
			655	578
			655	577
			655	576
			655	575
			654	574
			654	573
			654	572
			654	571
			654	570
			654	569
			654	568
			654	567
			653	567
			653	566
			653	565
			653	564
			653	563
			653	562
			653	561
			653	560
			653	559
			653	558
			653	557
			653	556
			653	555
			653	554
			653	553
			653	552
			653	551
			653	550
			653	549
			653	548
			653	547
			653	546
			654	545
			654	544
			654	543
			655	542
			655	541
			655	540
			655	539
			655	538
			656	537
			656	536
			656	535
			656	534
			656	533
			656	532
			656	531
			656	530
			656	529
			656	528
			655	527
			655	526
			655	525
			654	524
			654	523
			653	522
			653	521
			652	520
			652	519
			651	518
			650	517
		</curveLM10>
		<curveLM11 type=matrix rownames=FALSE colnames=FALSE nrow=36 ncol=2 as.numeric=TRUE >
			650	517
			649	516
			648	516
			647	515
			646	515
			645	515
			644	515
			643	515
			642	515
			641	515
			640	515
			639	516
			638	516
			637	516
			636	516
			635	517
			634	517
			633	516
			632	515
			631	515
			631	514
			630	514
			629	513
			628	513
			627	512
			626	512
			625	511
			624	511
			623	510
			622	510
			621	510
			620	510
			619	509
			618	509
			617	509
			616	509
		</curveLM11>
		<curveLM12 type=matrix rownames=FALSE colnames=FALSE nrow=302 ncol=2 as.numeric=TRUE >
			616	509
			616	508
			615	507
			615	506
			615	505
			615	504
			614	503
			614	502
			614	501
			614	500
			614	499
			614	498
			614	497
			614	496
			614	495
			614	494
			614	493
			614	492
			614	491
			614	490
			614	489
			615	488
			615	487
			615	486
			615	485
			616	484
			616	483
			616	482
			617	481
			617	480
			618	479
			618	478
			619	477
			620	476
			620	475
			621	475
			621	474
			622	473
			623	472
			624	471
			624	470
			624	469
			624	468
			625	467
			625	466
			625	465
			625	464
			625	463
			625	462
			625	461
			626	460
			626	459
			626	458
			626	457
			626	456
			626	455
			626	454
			627	453
			627	452
			627	451
			627	450
			627	449
			627	448
			628	447
			628	446
			628	445
			628	444
			628	443
			628	442
			629	441
			629	440
			629	439
			629	438
			629	437
			629	436
			630	435
			630	434
			630	433
			630	432
			630	431
			630	430
			630	429
			631	428
			631	427
			631	426
			631	425
			631	424
			631	423
			632	422
			632	421
			632	420
			632	419
			632	418
			632	417
			633	416
			633	415
			633	414
			633	413
			633	412
			633	411
			634	410
			634	409
			634	408
			634	407
			634	406
			634	405
			635	404
			635	403
			635	402
			635	401
			635	400
			635	399
			636	398
			636	397
			636	396
			636	395
			636	394
			637	393
			637	392
			637	391
			637	390
			637	389
			637	388
			638	387
			638	386
			638	385
			638	384
			638	383
			639	382
			639	381
			639	380
			639	379
			639	378
			639	377
			639	376
			640	376
			640	375
			640	374
			640	373
			640	372
			640	371
			641	370
			641	369
			641	368
			641	367
			641	366
			642	365
			642	364
			642	363
			642	362
			642	361
			642	360
			643	359
			643	358
			643	357
			643	356
			643	355
			644	354
			644	353
			644	352
			644	351
			644	350
			645	349
			645	348
			645	347
			645	346
			645	345
			646	344
			646	343
			646	342
			646	341
			646	340
			646	339
			647	338
			647	337
			647	336
			647	335
			648	334
			648	333
			648	332
			649	331
			649	330
			649	329
			649	328
			650	327
			650	326
			650	325
			651	324
			651	323
			651	322
			651	321
			652	320
			652	319
			652	318
			653	317
			653	316
			653	315
			654	314
			654	313
			654	312
			655	311
			655	310
			655	309
			655	308
			656	307
			656	306
			656	305
			657	304
			657	303
			657	302
			658	301
			658	300
			658	299
			659	298
			659	297
			659	296
			659	295
			660	295
			660	294
			660	293
			660	292
			661	291
			661	290
			661	289
			662	288
			662	287
			662	286
			663	285
			663	284
			663	283
			664	282
			664	281
			664	280
			665	279
			665	278
			665	277
			665	276
			666	275
			666	274
			667	273
			667	272
			667	271
			668	270
			668	269
			668	268
			668	267
			669	266
			669	265
			670	264
			670	263
			670	262
			671	261
			671	260
			671	259
			672	258
			672	257
			672	256
			673	255
			673	254
			673	253
			674	252
			674	251
			675	250
			675	249
			675	248
			676	247
			676	246
			676	245
			677	244
			677	243
			677	242
			678	241
			678	240
			678	239
			679	239
			679	238
			679	237
			680	236
			680	235
			681	234
			681	233
			681	232
			682	231
			682	230
			683	229
			683	228
			684	227
			684	226
			684	225
			685	225
			685	224
			685	223
			686	222
			687	221
			687	220
			688	219
			689	218
			689	217
			690	217
			690	216
			691	215
			692	215
		</curveLM12>
	</curves.pixel>
	<curves.scaled type=list>
		<curveLM07 type=matrix rownames=FALSE colnames=FALSE nrow=297 ncol=2 as.numeric=TRUE >
			5.8893210769111	-1.82977461204608
			5.89783165650201	-1.82977461204608
			5.89783165650201	-1.83828519163699
			5.90634223609292	-1.8467957712279
			5.91485281568383	-1.85530635081881
			5.91485281568383	-1.86381693040973
			5.92336339527474	-1.87232751000064
			5.92336339527474	-1.88083808959155
			5.93187397486566	-1.88934866918246
			5.93187397486566	-1.89785924877337
			5.93187397486566	-1.90636982836429
			5.94038455445657	-1.9148804079552
			5.94038455445657	-1.92339098754611
			5.94038455445657	-1.93190156713702
			5.94889513404748	-1.94041214672793
			5.94889513404748	-1.94892272631885
			5.94889513404748	-1.95743330590976
			5.95740571363839	-1.96594388550067
			5.95740571363839	-1.97445446509158
			5.9659162932293	-1.98296504468249
			5.9659162932293	-1.99147562427341
			5.9659162932293	-1.99998620386432
			5.9659162932293	-2.00849678345523
			5.97442687282022	-2.01700736304614
			5.97442687282022	-2.02551794263705
			5.97442687282022	-2.03402852222797
			5.98293745241113	-2.04253910181888
			5.98293745241113	-2.05104968140979
			5.98293745241113	-2.0595602610007
			5.99144803200204	-2.06807084059161
			5.99144803200204	-2.07658142018253
			5.99144803200204	-2.08509199977344
			5.99144803200204	-2.09360257936435
			5.99995861159295	-2.10211315895526
			5.99995861159295	-2.11062373854617
			5.99995861159295	-2.11913431813708
			6.00846919118386	-2.127644897728
			6.00846919118386	-2.13615547731891
			6.00846919118386	-2.14466605690982
			6.00846919118386	-2.15317663650073
			6.01697977077478	-2.16168721609165
			6.01697977077478	-2.17019779568256
			6.01697977077478	-2.17870837527347
			6.01697977077478	-2.18721895486438
			6.02549035036569	-2.19572953445529
			6.02549035036569	-2.2042401140462
			6.02549035036569	-2.21275069363712
			6.02549035036569	-2.22126127322803
			6.0340009299566	-2.22977185281894
			6.0340009299566	-2.23828243240985
			6.0340009299566	-2.24679301200077
			6.04251150954751	-2.25530359159168
			6.04251150954751	-2.26381417118259
			6.04251150954751	-2.2723247507735
			6.04251150954751	-2.28083533036441
			6.05102208913842	-2.28934590995532
			6.05102208913842	-2.29785648954624
			6.05102208913842	-2.30636706913715
			6.05102208913842	-2.31487764872806
			6.05102208913842	-2.32338822831897
			6.05953266872934	-2.33189880790989
			6.05953266872934	-2.3404093875008
			6.05953266872934	-2.34891996709171
			6.06804324832025	-2.35743054668262
			6.06804324832025	-2.36594112627353
			6.06804324832025	-2.37445170586444
			6.06804324832025	-2.38296228545536
			6.07655382791116	-2.39147286504627
			6.07655382791116	-2.39998344463718
			6.07655382791116	-2.40849402422809
			6.07655382791116	-2.417004603819
			6.08506440750207	-2.42551518340992
			6.08506440750207	-2.43402576300083
			6.08506440750207	-2.44253634259174
			6.08506440750207	-2.45104692218265
			6.08506440750207	-2.45955750177356
			6.09357498709298	-2.46806808136448
			6.09357498709298	-2.47657866095539
			6.09357498709298	-2.4850892405463
			6.09357498709298	-2.49359982013721
			6.1020855666839	-2.50211039972812
			6.1020855666839	-2.51062097931904
			6.1020855666839	-2.51913155890995
			6.1020855666839	-2.52764213850086
			6.11059614627481	-2.53615271809177
			6.11059614627481	-2.54466329768268
			6.11059614627481	-2.5531738772736
			6.11059614627481	-2.56168445686451
			6.11059614627481	-2.57019503645542
			6.11910672586572	-2.57870561604633
			6.11910672586572	-2.58721619563724
			6.11910672586572	-2.59572677522816
			6.11910672586572	-2.60423735481907
			6.12761730545663	-2.61274793440998
			6.12761730545663	-2.62125851400089
			6.12761730545663	-2.6297690935918
			6.12761730545663	-2.63827967318272
			6.12761730545663	-2.64679025277363
			6.13612788504754	-2.65530083236454
			6.13612788504754	-2.66381141195545
			6.13612788504754	-2.67232199154636
			6.13612788504754	-2.68083257113728
			6.14463846463846	-2.68934315072819
			6.14463846463846	-2.6978537303191
			6.14463846463846	-2.70636430991001
			6.14463846463846	-2.71487488950092
			6.15314904422937	-2.72338546909184
			6.15314904422937	-2.73189604868275
			6.15314904422937	-2.74040662827366
			6.16165962382028	-2.74891720786457
			6.16165962382028	-2.75742778745548
			6.16165962382028	-2.7659383670464
			6.16165962382028	-2.77444894663731
			6.17017020341119	-2.78295952622822
			6.17017020341119	-2.79147010581913
			6.17017020341119	-2.79998068541004
			6.1786807830021	-2.80849126500096
			6.1786807830021	-2.81700184459187
			6.1786807830021	-2.82551242418278
			6.1786807830021	-2.83402300377369
			6.18719136259302	-2.8425335833646
			6.18719136259302	-2.85104416295552
			6.18719136259302	-2.85955474254643
			6.18719136259302	-2.86806532213734
			6.18719136259302	-2.87657590172825
			6.19570194218393	-2.88508648131916
			6.19570194218393	-2.89359706091008
			6.19570194218393	-2.90210764050099
			6.20421252177484	-2.9106182200919
			6.20421252177484	-2.91912879968281
			6.20421252177484	-2.92763937927372
			6.20421252177484	-2.93614995886464
			6.20421252177484	-2.94466053845555
			6.21272310136575	-2.95317111804646
			6.21272310136575	-2.96168169763737
			6.21272310136575	-2.97019227722828
			6.21272310136575	-2.9787028568192
			6.21272310136575	-2.98721343641011
			6.21272310136575	-2.99572401600102
			6.22123368095666	-2.99572401600102
			6.22123368095666	-3.00423459559193
			6.22123368095666	-3.01274517518284
			6.22123368095666	-3.02125575477376
			6.22123368095666	-3.02976633436467
			6.22123368095666	-3.03827691395558
			6.22974426054758	-3.04678749354649
			6.22974426054758	-3.0552980731374
			6.22974426054758	-3.06380865272832
			6.22974426054758	-3.07231923231923
			6.22974426054758	-3.08082981191014
			6.23825484013849	-3.08934039150105
			6.23825484013849	-3.09785097109196
			6.23825484013849	-3.10636155068288
			6.23825484013849	-3.11487213027379
			6.23825484013849	-3.1233827098647
			6.23825484013849	-3.13189328945561
			6.2467654197294	-3.14040386904652
			6.2467654197294	-3.14891444863744
			6.2467654197294	-3.15742502822835
			6.2467654197294	-3.16593560781926
			6.2467654197294	-3.17444618741017
			6.25527599932031	-3.18295676700108
			6.25527599932031	-3.191467346592
			6.25527599932031	-3.19997792618291
			6.25527599932031	-3.20848850577382
			6.25527599932031	-3.21699908536473
			6.25527599932031	-3.22550966495564
			6.26378657891122	-3.23402024454656
			6.26378657891122	-3.24253082413747
			6.26378657891122	-3.25104140372838
			6.26378657891122	-3.25955198331929
			6.26378657891122	-3.2680625629102
			6.26378657891122	-3.27657314250112
			6.27229715850214	-3.28508372209203
			6.27229715850214	-3.29359430168294
			6.27229715850214	-3.30210488127385
			6.27229715850214	-3.31061546086476
			6.27229715850214	-3.31912604045568
			6.27229715850214	-3.32763662004659
			6.28080773809305	-3.3361471996375
			6.28080773809305	-3.34465777922841
			6.28080773809305	-3.35316835881932
			6.28080773809305	-3.36167893841024
			6.28080773809305	-3.37018951800115
			6.28080773809305	-3.37870009759206
			6.28931831768396	-3.38721067718297
			6.28931831768396	-3.39572125677388
			6.28931831768396	-3.4042318363648
			6.28931831768396	-3.41274241595571
			6.28931831768396	-3.42125299554662
			6.28931831768396	-3.42976357513753
			6.28931831768396	-3.43827415472844
			6.29782889727487	-3.44678473431936
			6.29782889727487	-3.45529531391027
			6.29782889727487	-3.46380589350118
			6.29782889727487	-3.47231647309209
			6.29782889727487	-3.480827052683
			6.29782889727487	-3.48933763227392
			6.29782889727487	-3.49784821186483
			6.30633947686578	-3.50635879145574
			6.30633947686578	-3.51486937104665
			6.30633947686578	-3.52337995063756
			6.30633947686578	-3.53189053022848
			6.30633947686578	-3.54040110981939
			6.30633947686578	-3.5489116894103
			6.30633947686578	-3.55742226900121
			6.3148500564567	-3.56593284859212
			6.3148500564567	-3.57444342818304
			6.3148500564567	-3.58295400777395
			6.3148500564567	-3.59146458736486
			6.3148500564567	-3.59997516695577
			6.3148500564567	-3.60848574654668
			6.32336063604761	-3.6169963261376
			6.32336063604761	-3.62550690572851
			6.32336063604761	-3.63401748531942
			6.32336063604761	-3.64252806491033
			6.32336063604761	-3.65103864450124
			6.32336063604761	-3.65954922409216
			6.33187121563852	-3.65954922409216
			6.33187121563852	-3.66805980368307
			6.33187121563852	-3.67657038327398
			6.33187121563852	-3.68508096286489
			6.33187121563852	-3.6935915424558
			6.34038179522943	-3.70210212204671
			6.34038179522943	-3.71061270163763
			6.34038179522943	-3.71912328122854
			6.34038179522943	-3.72763386081945
			6.34038179522943	-3.73614444041036
			6.34889237482034	-3.74465502000128
			6.34889237482034	-3.75316559959219
			6.34889237482034	-3.7616761791831
			6.34889237482034	-3.77018675877401
			6.35740295441126	-3.77869733836492
			6.35740295441126	-3.78720791795583
			6.35740295441126	-3.79571849754675
			6.35740295441126	-3.80422907713766
			6.35740295441126	-3.81273965672857
			6.36591353400217	-3.82125023631948
			6.36591353400217	-3.82976081591039
			6.36591353400217	-3.83827139550131
			6.36591353400217	-3.84678197509222
			6.37442411359308	-3.85529255468313
			6.37442411359308	-3.86380313427404
			6.37442411359308	-3.87231371386495
			6.37442411359308	-3.88082429345587
			6.38293469318399	-3.88933487304678
			6.38293469318399	-3.89784545263769
			6.38293469318399	-3.9063560322286
			6.38293469318399	-3.91486661181951
			6.3914452727749	-3.92337719141043
			6.3914452727749	-3.93188777100134
			6.3914452727749	-3.94039835059225
			6.3914452727749	-3.94890893018316
			6.39995585236582	-3.95741950977407
			6.39995585236582	-3.96593008936499
			6.39995585236582	-3.9744406689559
			6.39995585236582	-3.98295124854681
			6.40846643195673	-3.99146182813772
			6.40846643195673	-3.99997240772863
			6.40846643195673	-4.00848298731955
			6.40846643195673	-4.01699356691046
			6.41697701154764	-4.02550414650137
			6.41697701154764	-4.03401472609228
			6.41697701154764	-4.04252530568319
			6.41697701154764	-4.05103588527411
			6.42548759113855	-4.05954646486502
			6.42548759113855	-4.06805704445593
			6.42548759113855	-4.07656762404684
			6.42548759113855	-4.08507820363775
			6.43399817072946	-4.08507820363775
			6.43399817072946	-4.09358878322867
			6.43399817072946	-4.10209936281958
			6.44250875032038	-4.11060994241049
			6.44250875032038	-4.1191205220014
			6.44250875032038	-4.12763110159231
			6.44250875032038	-4.13614168118323
			6.45101932991129	-4.14465226077414
			6.45101932991129	-4.15316284036505
			6.45101932991129	-4.16167341995596
			6.45101932991129	-4.17018399954687
			6.4595299095022	-4.17018399954687
			6.4595299095022	-4.17869457913779
			6.4595299095022	-4.1872051587287
			6.46804048909311	-4.19571573831961
			6.46804048909311	-4.20422631791052
			6.46804048909311	-4.21273689750143
			6.46804048909311	-4.22124747709235
			6.47655106868402	-4.22975805668326
			6.47655106868402	-4.23826863627417
			6.48506164827494	-4.24677921586508
			6.48506164827494	-4.25528979545599
			6.48506164827494	-4.26380037504691
			6.49357222786585	-4.27231095463782
			6.49357222786585	-4.28082153422873
			6.49357222786585	-4.28933211381964
			6.50208280745676	-4.29784269341055
			6.50208280745676	-4.30635327300147
		</curveLM07>
		<curveLM08 type=matrix rownames=FALSE colnames=FALSE nrow=57 ncol=2 as.numeric=TRUE >
			6.50208280745676	-4.30635327300147
			6.50208280745676	-4.31486385259238
			6.49357222786585	-4.32337443218329
			6.49357222786585	-4.3318850117742
			6.49357222786585	-4.34039559136511
			6.48506164827494	-4.34039559136511
			6.47655106868402	-4.34890617095603
			6.47655106868402	-4.35741675054694
			6.46804048909311	-4.36592733013785
			6.46804048909311	-4.37443790972876
			6.4595299095022	-4.37443790972876
			6.45101932991129	-4.38294848931967
			6.44250875032038	-4.39145906891059
			6.43399817072946	-4.39145906891059
			6.42548759113855	-4.3999696485015
			6.41697701154764	-4.40848022809241
			6.40846643195673	-4.40848022809241
			6.39995585236582	-4.41699080768332
			6.3914452727749	-4.41699080768332
			6.38293469318399	-4.42550138727423
			6.37442411359308	-4.42550138727423
			6.36591353400217	-4.42550138727423
			6.35740295441126	-4.43401196686515
			6.34889237482034	-4.43401196686515
			6.34038179522943	-4.44252254645606
			6.33187121563852	-4.44252254645606
			6.32336063604761	-4.44252254645606
			6.3148500564567	-4.44252254645606
			6.30633947686578	-4.45103312604697
			6.29782889727487	-4.45103312604697
			6.28931831768396	-4.45103312604697
			6.28080773809305	-4.45103312604697
			6.27229715850214	-4.45103312604697
			6.26378657891122	-4.45954370563788
			6.25527599932031	-4.45954370563788
			6.2467654197294	-4.45954370563788
			6.23825484013849	-4.45954370563788
			6.22974426054758	-4.45954370563788
			6.22123368095666	-4.45954370563788
			6.21272310136575	-4.45954370563788
			6.20421252177484	-4.45954370563788
			6.19570194218393	-4.45954370563788
			6.18719136259302	-4.46805428522879
			6.1786807830021	-4.46805428522879
			6.17017020341119	-4.46805428522879
			6.16165962382028	-4.46805428522879
			6.15314904422937	-4.46805428522879
			6.14463846463846	-4.47656486481971
			6.13612788504754	-4.47656486481971
			6.12761730545663	-4.48507544441062
			6.11910672586572	-4.48507544441062
			6.11059614627481	-4.48507544441062
			6.1020855666839	-4.49358602400153
			6.09357498709298	-4.49358602400153
			6.08506440750207	-4.50209660359244
			6.07655382791116	-4.50209660359244
			6.06804324832025	-4.51060718318335
		</curveLM08>
		<curveLM09 type=matrix rownames=FALSE colnames=FALSE nrow=93 ncol=2 as.numeric=TRUE >
			6.06804324832025	-4.51060718318335
			6.06804324832025	-4.51911776277427
			6.05953266872934	-4.52762834236518
			6.05953266872934	-4.53613892195609
			6.05953266872934	-4.544649501547
			6.05102208913842	-4.55316008113791
			6.05102208913842	-4.56167066072883
			6.05102208913842	-4.57018124031974
			6.05102208913842	-4.57869181991065
			6.05102208913842	-4.58720239950156
			6.04251150954751	-4.59571297909247
			6.04251150954751	-4.60422355868339
			6.04251150954751	-4.6127341382743
			6.04251150954751	-4.62124471786521
			6.04251150954751	-4.62975529745612
			6.04251150954751	-4.63826587704703
			6.04251150954751	-4.64677645663795
			6.04251150954751	-4.65528703622886
			6.04251150954751	-4.66379761581977
			6.04251150954751	-4.67230819541068
			6.04251150954751	-4.68081877500159
			6.04251150954751	-4.68932935459251
			6.04251150954751	-4.69783993418342
			6.04251150954751	-4.70635051377433
			6.04251150954751	-4.71486109336524
			6.04251150954751	-4.72337167295615
			6.04251150954751	-4.73188225254707
			6.04251150954751	-4.74039283213798
			6.04251150954751	-4.74890341172889
			6.05102208913842	-4.7574139913198
			6.05102208913842	-4.76592457091071
			6.05102208913842	-4.77443515050163
			6.05102208913842	-4.78294573009254
			6.05102208913842	-4.79145630968345
			6.05102208913842	-4.79996688927436
			6.05102208913842	-4.80847746886527
			6.05102208913842	-4.81698804845619
			6.05102208913842	-4.8254986280471
			6.04251150954751	-4.83400920763801
			6.04251150954751	-4.84251978722892
			6.04251150954751	-4.85103036681983
			6.04251150954751	-4.85954094641075
			6.04251150954751	-4.86805152600166
			6.04251150954751	-4.87656210559257
			6.04251150954751	-4.88507268518348
			6.04251150954751	-4.89358326477439
			6.0340009299566	-4.90209384436531
			6.0340009299566	-4.91060442395622
			6.0340009299566	-4.91911500354713
			6.0340009299566	-4.92762558313804
			6.0340009299566	-4.93613616272895
			6.02549035036569	-4.94464674231987
			6.02549035036569	-4.95315732191078
			6.02549035036569	-4.96166790150169
			6.02549035036569	-4.9701784810926
			6.01697977077478	-4.97868906068351
			6.01697977077478	-4.98719964027442
			6.01697977077478	-4.99571021986534
			6.01697977077478	-5.00422079945625
			6.00846919118386	-5.01273137904716
			6.00846919118386	-5.02124195863807
			6.00846919118386	-5.02975253822899
			5.99995861159295	-5.02975253822899
			5.99995861159295	-5.0382631178199
			5.99995861159295	-5.04677369741081
			5.99144803200204	-5.05528427700172
			5.99144803200204	-5.06379485659263
			5.98293745241113	-5.07230543618355
			5.97442687282022	-5.08081601577446
			5.9659162932293	-5.08932659536537
			5.9659162932293	-5.09783717495628
			5.95740571363839	-5.10634775454719
			5.94889513404748	-5.1148583341381
			5.94038455445657	-5.1148583341381
			5.93187397486566	-5.12336891372902
			5.92336339527474	-5.12336891372902
			5.91485281568383	-5.13187949331993
			5.90634223609292	-5.13187949331993
			5.89783165650201	-5.13187949331993
			5.8893210769111	-5.13187949331993
			5.88081049732018	-5.13187949331993
			5.87229991772927	-5.13187949331993
			5.86378933813836	-5.13187949331993
			5.85527875854745	-5.13187949331993
			5.84676817895654	-5.13187949331993
			5.83825759936562	-5.13187949331993
			5.82974701977471	-5.13187949331993
			5.8212364401838	-5.13187949331993
			5.81272586059289	-5.13187949331993
			5.80421528100198	-5.13187949331993
			5.79570470141106	-5.13187949331993
			5.78719412182015	-5.13187949331993
			5.77868354222924	-5.13187949331993
		</curveLM09>
		<curveLM10 type=matrix rownames=FALSE colnames=FALSE nrow=98 ncol=2 as.numeric=TRUE >
			5.77868354222924	-5.13187949331993
			5.77017296263833	-5.13187949331993
			5.76166238304742	-5.13187949331993
			5.7531518034565	-5.12336891372902
			5.74464122386559	-5.12336891372902
			5.73613064427468	-5.12336891372902
			5.72762006468377	-5.1148583341381
			5.71910948509286	-5.1148583341381
			5.71059890550194	-5.10634775454719
			5.70208832591103	-5.10634775454719
			5.69357774632012	-5.09783717495628
			5.68506716672921	-5.09783717495628
			5.6765565871383	-5.08932659536537
			5.66804600754738	-5.08932659536537
			5.66804600754738	-5.08081601577446
			5.65953542795647	-5.07230543618355
			5.65102484836556	-5.06379485659263
			5.64251426877465	-5.06379485659263
			5.64251426877465	-5.05528427700172
			5.63400368918374	-5.04677369741081
			5.62549310959282	-5.0382631178199
			5.62549310959282	-5.02975253822899
			5.61698253000191	-5.02124195863807
			5.61698253000191	-5.01273137904716
			5.608471950411	-5.00422079945625
			5.59996137082009	-4.99571021986534
			5.59996137082009	-4.98719964027442
			5.59145079122918	-4.97868906068351
			5.59145079122918	-4.9701784810926
			5.59145079122918	-4.96166790150169
			5.59145079122918	-4.95315732191078
			5.58294021163826	-4.95315732191078
			5.58294021163826	-4.94464674231987
			5.58294021163826	-4.93613616272895
			5.58294021163826	-4.92762558313804
			5.57442963204735	-4.91911500354713
			5.57442963204735	-4.91060442395622
			5.57442963204735	-4.90209384436531
			5.57442963204735	-4.89358326477439
			5.56591905245644	-4.88507268518348
			5.56591905245644	-4.87656210559257
			5.56591905245644	-4.86805152600166
			5.56591905245644	-4.85954094641075
			5.56591905245644	-4.85103036681983
			5.56591905245644	-4.84251978722892
			5.56591905245644	-4.83400920763801
			5.56591905245644	-4.8254986280471
			5.55740847286553	-4.8254986280471
			5.55740847286553	-4.81698804845619
			5.55740847286553	-4.80847746886527
			5.55740847286553	-4.79996688927436
			5.55740847286553	-4.79145630968345
			5.55740847286553	-4.78294573009254
			5.55740847286553	-4.77443515050163
			5.55740847286553	-4.76592457091071
			5.55740847286553	-4.7574139913198
			5.55740847286553	-4.74890341172889
			5.55740847286553	-4.74039283213798
			5.55740847286553	-4.73188225254707
			5.55740847286553	-4.72337167295615
			5.55740847286553	-4.71486109336524
			5.55740847286553	-4.70635051377433
			5.55740847286553	-4.69783993418342
			5.55740847286553	-4.68932935459251
			5.55740847286553	-4.68081877500159
			5.55740847286553	-4.67230819541068
			5.55740847286553	-4.66379761581977
			5.55740847286553	-4.65528703622886
			5.55740847286553	-4.64677645663795
			5.56591905245644	-4.63826587704703
			5.56591905245644	-4.62975529745612
			5.56591905245644	-4.62124471786521
			5.57442963204735	-4.6127341382743
			5.57442963204735	-4.60422355868339
			5.57442963204735	-4.59571297909247
			5.57442963204735	-4.58720239950156
			5.57442963204735	-4.57869181991065
			5.58294021163826	-4.57018124031974
			5.58294021163826	-4.56167066072883
			5.58294021163826	-4.55316008113791
			5.58294021163826	-4.544649501547
			5.58294021163826	-4.53613892195609
			5.58294021163826	-4.52762834236518
			5.58294021163826	-4.51911776277427
			5.58294021163826	-4.51060718318335
			5.58294021163826	-4.50209660359244
			5.58294021163826	-4.49358602400153
			5.57442963204735	-4.48507544441062
			5.57442963204735	-4.47656486481971
			5.57442963204735	-4.46805428522879
			5.56591905245644	-4.45954370563788
			5.56591905245644	-4.45103312604697
			5.55740847286553	-4.44252254645606
			5.55740847286553	-4.43401196686515
			5.54889789327462	-4.42550138727423
			5.54889789327462	-4.41699080768332
			5.5403873136837	-4.40848022809241
			5.53187673409279	-4.3999696485015
		</curveLM10>
		<curveLM11 type=matrix rownames=FALSE colnames=FALSE nrow=36 ncol=2 as.numeric=TRUE >
			5.53187673409279	-4.3999696485015
			5.52336615450188	-4.39145906891059
			5.51485557491097	-4.39145906891059
			5.50634499532006	-4.38294848931967
			5.49783441572914	-4.38294848931967
			5.48932383613823	-4.38294848931967
			5.48081325654732	-4.38294848931967
			5.47230267695641	-4.38294848931967
			5.4637920973655	-4.38294848931967
			5.45528151777458	-4.38294848931967
			5.44677093818367	-4.38294848931967
			5.43826035859276	-4.39145906891059
			5.42974977900185	-4.39145906891059
			5.42123919941094	-4.39145906891059
			5.41272861982003	-4.39145906891059
			5.40421804022911	-4.3999696485015
			5.3957074606382	-4.3999696485015
			5.38719688104729	-4.39145906891059
			5.37868630145638	-4.38294848931967
			5.37017572186546	-4.38294848931967
			5.37017572186546	-4.37443790972876
			5.36166514227455	-4.37443790972876
			5.35315456268364	-4.36592733013785
			5.34464398309273	-4.36592733013785
			5.33613340350182	-4.35741675054694
			5.3276228239109	-4.35741675054694
			5.31911224431999	-4.34890617095603
			5.31060166472908	-4.34890617095603
			5.30209108513817	-4.34039559136511
			5.29358050554726	-4.34039559136511
			5.28506992595634	-4.34039559136511
			5.27655934636543	-4.34039559136511
			5.26804876677452	-4.3318850117742
			5.25953818718361	-4.3318850117742
			5.2510276075927	-4.3318850117742
			5.24251702800179	-4.3318850117742
		</curveLM11>
		<curveLM12 type=matrix rownames=FALSE colnames=FALSE nrow=302 ncol=2 as.numeric=TRUE >
			5.24251702800179	-4.3318850117742
			5.24251702800179	-4.32337443218329
			5.23400644841087	-4.31486385259238
			5.23400644841087	-4.30635327300147
			5.23400644841087	-4.29784269341055
			5.23400644841087	-4.28933211381964
			5.22549586881996	-4.28082153422873
			5.22549586881996	-4.27231095463782
			5.22549586881996	-4.26380037504691
			5.22549586881996	-4.25528979545599
			5.22549586881996	-4.24677921586508
			5.22549586881996	-4.23826863627417
			5.22549586881996	-4.22975805668326
			5.22549586881996	-4.22124747709235
			5.22549586881996	-4.21273689750143
			5.22549586881996	-4.20422631791052
			5.22549586881996	-4.19571573831961
			5.22549586881996	-4.1872051587287
			5.22549586881996	-4.17869457913779
			5.22549586881996	-4.17018399954687
			5.22549586881996	-4.16167341995596
			5.23400644841087	-4.15316284036505
			5.23400644841087	-4.14465226077414
			5.23400644841087	-4.13614168118323
			5.23400644841087	-4.12763110159231
			5.24251702800179	-4.1191205220014
			5.24251702800179	-4.11060994241049
			5.24251702800179	-4.10209936281958
			5.2510276075927	-4.09358878322867
			5.2510276075927	-4.08507820363775
			5.25953818718361	-4.07656762404684
			5.25953818718361	-4.06805704445593
			5.26804876677452	-4.05954646486502
			5.27655934636543	-4.05103588527411
			5.27655934636543	-4.04252530568319
			5.28506992595634	-4.04252530568319
			5.28506992595634	-4.03401472609228
			5.29358050554726	-4.02550414650137
			5.30209108513817	-4.01699356691046
			5.31060166472908	-4.00848298731955
			5.31060166472908	-3.99997240772863
			5.31060166472908	-3.99146182813772
			5.31060166472908	-3.98295124854681
			5.31911224431999	-3.9744406689559
			5.31911224431999	-3.96593008936499
			5.31911224431999	-3.95741950977407
			5.31911224431999	-3.94890893018316
			5.31911224431999	-3.94039835059225
			5.31911224431999	-3.93188777100134
			5.31911224431999	-3.92337719141043
			5.3276228239109	-3.91486661181951
			5.3276228239109	-3.9063560322286
			5.3276228239109	-3.89784545263769
			5.3276228239109	-3.88933487304678
			5.3276228239109	-3.88082429345587
			5.3276228239109	-3.87231371386495
			5.3276228239109	-3.86380313427404
			5.33613340350182	-3.85529255468313
			5.33613340350182	-3.84678197509222
			5.33613340350182	-3.83827139550131
			5.33613340350182	-3.82976081591039
			5.33613340350182	-3.82125023631948
			5.33613340350182	-3.81273965672857
			5.34464398309273	-3.80422907713766
			5.34464398309273	-3.79571849754675
			5.34464398309273	-3.78720791795583
			5.34464398309273	-3.77869733836492
			5.34464398309273	-3.77018675877401
			5.34464398309273	-3.7616761791831
			5.35315456268364	-3.75316559959219
			5.35315456268364	-3.74465502000128
			5.35315456268364	-3.73614444041036
			5.35315456268364	-3.72763386081945
			5.35315456268364	-3.71912328122854
			5.35315456268364	-3.71061270163763
			5.36166514227455	-3.70210212204671
			5.36166514227455	-3.6935915424558
			5.36166514227455	-3.68508096286489
			5.36166514227455	-3.67657038327398
			5.36166514227455	-3.66805980368307
			5.36166514227455	-3.65954922409216
			5.36166514227455	-3.65103864450124
			5.37017572186546	-3.64252806491033
			5.37017572186546	-3.63401748531942
			5.37017572186546	-3.62550690572851
			5.37017572186546	-3.6169963261376
			5.37017572186546	-3.60848574654668
			5.37017572186546	-3.59997516695577
			5.37868630145638	-3.59146458736486
			5.37868630145638	-3.58295400777395
			5.37868630145638	-3.57444342818304
			5.37868630145638	-3.56593284859212
			5.37868630145638	-3.55742226900121
			5.37868630145638	-3.5489116894103
			5.38719688104729	-3.54040110981939
			5.38719688104729	-3.53189053022848
			5.38719688104729	-3.52337995063756
			5.38719688104729	-3.51486937104665
			5.38719688104729	-3.50635879145574
			5.38719688104729	-3.49784821186483
			5.3957074606382	-3.48933763227392
			5.3957074606382	-3.480827052683
			5.3957074606382	-3.47231647309209
			5.3957074606382	-3.46380589350118
			5.3957074606382	-3.45529531391027
			5.3957074606382	-3.44678473431936
			5.40421804022911	-3.43827415472844
			5.40421804022911	-3.42976357513753
			5.40421804022911	-3.42125299554662
			5.40421804022911	-3.41274241595571
			5.40421804022911	-3.4042318363648
			5.40421804022911	-3.39572125677388
			5.41272861982003	-3.38721067718297
			5.41272861982003	-3.37870009759206
			5.41272861982003	-3.37018951800115
			5.41272861982003	-3.36167893841024
			5.41272861982003	-3.35316835881932
			5.42123919941094	-3.34465777922841
			5.42123919941094	-3.3361471996375
			5.42123919941094	-3.32763662004659
			5.42123919941094	-3.31912604045568
			5.42123919941094	-3.31061546086476
			5.42123919941094	-3.30210488127385
			5.42974977900185	-3.29359430168294
			5.42974977900185	-3.28508372209203
			5.42974977900185	-3.27657314250112
			5.42974977900185	-3.2680625629102
			5.42974977900185	-3.25955198331929
			5.43826035859276	-3.25104140372838
			5.43826035859276	-3.24253082413747
			5.43826035859276	-3.23402024454656
			5.43826035859276	-3.22550966495564
			5.43826035859276	-3.21699908536473
			5.43826035859276	-3.20848850577382
			5.43826035859276	-3.19997792618291
			5.44677093818367	-3.19997792618291
			5.44677093818367	-3.191467346592
			5.44677093818367	-3.18295676700108
			5.44677093818367	-3.17444618741017
			5.44677093818367	-3.16593560781926
			5.44677093818367	-3.15742502822835
			5.45528151777458	-3.14891444863744
			5.45528151777458	-3.14040386904652
			5.45528151777458	-3.13189328945561
			5.45528151777458	-3.1233827098647
			5.45528151777458	-3.11487213027379
			5.4637920973655	-3.10636155068288
			5.4637920973655	-3.09785097109196
			5.4637920973655	-3.08934039150105
			5.4637920973655	-3.08082981191014
			5.4637920973655	-3.07231923231923
			5.4637920973655	-3.06380865272832
			5.47230267695641	-3.0552980731374
			5.47230267695641	-3.04678749354649
			5.47230267695641	-3.03827691395558
			5.47230267695641	-3.02976633436467
			5.47230267695641	-3.02125575477376
			5.48081325654732	-3.01274517518284
			5.48081325654732	-3.00423459559193
			5.48081325654732	-2.99572401600102
			5.48081325654732	-2.98721343641011
			5.48081325654732	-2.9787028568192
			5.48932383613823	-2.97019227722828
			5.48932383613823	-2.96168169763737
			5.48932383613823	-2.95317111804646
			5.48932383613823	-2.94466053845555
			5.48932383613823	-2.93614995886464
			5.49783441572914	-2.92763937927372
			5.49783441572914	-2.91912879968281
			5.49783441572914	-2.9106182200919
			5.49783441572914	-2.90210764050099
			5.49783441572914	-2.89359706091008
			5.49783441572914	-2.88508648131916
			5.50634499532006	-2.87657590172825
			5.50634499532006	-2.86806532213734
			5.50634499532006	-2.85955474254643
			5.50634499532006	-2.85104416295552
			5.51485557491097	-2.8425335833646
			5.51485557491097	-2.83402300377369
			5.51485557491097	-2.82551242418278
			5.52336615450188	-2.81700184459187
			5.52336615450188	-2.80849126500096
			5.52336615450188	-2.79998068541004
			5.52336615450188	-2.79147010581913
			5.53187673409279	-2.78295952622822
			5.53187673409279	-2.77444894663731
			5.53187673409279	-2.7659383670464
			5.5403873136837	-2.75742778745548
			5.5403873136837	-2.74891720786457
			5.5403873136837	-2.74040662827366
			5.5403873136837	-2.73189604868275
			5.54889789327462	-2.72338546909184
			5.54889789327462	-2.71487488950092
			5.54889789327462	-2.70636430991001
			5.55740847286553	-2.6978537303191
			5.55740847286553	-2.68934315072819
			5.55740847286553	-2.68083257113728
			5.56591905245644	-2.67232199154636
			5.56591905245644	-2.66381141195545
			5.56591905245644	-2.65530083236454
			5.57442963204735	-2.64679025277363
			5.57442963204735	-2.63827967318272
			5.57442963204735	-2.6297690935918
			5.57442963204735	-2.62125851400089
			5.58294021163826	-2.61274793440998
			5.58294021163826	-2.60423735481907
			5.58294021163826	-2.59572677522816
			5.59145079122918	-2.58721619563724
			5.59145079122918	-2.57870561604633
			5.59145079122918	-2.57019503645542
			5.59996137082009	-2.56168445686451
			5.59996137082009	-2.5531738772736
			5.59996137082009	-2.54466329768268
			5.608471950411	-2.53615271809177
			5.608471950411	-2.52764213850086
			5.608471950411	-2.51913155890995
			5.608471950411	-2.51062097931904
			5.61698253000191	-2.51062097931904
			5.61698253000191	-2.50211039972812
			5.61698253000191	-2.49359982013721
			5.61698253000191	-2.4850892405463
			5.62549310959282	-2.47657866095539
			5.62549310959282	-2.46806808136448
			5.62549310959282	-2.45955750177356
			5.63400368918374	-2.45104692218265
			5.63400368918374	-2.44253634259174
			5.63400368918374	-2.43402576300083
			5.64251426877465	-2.42551518340992
			5.64251426877465	-2.417004603819
			5.64251426877465	-2.40849402422809
			5.65102484836556	-2.39998344463718
			5.65102484836556	-2.39147286504627
			5.65102484836556	-2.38296228545536
			5.65953542795647	-2.37445170586444
			5.65953542795647	-2.36594112627353
			5.65953542795647	-2.35743054668262
			5.65953542795647	-2.34891996709171
			5.66804600754738	-2.3404093875008
			5.66804600754738	-2.33189880790989
			5.6765565871383	-2.32338822831897
			5.6765565871383	-2.31487764872806
			5.6765565871383	-2.30636706913715
			5.68506716672921	-2.29785648954624
			5.68506716672921	-2.28934590995532
			5.68506716672921	-2.28083533036441
			5.68506716672921	-2.2723247507735
			5.69357774632012	-2.26381417118259
			5.69357774632012	-2.25530359159168
			5.70208832591103	-2.24679301200077
			5.70208832591103	-2.23828243240985
			5.70208832591103	-2.22977185281894
			5.71059890550194	-2.22126127322803
			5.71059890550194	-2.21275069363712
			5.71059890550194	-2.2042401140462
			5.71910948509286	-2.19572953445529
			5.71910948509286	-2.18721895486438
			5.71910948509286	-2.17870837527347
			5.72762006468377	-2.17019779568256
			5.72762006468377	-2.16168721609165
			5.72762006468377	-2.15317663650073
			5.73613064427468	-2.14466605690982
			5.73613064427468	-2.13615547731891
			5.74464122386559	-2.127644897728
			5.74464122386559	-2.11913431813708
			5.74464122386559	-2.11062373854617
			5.7531518034565	-2.10211315895526
			5.7531518034565	-2.09360257936435
			5.7531518034565	-2.08509199977344
			5.76166238304742	-2.07658142018253
			5.76166238304742	-2.06807084059161
			5.76166238304742	-2.0595602610007
			5.77017296263833	-2.05104968140979
			5.77017296263833	-2.04253910181888
			5.77017296263833	-2.03402852222797
			5.77868354222924	-2.03402852222797
			5.77868354222924	-2.02551794263705
			5.77868354222924	-2.01700736304614
			5.78719412182015	-2.00849678345523
			5.78719412182015	-1.99998620386432
			5.79570470141106	-1.99147562427341
			5.79570470141106	-1.98296504468249
			5.79570470141106	-1.97445446509158
			5.80421528100198	-1.96594388550067
			5.80421528100198	-1.95743330590976
			5.81272586059289	-1.94892272631885
			5.81272586059289	-1.94041214672793
			5.8212364401838	-1.93190156713702
			5.8212364401838	-1.92339098754611
			5.8212364401838	-1.9148804079552
			5.82974701977471	-1.9148804079552
			5.82974701977471	-1.90636982836429
			5.82974701977471	-1.89785924877337
			5.83825759936562	-1.88934866918246
			5.84676817895654	-1.88083808959155
			5.84676817895654	-1.87232751000064
			5.85527875854745	-1.86381693040973
			5.86378933813836	-1.85530635081881
			5.86378933813836	-1.8467957712279
			5.87229991772927	-1.8467957712279
			5.87229991772927	-1.83828519163699
			5.88081049732018	-1.82977461204608
			5.8893210769111	-1.82977461204608
		</curveLM12>
	</curves.scaled>
	<ruler.points type=matrix rownames=TRUE colnames=FALSE nrow=5 ncol=2 as.numeric=TRUE >
		Ruler point 1	210	813
		Ruler point 2	328	814
		Ruler point 3	447	814
		Ruler point 4	563	815
		Ruler point 5	680	814
	</ruler.points>
</shapes>

