<shapes type=list>
	<ruler.pixel type=vector names=FALSE length=1 as.numeric=TRUE >117</ruler.pixel>
	<ruler.interval type=vector names=FALSE length=1 as.numeric=TRUE >1</ruler.interval>
	<scaling.units type=vector names=FALSE length=1 as.numeric=FALSE >cm</scaling.units>
	<scaling type=vector names=FALSE length=1 as.numeric=TRUE >0.00854700854700855</scaling>
	<landmarks.pixel type=matrix rownames=TRUE colnames=FALSE nrow=6 ncol=2 as.numeric=TRUE >
		LM01	674	330
		LM02	741	534
		LM03	711	540
		LM04	674	601
		LM05	639	533
		LM06	606	520
	</landmarks.pixel>
	<landmarks.scaled type=matrix rownames=TRUE colnames=FALSE nrow=6 ncol=2 as.numeric=TRUE >
		LM01	5.76068376068376	-2.82051282051282
		LM02	6.33333333333333	-4.56410256410256
		LM03	6.07692307692308	-4.61538461538462
		LM04	5.76068376068376	-5.13675213675214
		LM05	5.46153846153846	-4.55555555555556
		LM06	5.17948717948718	-4.44444444444444
	</landmarks.scaled>
	<curves.control type=list>
		<curveLM07 type=matrix rownames=FALSE colnames=FALSE nrow=7 ncol=2 as.numeric=TRUE >
			674	330
			681	331
			683	351
			717	422
			748	512
			748	526
			741	534
		</curveLM07>
		<curveLM08 type=matrix rownames=FALSE colnames=FALSE nrow=3 ncol=2 as.numeric=TRUE >
			741	534
			711	533
			711	540
		</curveLM08>
		<curveLM09 type=matrix rownames=FALSE colnames=FALSE nrow=5 ncol=2 as.numeric=TRUE >
			711	540
			702	543
			705	576
			698	599
			674	601
		</curveLM09>
		<curveLM10 type=matrix rownames=FALSE colnames=FALSE nrow=5 ncol=2 as.numeric=TRUE >
			674	601
			646	610
			645	556
			648	540
			639	533
		</curveLM10>
		<curveLM11 type=matrix rownames=FALSE colnames=FALSE nrow=5 ncol=2 as.numeric=TRUE >
			639	533
			632	524
			619	529
			609	526
			606	520
		</curveLM11>
		<curveLM12 type=matrix rownames=FALSE colnames=FALSE nrow=7 ncol=2 as.numeric=TRUE >
			606	520
			600	515
			620	484
			635	444
			663	354
			668	329
			674	330
		</curveLM12>
	</curves.control>
	<curves.pixel type=list>
		<curveLM07 type=matrix rownames=FALSE colnames=FALSE nrow=212 ncol=2 as.numeric=TRUE >
			674	330
			675	330
			676	331
			677	332
			678	333
			679	334
			679	335
			680	336
			680	337
			681	338
			681	339
			681	340
			682	341
			682	342
			682	343
			682	344
			682	345
			682	346
			683	347
			683	348
			683	349
			683	350
			683	351
			684	352
			684	353
			685	354
			685	355
			685	356
			686	357
			686	358
			687	359
			687	360
			688	361
			688	362
			689	363
			689	364
			689	365
			690	365
			690	366
			690	367
			691	367
			691	368
			691	369
			692	369
			692	370
			692	371
			693	372
			693	373
			694	374
			694	375
			695	376
			695	377
			695	378
			696	378
			696	379
			696	380
			697	381
			697	382
			698	383
			698	384
			699	385
			699	386
			699	387
			700	388
			700	389
			701	390
			701	391
			702	392
			702	393
			702	394
			703	395
			703	396
			704	397
			704	398
			705	399
			705	400
			706	401
			706	402
			706	403
			707	404
			707	405
			708	406
			708	407
			708	408
			709	409
			710	410
			710	411
			710	412
			711	413
			711	414
			712	415
			712	416
			712	417
			713	418
			713	419
			714	420
			714	421
			714	422
			715	423
			715	424
			716	425
			716	426
			716	427
			717	428
			717	429
			717	430
			718	431
			718	432
			719	433
			719	434
			720	435
			720	436
			720	437
			721	437
			721	438
			721	439
			722	440
			722	441
			722	442
			723	443
			723	444
			723	445
			724	445
			724	446
			724	447
			725	448
			725	449
			726	450
			726	451
			726	452
			727	453
			727	454
			727	455
			728	456
			728	457
			729	458
			729	459
			729	460
			730	461
			730	462
			730	463
			731	464
			731	465
			732	466
			732	467
			732	468
			733	469
			733	470
			733	471
			734	472
			734	473
			734	474
			735	475
			735	476
			736	477
			736	478
			736	479
			737	480
			737	481
			737	482
			738	483
			738	484
			739	485
			739	486
			739	487
			740	488
			740	489
			740	490
			741	491
			741	492
			741	493
			742	494
			742	495
			743	496
			743	497
			743	498
			744	499
			744	500
			744	501
			745	502
			745	503
			745	504
			746	505
			746	506
			746	507
			747	508
			747	509
			747	510
			748	511
			748	512
			748	513
			748	514
			748	515
			748	516
			748	517
			748	518
			748	519
			747	520
			747	521
			747	522
			747	523
			746	524
			746	525
			746	526
			745	527
			745	528
			744	529
			744	530
			743	531
			743	532
			742	533
			741	534
		</curveLM07>
		<curveLM08 type=matrix rownames=FALSE colnames=FALSE nrow=33 ncol=2 as.numeric=TRUE >
			741	534
			740	534
			739	534
			738	534
			737	534
			736	534
			735	534
			734	534
			733	534
			732	534
			731	534
			730	534
			729	534
			728	534
			727	534
			726	534
			725	534
			724	534
			723	534
			722	534
			721	535
			720	535
			719	535
			718	535
			717	535
			716	536
			715	536
			714	536
			713	537
			712	537
			712	538
			711	539
			711	540
		</curveLM08>
		<curveLM09 type=matrix rownames=FALSE colnames=FALSE nrow=78 ncol=2 as.numeric=TRUE >
			711	540
			710	540
			709	541
			709	542
			708	542
			707	543
			707	544
			706	545
			706	546
			706	547
			706	548
			705	549
			705	550
			705	551
			705	552
			705	553
			705	554
			704	555
			704	556
			704	557
			704	558
			704	559
			704	560
			704	561
			704	562
			704	563
			704	564
			704	565
			704	566
			704	567
			704	568
			705	569
			705	570
			705	571
			705	572
			705	573
			705	574
			705	575
			705	576
			705	577
			704	578
			704	579
			703	580
			703	581
			703	582
			702	583
			701	584
			701	585
			700	586
			700	587
			699	588
			698	589
			698	590
			697	591
			696	591
			695	592
			695	593
			694	594
			693	594
			692	595
			691	596
			690	596
			689	597
			688	598
			687	598
			686	598
			685	599
			684	599
			683	599
			682	600
			681	600
			680	600
			679	600
			678	601
			677	601
			676	601
			675	601
			674	601
		</curveLM09>
		<curveLM10 type=matrix rownames=FALSE colnames=FALSE nrow=84 ncol=2 as.numeric=TRUE >
			674	601
			673	601
			672	602
			671	602
			670	602
			669	602
			668	602
			667	602
			666	602
			665	602
			664	602
			663	602
			662	602
			661	601
			660	601
			659	600
			658	600
			657	599
			656	598
			655	597
			654	596
			653	595
			653	594
			652	593
			651	592
			651	591
			650	590
			650	589
			650	588
			649	587
			649	586
			649	585
			648	584
			648	583
			648	582
			648	581
			647	580
			647	579
			647	578
			647	577
			647	576
			646	575
			646	574
			646	573
			646	572
			646	571
			646	570
			646	569
			646	568
			645	567
			645	566
			645	565
			645	564
			645	563
			645	562
			645	561
			645	560
			645	559
			645	558
			645	557
			645	556
			645	555
			645	554
			645	553
			646	552
			646	551
			646	550
			646	549
			646	548
			646	547
			646	546
			646	545
			645	544
			645	543
			645	542
			645	541
			644	540
			644	539
			643	538
			643	537
			642	536
			641	535
			640	534
			639	533
		</curveLM10>
		<curveLM11 type=matrix rownames=FALSE colnames=FALSE nrow=37 ncol=2 as.numeric=TRUE >
			639	533
			638	532
			637	531
			636	530
			635	529
			634	529
			633	528
			632	528
			631	528
			630	527
			629	527
			628	527
			627	527
			626	527
			625	527
			624	528
			623	528
			622	528
			621	528
			620	529
			619	529
			618	529
			617	528
			616	528
			615	528
			614	527
			613	527
			612	526
			611	525
			610	525
			609	524
			609	523
			608	523
			607	522
			607	521
			606	521
			606	520
		</curveLM11>
		<curveLM12 type=matrix rownames=FALSE colnames=FALSE nrow=204 ncol=2 as.numeric=TRUE >
			606	520
			605	519
			605	518
			605	517
			605	516
			605	515
			605	514
			605	513
			605	512
			606	511
			606	510
			606	509
			607	508
			607	507
			608	506
			608	505
			609	504
			609	503
			610	502
			610	501
			610	500
			611	500
			611	499
			611	498
			612	498
			612	497
			613	496
			613	495
			614	494
			615	493
			615	492
			616	491
			616	490
			617	489
			618	488
			618	487
			619	486
			619	485
			620	484
			620	483
			621	482
			621	481
			622	480
			622	479
			622	478
			623	477
			623	476
			623	475
			624	474
			624	473
			625	472
			625	471
			625	470
			625	469
			626	469
			626	468
			626	467
			627	466
			627	465
			627	464
			628	463
			628	462
			628	461
			629	460
			629	459
			629	458
			630	457
			630	456
			631	455
			631	454
			631	453
			631	452
			632	451
			632	450
			632	449
			633	448
			633	447
			633	446
			634	446
			634	445
			634	444
			634	443
			635	442
			635	441
			635	440
			636	440
			636	439
			636	438
			636	437
			637	436
			637	435
			637	434
			638	433
			638	432
			639	431
			639	430
			639	429
			639	428
			640	428
			640	427
			640	426
			640	425
			641	424
			641	423
			641	422
			642	421
			642	420
			642	419
			643	419
			643	418
			643	417
			643	416
			644	415
			644	414
			644	413
			644	412
			645	412
			645	411
			645	410
			646	409
			646	408
			646	407
			646	406
			647	405
			647	404
			648	403
			648	402
			648	401
			648	400
			649	400
			649	399
			649	398
			650	397
			650	396
			650	395
			650	394
			651	394
			651	393
			651	392
			651	391
			652	390
			652	389
			652	388
			653	387
			653	386
			653	385
			654	384
			654	383
			654	382
			655	381
			655	380
			655	379
			655	378
			656	377
			656	376
			657	375
			657	374
			657	373
			657	372
			658	371
			658	370
			658	369
			659	368
			659	367
			659	366
			659	365
			660	364
			660	363
			660	362
			661	361
			661	360
			662	359
			662	358
			662	357
			662	356
			663	355
			663	354
			663	353
			663	352
			664	351
			664	350
			664	349
			664	348
			664	347
			665	347
			665	346
			665	345
			665	344
			666	343
			666	342
			666	341
			666	340
			667	339
			667	338
			668	337
			668	336
			669	335
			669	334
			670	333
			670	332
			671	331
			672	331
			673	330
			674	330
		</curveLM12>
	</curves.pixel>
	<curves.scaled type=list>
		<curveLM07 type=matrix rownames=FALSE colnames=FALSE nrow=212 ncol=2 as.numeric=TRUE >
			5.76068376068376	-2.82051282051282
			5.76923076923077	-2.82051282051282
			5.77777777777778	-2.82905982905983
			5.78632478632479	-2.83760683760684
			5.7948717948718	-2.84615384615385
			5.8034188034188	-2.85470085470085
			5.8034188034188	-2.86324786324786
			5.81196581196581	-2.87179487179487
			5.81196581196581	-2.88034188034188
			5.82051282051282	-2.88888888888889
			5.82051282051282	-2.8974358974359
			5.82051282051282	-2.90598290598291
			5.82905982905983	-2.91452991452991
			5.82905982905983	-2.92307692307692
			5.82905982905983	-2.93162393162393
			5.82905982905983	-2.94017094017094
			5.82905982905983	-2.94871794871795
			5.82905982905983	-2.95726495726496
			5.83760683760684	-2.96581196581197
			5.83760683760684	-2.97435897435897
			5.83760683760684	-2.98290598290598
			5.83760683760684	-2.99145299145299
			5.83760683760684	-3
			5.84615384615385	-3.00854700854701
			5.84615384615385	-3.01709401709402
			5.85470085470086	-3.02564102564103
			5.85470085470086	-3.03418803418803
			5.85470085470086	-3.04273504273504
			5.86324786324786	-3.05128205128205
			5.86324786324786	-3.05982905982906
			5.87179487179487	-3.06837606837607
			5.87179487179487	-3.07692307692308
			5.88034188034188	-3.08547008547009
			5.88034188034188	-3.09401709401709
			5.88888888888889	-3.1025641025641
			5.88888888888889	-3.11111111111111
			5.88888888888889	-3.11965811965812
			5.8974358974359	-3.11965811965812
			5.8974358974359	-3.12820512820513
			5.8974358974359	-3.13675213675214
			5.90598290598291	-3.13675213675214
			5.90598290598291	-3.14529914529915
			5.90598290598291	-3.15384615384615
			5.91452991452991	-3.15384615384615
			5.91452991452991	-3.16239316239316
			5.91452991452991	-3.17094017094017
			5.92307692307692	-3.17948717948718
			5.92307692307692	-3.18803418803419
			5.93162393162393	-3.1965811965812
			5.93162393162393	-3.20512820512821
			5.94017094017094	-3.21367521367521
			5.94017094017094	-3.22222222222222
			5.94017094017094	-3.23076923076923
			5.94871794871795	-3.23076923076923
			5.94871794871795	-3.23931623931624
			5.94871794871795	-3.24786324786325
			5.95726495726496	-3.25641025641026
			5.95726495726496	-3.26495726495727
			5.96581196581197	-3.27350427350427
			5.96581196581197	-3.28205128205128
			5.97435897435898	-3.29059829059829
			5.97435897435898	-3.2991452991453
			5.97435897435898	-3.30769230769231
			5.98290598290598	-3.31623931623932
			5.98290598290598	-3.32478632478632
			5.99145299145299	-3.33333333333333
			5.99145299145299	-3.34188034188034
			6	-3.35042735042735
			6	-3.35897435897436
			6	-3.36752136752137
			6.00854700854701	-3.37606837606838
			6.00854700854701	-3.38461538461539
			6.01709401709402	-3.39316239316239
			6.01709401709402	-3.4017094017094
			6.02564102564103	-3.41025641025641
			6.02564102564103	-3.41880341880342
			6.03418803418803	-3.42735042735043
			6.03418803418803	-3.43589743589744
			6.03418803418803	-3.44444444444444
			6.04273504273504	-3.45299145299145
			6.04273504273504	-3.46153846153846
			6.05128205128205	-3.47008547008547
			6.05128205128205	-3.47863247863248
			6.05128205128205	-3.48717948717949
			6.05982905982906	-3.4957264957265
			6.06837606837607	-3.5042735042735
			6.06837606837607	-3.51282051282051
			6.06837606837607	-3.52136752136752
			6.07692307692308	-3.52991452991453
			6.07692307692308	-3.53846153846154
			6.08547008547009	-3.54700854700855
			6.08547008547009	-3.55555555555556
			6.08547008547009	-3.56410256410256
			6.09401709401709	-3.57264957264957
			6.09401709401709	-3.58119658119658
			6.1025641025641	-3.58974358974359
			6.1025641025641	-3.5982905982906
			6.1025641025641	-3.60683760683761
			6.11111111111111	-3.61538461538462
			6.11111111111111	-3.62393162393162
			6.11965811965812	-3.63247863247863
			6.11965811965812	-3.64102564102564
			6.11965811965812	-3.64957264957265
			6.12820512820513	-3.65811965811966
			6.12820512820513	-3.66666666666667
			6.12820512820513	-3.67521367521368
			6.13675213675214	-3.68376068376068
			6.13675213675214	-3.69230769230769
			6.14529914529915	-3.7008547008547
			6.14529914529915	-3.70940170940171
			6.15384615384615	-3.71794871794872
			6.15384615384615	-3.72649572649573
			6.15384615384615	-3.73504273504274
			6.16239316239316	-3.73504273504274
			6.16239316239316	-3.74358974358974
			6.16239316239316	-3.75213675213675
			6.17094017094017	-3.76068376068376
			6.17094017094017	-3.76923076923077
			6.17094017094017	-3.77777777777778
			6.17948717948718	-3.78632478632479
			6.17948717948718	-3.7948717948718
			6.17948717948718	-3.8034188034188
			6.18803418803419	-3.8034188034188
			6.18803418803419	-3.81196581196581
			6.18803418803419	-3.82051282051282
			6.1965811965812	-3.82905982905983
			6.1965811965812	-3.83760683760684
			6.20512820512821	-3.84615384615385
			6.20512820512821	-3.85470085470086
			6.20512820512821	-3.86324786324786
			6.21367521367521	-3.87179487179487
			6.21367521367521	-3.88034188034188
			6.21367521367521	-3.88888888888889
			6.22222222222222	-3.8974358974359
			6.22222222222222	-3.90598290598291
			6.23076923076923	-3.91452991452991
			6.23076923076923	-3.92307692307692
			6.23076923076923	-3.93162393162393
			6.23931623931624	-3.94017094017094
			6.23931623931624	-3.94871794871795
			6.23931623931624	-3.95726495726496
			6.24786324786325	-3.96581196581197
			6.24786324786325	-3.97435897435897
			6.25641025641026	-3.98290598290598
			6.25641025641026	-3.99145299145299
			6.25641025641026	-4
			6.26495726495727	-4.00854700854701
			6.26495726495727	-4.01709401709402
			6.26495726495727	-4.02564102564103
			6.27350427350427	-4.03418803418803
			6.27350427350427	-4.04273504273504
			6.27350427350427	-4.05128205128205
			6.28205128205128	-4.05982905982906
			6.28205128205128	-4.06837606837607
			6.29059829059829	-4.07692307692308
			6.29059829059829	-4.08547008547009
			6.29059829059829	-4.09401709401709
			6.2991452991453	-4.1025641025641
			6.2991452991453	-4.11111111111111
			6.2991452991453	-4.11965811965812
			6.30769230769231	-4.12820512820513
			6.30769230769231	-4.13675213675214
			6.31623931623932	-4.14529914529915
			6.31623931623932	-4.15384615384615
			6.31623931623932	-4.16239316239316
			6.32478632478633	-4.17094017094017
			6.32478632478633	-4.17948717948718
			6.32478632478633	-4.18803418803419
			6.33333333333333	-4.1965811965812
			6.33333333333333	-4.20512820512821
			6.33333333333333	-4.21367521367521
			6.34188034188034	-4.22222222222222
			6.34188034188034	-4.23076923076923
			6.35042735042735	-4.23931623931624
			6.35042735042735	-4.24786324786325
			6.35042735042735	-4.25641025641026
			6.35897435897436	-4.26495726495727
			6.35897435897436	-4.27350427350427
			6.35897435897436	-4.28205128205128
			6.36752136752137	-4.29059829059829
			6.36752136752137	-4.2991452991453
			6.36752136752137	-4.30769230769231
			6.37606837606838	-4.31623931623932
			6.37606837606838	-4.32478632478633
			6.37606837606838	-4.33333333333333
			6.38461538461539	-4.34188034188034
			6.38461538461539	-4.35042735042735
			6.38461538461539	-4.35897435897436
			6.39316239316239	-4.36752136752137
			6.39316239316239	-4.37606837606838
			6.39316239316239	-4.38461538461539
			6.39316239316239	-4.39316239316239
			6.39316239316239	-4.4017094017094
			6.39316239316239	-4.41025641025641
			6.39316239316239	-4.41880341880342
			6.39316239316239	-4.42735042735043
			6.39316239316239	-4.43589743589744
			6.38461538461539	-4.44444444444444
			6.38461538461539	-4.45299145299145
			6.38461538461539	-4.46153846153846
			6.38461538461539	-4.47008547008547
			6.37606837606838	-4.47863247863248
			6.37606837606838	-4.48717948717949
			6.37606837606838	-4.4957264957265
			6.36752136752137	-4.50427350427351
			6.36752136752137	-4.51282051282051
			6.35897435897436	-4.52136752136752
			6.35897435897436	-4.52991452991453
			6.35042735042735	-4.53846153846154
			6.35042735042735	-4.54700854700855
			6.34188034188034	-4.55555555555556
			6.33333333333333	-4.56410256410256
		</curveLM07>
		<curveLM08 type=matrix rownames=FALSE colnames=FALSE nrow=33 ncol=2 as.numeric=TRUE >
			6.33333333333333	-4.56410256410256
			6.32478632478633	-4.56410256410256
			6.31623931623932	-4.56410256410256
			6.30769230769231	-4.56410256410256
			6.2991452991453	-4.56410256410256
			6.29059829059829	-4.56410256410256
			6.28205128205128	-4.56410256410256
			6.27350427350427	-4.56410256410256
			6.26495726495727	-4.56410256410256
			6.25641025641026	-4.56410256410256
			6.24786324786325	-4.56410256410256
			6.23931623931624	-4.56410256410256
			6.23076923076923	-4.56410256410256
			6.22222222222222	-4.56410256410256
			6.21367521367521	-4.56410256410256
			6.20512820512821	-4.56410256410256
			6.1965811965812	-4.56410256410256
			6.18803418803419	-4.56410256410256
			6.17948717948718	-4.56410256410256
			6.17094017094017	-4.56410256410256
			6.16239316239316	-4.57264957264957
			6.15384615384615	-4.57264957264957
			6.14529914529915	-4.57264957264957
			6.13675213675214	-4.57264957264957
			6.12820512820513	-4.57264957264957
			6.11965811965812	-4.58119658119658
			6.11111111111111	-4.58119658119658
			6.1025641025641	-4.58119658119658
			6.09401709401709	-4.58974358974359
			6.08547008547009	-4.58974358974359
			6.08547008547009	-4.5982905982906
			6.07692307692308	-4.60683760683761
			6.07692307692308	-4.61538461538462
		</curveLM08>
		<curveLM09 type=matrix rownames=FALSE colnames=FALSE nrow=78 ncol=2 as.numeric=TRUE >
			6.07692307692308	-4.61538461538462
			6.06837606837607	-4.61538461538462
			6.05982905982906	-4.62393162393162
			6.05982905982906	-4.63247863247863
			6.05128205128205	-4.63247863247863
			6.04273504273504	-4.64102564102564
			6.04273504273504	-4.64957264957265
			6.03418803418803	-4.65811965811966
			6.03418803418803	-4.66666666666667
			6.03418803418803	-4.67521367521368
			6.03418803418803	-4.68376068376068
			6.02564102564103	-4.69230769230769
			6.02564102564103	-4.7008547008547
			6.02564102564103	-4.70940170940171
			6.02564102564103	-4.71794871794872
			6.02564102564103	-4.72649572649573
			6.02564102564103	-4.73504273504274
			6.01709401709402	-4.74358974358974
			6.01709401709402	-4.75213675213675
			6.01709401709402	-4.76068376068376
			6.01709401709402	-4.76923076923077
			6.01709401709402	-4.77777777777778
			6.01709401709402	-4.78632478632479
			6.01709401709402	-4.7948717948718
			6.01709401709402	-4.8034188034188
			6.01709401709402	-4.81196581196581
			6.01709401709402	-4.82051282051282
			6.01709401709402	-4.82905982905983
			6.01709401709402	-4.83760683760684
			6.01709401709402	-4.84615384615385
			6.01709401709402	-4.85470085470086
			6.02564102564103	-4.86324786324786
			6.02564102564103	-4.87179487179487
			6.02564102564103	-4.88034188034188
			6.02564102564103	-4.88888888888889
			6.02564102564103	-4.8974358974359
			6.02564102564103	-4.90598290598291
			6.02564102564103	-4.91452991452991
			6.02564102564103	-4.92307692307692
			6.02564102564103	-4.93162393162393
			6.01709401709402	-4.94017094017094
			6.01709401709402	-4.94871794871795
			6.00854700854701	-4.95726495726496
			6.00854700854701	-4.96581196581197
			6.00854700854701	-4.97435897435897
			6	-4.98290598290598
			5.99145299145299	-4.99145299145299
			5.99145299145299	-5
			5.98290598290598	-5.00854700854701
			5.98290598290598	-5.01709401709402
			5.97435897435898	-5.02564102564103
			5.96581196581197	-5.03418803418803
			5.96581196581197	-5.04273504273504
			5.95726495726496	-5.05128205128205
			5.94871794871795	-5.05128205128205
			5.94017094017094	-5.05982905982906
			5.94017094017094	-5.06837606837607
			5.93162393162393	-5.07692307692308
			5.92307692307692	-5.07692307692308
			5.91452991452991	-5.08547008547009
			5.90598290598291	-5.09401709401709
			5.8974358974359	-5.09401709401709
			5.88888888888889	-5.1025641025641
			5.88034188034188	-5.11111111111111
			5.87179487179487	-5.11111111111111
			5.86324786324786	-5.11111111111111
			5.85470085470086	-5.11965811965812
			5.84615384615385	-5.11965811965812
			5.83760683760684	-5.11965811965812
			5.82905982905983	-5.12820512820513
			5.82051282051282	-5.12820512820513
			5.81196581196581	-5.12820512820513
			5.8034188034188	-5.12820512820513
			5.7948717948718	-5.13675213675214
			5.78632478632479	-5.13675213675214
			5.77777777777778	-5.13675213675214
			5.76923076923077	-5.13675213675214
			5.76068376068376	-5.13675213675214
		</curveLM09>
		<curveLM10 type=matrix rownames=FALSE colnames=FALSE nrow=84 ncol=2 as.numeric=TRUE >
			5.76068376068376	-5.13675213675214
			5.75213675213675	-5.13675213675214
			5.74358974358974	-5.14529914529915
			5.73504273504274	-5.14529914529915
			5.72649572649573	-5.14529914529915
			5.71794871794872	-5.14529914529915
			5.70940170940171	-5.14529914529915
			5.7008547008547	-5.14529914529915
			5.69230769230769	-5.14529914529915
			5.68376068376068	-5.14529914529915
			5.67521367521368	-5.14529914529915
			5.66666666666667	-5.14529914529915
			5.65811965811966	-5.14529914529915
			5.64957264957265	-5.13675213675214
			5.64102564102564	-5.13675213675214
			5.63247863247863	-5.12820512820513
			5.62393162393162	-5.12820512820513
			5.61538461538462	-5.11965811965812
			5.60683760683761	-5.11111111111111
			5.5982905982906	-5.1025641025641
			5.58974358974359	-5.09401709401709
			5.58119658119658	-5.08547008547009
			5.58119658119658	-5.07692307692308
			5.57264957264957	-5.06837606837607
			5.56410256410256	-5.05982905982906
			5.56410256410256	-5.05128205128205
			5.55555555555556	-5.04273504273504
			5.55555555555556	-5.03418803418803
			5.55555555555556	-5.02564102564103
			5.54700854700855	-5.01709401709402
			5.54700854700855	-5.00854700854701
			5.54700854700855	-5
			5.53846153846154	-4.99145299145299
			5.53846153846154	-4.98290598290598
			5.53846153846154	-4.97435897435897
			5.53846153846154	-4.96581196581197
			5.52991452991453	-4.95726495726496
			5.52991452991453	-4.94871794871795
			5.52991452991453	-4.94017094017094
			5.52991452991453	-4.93162393162393
			5.52991452991453	-4.92307692307692
			5.52136752136752	-4.91452991452991
			5.52136752136752	-4.90598290598291
			5.52136752136752	-4.8974358974359
			5.52136752136752	-4.88888888888889
			5.52136752136752	-4.88034188034188
			5.52136752136752	-4.87179487179487
			5.52136752136752	-4.86324786324786
			5.52136752136752	-4.85470085470086
			5.51282051282051	-4.84615384615385
			5.51282051282051	-4.83760683760684
			5.51282051282051	-4.82905982905983
			5.51282051282051	-4.82051282051282
			5.51282051282051	-4.81196581196581
			5.51282051282051	-4.8034188034188
			5.51282051282051	-4.7948717948718
			5.51282051282051	-4.78632478632479
			5.51282051282051	-4.77777777777778
			5.51282051282051	-4.76923076923077
			5.51282051282051	-4.76068376068376
			5.51282051282051	-4.75213675213675
			5.51282051282051	-4.74358974358974
			5.51282051282051	-4.73504273504274
			5.51282051282051	-4.72649572649573
			5.52136752136752	-4.71794871794872
			5.52136752136752	-4.70940170940171
			5.52136752136752	-4.7008547008547
			5.52136752136752	-4.69230769230769
			5.52136752136752	-4.68376068376068
			5.52136752136752	-4.67521367521368
			5.52136752136752	-4.66666666666667
			5.52136752136752	-4.65811965811966
			5.51282051282051	-4.64957264957265
			5.51282051282051	-4.64102564102564
			5.51282051282051	-4.63247863247863
			5.51282051282051	-4.62393162393162
			5.50427350427351	-4.61538461538462
			5.50427350427351	-4.60683760683761
			5.4957264957265	-4.5982905982906
			5.4957264957265	-4.58974358974359
			5.48717948717949	-4.58119658119658
			5.47863247863248	-4.57264957264957
			5.47008547008547	-4.56410256410256
			5.46153846153846	-4.55555555555556
		</curveLM10>
		<curveLM11 type=matrix rownames=FALSE colnames=FALSE nrow=37 ncol=2 as.numeric=TRUE >
			5.46153846153846	-4.55555555555556
			5.45299145299145	-4.54700854700855
			5.44444444444444	-4.53846153846154
			5.43589743589744	-4.52991452991453
			5.42735042735043	-4.52136752136752
			5.41880341880342	-4.52136752136752
			5.41025641025641	-4.51282051282051
			5.4017094017094	-4.51282051282051
			5.39316239316239	-4.51282051282051
			5.38461538461539	-4.50427350427351
			5.37606837606838	-4.50427350427351
			5.36752136752137	-4.50427350427351
			5.35897435897436	-4.50427350427351
			5.35042735042735	-4.50427350427351
			5.34188034188034	-4.50427350427351
			5.33333333333333	-4.51282051282051
			5.32478632478633	-4.51282051282051
			5.31623931623932	-4.51282051282051
			5.30769230769231	-4.51282051282051
			5.2991452991453	-4.52136752136752
			5.29059829059829	-4.52136752136752
			5.28205128205128	-4.52136752136752
			5.27350427350427	-4.51282051282051
			5.26495726495727	-4.51282051282051
			5.25641025641026	-4.51282051282051
			5.24786324786325	-4.50427350427351
			5.23931623931624	-4.50427350427351
			5.23076923076923	-4.4957264957265
			5.22222222222222	-4.48717948717949
			5.21367521367521	-4.48717948717949
			5.20512820512821	-4.47863247863248
			5.20512820512821	-4.47008547008547
			5.1965811965812	-4.47008547008547
			5.18803418803419	-4.46153846153846
			5.18803418803419	-4.45299145299145
			5.17948717948718	-4.45299145299145
			5.17948717948718	-4.44444444444444
		</curveLM11>
		<curveLM12 type=matrix rownames=FALSE colnames=FALSE nrow=204 ncol=2 as.numeric=TRUE >
			5.17948717948718	-4.44444444444444
			5.17094017094017	-4.43589743589744
			5.17094017094017	-4.42735042735043
			5.17094017094017	-4.41880341880342
			5.17094017094017	-4.41025641025641
			5.17094017094017	-4.4017094017094
			5.17094017094017	-4.39316239316239
			5.17094017094017	-4.38461538461539
			5.17094017094017	-4.37606837606838
			5.17948717948718	-4.36752136752137
			5.17948717948718	-4.35897435897436
			5.17948717948718	-4.35042735042735
			5.18803418803419	-4.34188034188034
			5.18803418803419	-4.33333333333333
			5.1965811965812	-4.32478632478633
			5.1965811965812	-4.31623931623932
			5.20512820512821	-4.30769230769231
			5.20512820512821	-4.2991452991453
			5.21367521367521	-4.29059829059829
			5.21367521367521	-4.28205128205128
			5.21367521367521	-4.27350427350427
			5.22222222222222	-4.27350427350427
			5.22222222222222	-4.26495726495727
			5.22222222222222	-4.25641025641026
			5.23076923076923	-4.25641025641026
			5.23076923076923	-4.24786324786325
			5.23931623931624	-4.23931623931624
			5.23931623931624	-4.23076923076923
			5.24786324786325	-4.22222222222222
			5.25641025641026	-4.21367521367521
			5.25641025641026	-4.20512820512821
			5.26495726495727	-4.1965811965812
			5.26495726495727	-4.18803418803419
			5.27350427350427	-4.17948717948718
			5.28205128205128	-4.17094017094017
			5.28205128205128	-4.16239316239316
			5.29059829059829	-4.15384615384615
			5.29059829059829	-4.14529914529915
			5.2991452991453	-4.13675213675214
			5.2991452991453	-4.12820512820513
			5.30769230769231	-4.11965811965812
			5.30769230769231	-4.11111111111111
			5.31623931623932	-4.1025641025641
			5.31623931623932	-4.09401709401709
			5.31623931623932	-4.08547008547009
			5.32478632478633	-4.07692307692308
			5.32478632478633	-4.06837606837607
			5.32478632478633	-4.05982905982906
			5.33333333333333	-4.05128205128205
			5.33333333333333	-4.04273504273504
			5.34188034188034	-4.03418803418803
			5.34188034188034	-4.02564102564103
			5.34188034188034	-4.01709401709402
			5.34188034188034	-4.00854700854701
			5.35042735042735	-4.00854700854701
			5.35042735042735	-4
			5.35042735042735	-3.99145299145299
			5.35897435897436	-3.98290598290598
			5.35897435897436	-3.97435897435897
			5.35897435897436	-3.96581196581197
			5.36752136752137	-3.95726495726496
			5.36752136752137	-3.94871794871795
			5.36752136752137	-3.94017094017094
			5.37606837606838	-3.93162393162393
			5.37606837606838	-3.92307692307692
			5.37606837606838	-3.91452991452991
			5.38461538461539	-3.90598290598291
			5.38461538461539	-3.8974358974359
			5.39316239316239	-3.88888888888889
			5.39316239316239	-3.88034188034188
			5.39316239316239	-3.87179487179487
			5.39316239316239	-3.86324786324786
			5.4017094017094	-3.85470085470086
			5.4017094017094	-3.84615384615385
			5.4017094017094	-3.83760683760684
			5.41025641025641	-3.82905982905983
			5.41025641025641	-3.82051282051282
			5.41025641025641	-3.81196581196581
			5.41880341880342	-3.81196581196581
			5.41880341880342	-3.8034188034188
			5.41880341880342	-3.7948717948718
			5.41880341880342	-3.78632478632479
			5.42735042735043	-3.77777777777778
			5.42735042735043	-3.76923076923077
			5.42735042735043	-3.76068376068376
			5.43589743589744	-3.76068376068376
			5.43589743589744	-3.75213675213675
			5.43589743589744	-3.74358974358974
			5.43589743589744	-3.73504273504274
			5.44444444444444	-3.72649572649573
			5.44444444444444	-3.71794871794872
			5.44444444444444	-3.70940170940171
			5.45299145299145	-3.7008547008547
			5.45299145299145	-3.69230769230769
			5.46153846153846	-3.68376068376068
			5.46153846153846	-3.67521367521368
			5.46153846153846	-3.66666666666667
			5.46153846153846	-3.65811965811966
			5.47008547008547	-3.65811965811966
			5.47008547008547	-3.64957264957265
			5.47008547008547	-3.64102564102564
			5.47008547008547	-3.63247863247863
			5.47863247863248	-3.62393162393162
			5.47863247863248	-3.61538461538462
			5.47863247863248	-3.60683760683761
			5.48717948717949	-3.5982905982906
			5.48717948717949	-3.58974358974359
			5.48717948717949	-3.58119658119658
			5.4957264957265	-3.58119658119658
			5.4957264957265	-3.57264957264957
			5.4957264957265	-3.56410256410256
			5.4957264957265	-3.55555555555556
			5.50427350427351	-3.54700854700855
			5.50427350427351	-3.53846153846154
			5.50427350427351	-3.52991452991453
			5.50427350427351	-3.52136752136752
			5.51282051282051	-3.52136752136752
			5.51282051282051	-3.51282051282051
			5.51282051282051	-3.5042735042735
			5.52136752136752	-3.4957264957265
			5.52136752136752	-3.48717948717949
			5.52136752136752	-3.47863247863248
			5.52136752136752	-3.47008547008547
			5.52991452991453	-3.46153846153846
			5.52991452991453	-3.45299145299145
			5.53846153846154	-3.44444444444444
			5.53846153846154	-3.43589743589744
			5.53846153846154	-3.42735042735043
			5.53846153846154	-3.41880341880342
			5.54700854700855	-3.41880341880342
			5.54700854700855	-3.41025641025641
			5.54700854700855	-3.4017094017094
			5.55555555555556	-3.39316239316239
			5.55555555555556	-3.38461538461539
			5.55555555555556	-3.37606837606838
			5.55555555555556	-3.36752136752137
			5.56410256410256	-3.36752136752137
			5.56410256410256	-3.35897435897436
			5.56410256410256	-3.35042735042735
			5.56410256410256	-3.34188034188034
			5.57264957264957	-3.33333333333333
			5.57264957264957	-3.32478632478632
			5.57264957264957	-3.31623931623932
			5.58119658119658	-3.30769230769231
			5.58119658119658	-3.2991452991453
			5.58119658119658	-3.29059829059829
			5.58974358974359	-3.28205128205128
			5.58974358974359	-3.27350427350427
			5.58974358974359	-3.26495726495727
			5.5982905982906	-3.25641025641026
			5.5982905982906	-3.24786324786325
			5.5982905982906	-3.23931623931624
			5.5982905982906	-3.23076923076923
			5.60683760683761	-3.22222222222222
			5.60683760683761	-3.21367521367521
			5.61538461538462	-3.20512820512821
			5.61538461538462	-3.1965811965812
			5.61538461538462	-3.18803418803419
			5.61538461538462	-3.17948717948718
			5.62393162393162	-3.17094017094017
			5.62393162393162	-3.16239316239316
			5.62393162393162	-3.15384615384615
			5.63247863247863	-3.14529914529915
			5.63247863247863	-3.13675213675214
			5.63247863247863	-3.12820512820513
			5.63247863247863	-3.11965811965812
			5.64102564102564	-3.11111111111111
			5.64102564102564	-3.1025641025641
			5.64102564102564	-3.09401709401709
			5.64957264957265	-3.08547008547009
			5.64957264957265	-3.07692307692308
			5.65811965811966	-3.06837606837607
			5.65811965811966	-3.05982905982906
			5.65811965811966	-3.05128205128205
			5.65811965811966	-3.04273504273504
			5.66666666666667	-3.03418803418803
			5.66666666666667	-3.02564102564103
			5.66666666666667	-3.01709401709402
			5.66666666666667	-3.00854700854701
			5.67521367521368	-3
			5.67521367521368	-2.99145299145299
			5.67521367521368	-2.98290598290598
			5.67521367521368	-2.97435897435897
			5.67521367521368	-2.96581196581197
			5.68376068376068	-2.96581196581197
			5.68376068376068	-2.95726495726496
			5.68376068376068	-2.94871794871795
			5.68376068376068	-2.94017094017094
			5.69230769230769	-2.93162393162393
			5.69230769230769	-2.92307692307692
			5.69230769230769	-2.91452991452991
			5.69230769230769	-2.90598290598291
			5.7008547008547	-2.8974358974359
			5.7008547008547	-2.88888888888889
			5.70940170940171	-2.88034188034188
			5.70940170940171	-2.87179487179487
			5.71794871794872	-2.86324786324786
			5.71794871794872	-2.85470085470085
			5.72649572649573	-2.84615384615385
			5.72649572649573	-2.83760683760684
			5.73504273504274	-2.82905982905983
			5.74358974358974	-2.82905982905983
			5.75213675213675	-2.82051282051282
			5.76068376068376	-2.82051282051282
		</curveLM12>
	</curves.scaled>
	<ruler.points type=matrix rownames=TRUE colnames=FALSE nrow=5 ncol=2 as.numeric=TRUE >
		Ruler point 1	210	814
		Ruler point 2	327	814
		Ruler point 3	444	814
		Ruler point 4	561	813
		Ruler point 5	679	814
	</ruler.points>
</shapes>

