<shapes type=list>
	<ruler.pixel type=vector names=FALSE length=1 as.numeric=TRUE >117.317614610523</ruler.pixel>
	<ruler.interval type=vector names=FALSE length=1 as.numeric=TRUE >1</ruler.interval>
	<scaling.units type=vector names=FALSE length=1 as.numeric=FALSE >cm</scaling.units>
	<scaling type=vector names=FALSE length=1 as.numeric=TRUE >0.00852386918469025</scaling>
	<landmarks.pixel type=matrix rownames=TRUE colnames=FALSE nrow=6 ncol=2 as.numeric=TRUE >
		LM01	674	315
		LM02	755	525
		LM03	706	543
		LM04	675	603
		LM05	645	546
		LM06	606	524
	</landmarks.pixel>
	<landmarks.scaled type=matrix rownames=TRUE colnames=FALSE nrow=6 ncol=2 as.numeric=TRUE >
		LM01	5.74508783048123	-2.68501879317743
		LM02	6.43552123444114	-4.47503132196238
		LM03	6.01785164439132	-4.62846096728681
		LM04	5.75361169966592	-5.13989311836822
		LM05	5.49789562412521	-4.65403257484088
		LM06	5.16546472592229	-4.46650745277769
	</landmarks.scaled>
	<curves.control type=list>
		<curveLM07 type=matrix rownames=FALSE colnames=FALSE nrow=5 ncol=2 as.numeric=TRUE >
			674	315
			687	355
			723	438
			737	476
			755	525
		</curveLM07>
		<curveLM08 type=matrix rownames=FALSE colnames=FALSE nrow=5 ncol=2 as.numeric=TRUE >
			755	525
			748	546
			720	540
			714	540
			706	543
		</curveLM08>
		<curveLM09 type=matrix rownames=FALSE colnames=FALSE nrow=5 ncol=2 as.numeric=TRUE >
			706	543
			698	548
			703	583
			702	590
			675	603
		</curveLM09>
		<curveLM10 type=matrix rownames=FALSE colnames=FALSE nrow=5 ncol=2 as.numeric=TRUE >
			675	603
			646	604
			647	571
			653	555
			645	546
		</curveLM10>
		<curveLM11 type=matrix rownames=FALSE colnames=FALSE nrow=3 ncol=2 as.numeric=TRUE >
			645	546
			610	536
			606	524
		</curveLM11>
		<curveLM12 type=matrix rownames=FALSE colnames=FALSE nrow=7 ncol=2 as.numeric=TRUE >
			606	524
			605	494
			631	431
			665	364
			663	324
			668	320
			674	315
		</curveLM12>
	</curves.control>
	<curves.pixel type=list>
		<curveLM07 type=matrix rownames=FALSE colnames=FALSE nrow=224 ncol=2 as.numeric=TRUE >
			674	315
			674	316
			675	317
			675	318
			675	319
			676	320
			676	321
			676	322
			677	323
			677	324
			678	325
			678	326
			678	327
			678	328
			679	328
			679	329
			679	330
			680	331
			680	332
			680	333
			681	334
			681	335
			681	336
			682	337
			682	338
			683	339
			683	340
			683	341
			684	342
			684	343
			684	344
			685	345
			685	346
			686	347
			686	348
			686	349
			687	350
			687	351
			687	352
			688	352
			688	353
			688	354
			689	355
			689	356
			689	357
			690	358
			690	359
			690	360
			691	360
			691	361
			691	362
			692	363
			692	364
			692	365
			693	365
			693	366
			693	367
			694	368
			694	369
			694	370
			695	371
			695	372
			696	373
			696	374
			697	375
			697	376
			697	377
			698	378
			698	379
			699	380
			699	381
			699	382
			700	382
			700	383
			700	384
			701	385
			701	386
			701	387
			702	387
			702	388
			702	389
			703	390
			703	391
			704	392
			704	393
			704	394
			705	395
			705	396
			706	397
			706	398
			707	399
			707	400
			707	401
			708	402
			708	403
			708	404
			709	405
			709	406
			710	407
			710	408
			711	409
			711	410
			711	411
			712	412
			712	413
			713	414
			713	415
			713	416
			714	417
			714	418
			715	418
			715	419
			715	420
			716	421
			716	422
			717	423
			717	424
			718	425
			718	426
			718	427
			719	428
			719	429
			720	430
			720	431
			720	432
			721	433
			721	434
			722	435
			722	436
			723	437
			723	438
			723	439
			724	440
			724	441
			725	442
			725	443
			725	444
			726	445
			726	446
			726	447
			727	448
			727	449
			727	450
			728	451
			728	452
			729	453
			729	454
			729	455
			730	456
			730	457
			731	458
			731	459
			731	460
			731	461
			732	461
			732	462
			732	463
			733	464
			733	465
			733	466
			734	467
			734	468
			734	469
			735	470
			735	471
			736	472
			736	473
			736	474
			737	475
			737	476
			737	477
			738	478
			738	479
			738	480
			739	481
			739	482
			739	483
			740	484
			740	485
			740	486
			741	486
			741	487
			742	488
			742	489
			742	490
			743	491
			743	492
			743	493
			744	494
			744	495
			745	496
			745	497
			745	498
			746	499
			746	500
			746	501
			746	502
			747	502
			747	503
			747	504
			748	505
			748	506
			748	507
			749	508
			749	509
			749	510
			750	510
			750	511
			750	512
			750	513
			751	513
			751	514
			751	515
			752	516
			752	517
			752	518
			753	519
			753	520
			753	521
			754	522
			754	523
			754	524
			755	524
			755	525
		</curveLM07>
		<curveLM08 type=matrix rownames=FALSE colnames=FALSE nrow=54 ncol=2 as.numeric=TRUE >
			755	525
			754	526
			754	527
			754	528
			753	529
			753	530
			752	531
			751	532
			751	533
			750	534
			749	535
			748	536
			747	537
			746	538
			745	538
			744	539
			743	539
			742	540
			741	540
			740	540
			739	541
			738	541
			737	541
			736	541
			735	541
			734	541
			733	541
			732	541
			731	541
			730	541
			729	541
			728	541
			727	541
			726	541
			725	541
			724	541
			723	541
			722	540
			721	540
			720	540
			719	540
			718	540
			717	540
			716	540
			715	540
			714	541
			713	541
			712	541
			711	541
			710	542
			709	542
			708	542
			707	543
			706	543
		</curveLM08>
		<curveLM09 type=matrix rownames=FALSE colnames=FALSE nrow=72 ncol=2 as.numeric=TRUE >
			706	543
			705	544
			704	544
			704	545
			703	546
			703	547
			703	548
			702	549
			702	550
			702	551
			702	552
			702	553
			701	554
			701	555
			701	556
			701	557
			701	558
			701	559
			701	560
			701	561
			701	562
			701	563
			701	564
			701	565
			701	566
			701	567
			701	568
			701	569
			701	570
			702	571
			702	572
			702	573
			702	574
			702	575
			702	576
			702	577
			702	578
			702	579
			703	580
			703	581
			703	582
			703	583
			703	584
			702	585
			701	586
			701	587
			700	588
			699	589
			698	589
			697	590
			696	591
			695	592
			694	592
			693	593
			692	594
			691	595
			690	595
			689	596
			688	596
			687	597
			686	597
			685	598
			684	599
			683	599
			682	600
			681	600
			680	600
			679	601
			678	602
			677	602
			676	602
			675	603
		</curveLM09>
		<curveLM10 type=matrix rownames=FALSE colnames=FALSE nrow=76 ncol=2 as.numeric=TRUE >
			675	603
			674	603
			673	603
			672	603
			671	603
			670	603
			669	603
			668	603
			667	603
			666	602
			665	602
			664	602
			663	602
			663	601
			662	601
			661	601
			660	600
			659	600
			658	599
			657	598
			656	598
			655	597
			654	597
			654	596
			653	595
			653	594
			652	594
			651	593
			651	592
			650	591
			650	590
			650	589
			649	588
			649	587
			649	586
			648	585
			648	584
			648	583
			648	582
			648	581
			647	581
			647	580
			647	579
			647	578
			647	577
			647	576
			647	575
			647	574
			647	573
			647	572
			647	571
			647	570
			648	569
			648	568
			648	567
			649	566
			649	565
			649	564
			649	563
			649	562
			649	561
			650	560
			650	559
			650	558
			649	557
			649	556
			649	555
			649	554
			649	553
			649	552
			648	551
			648	550
			647	549
			646	548
			646	547
			645	546
		</curveLM10>
		<curveLM11 type=matrix rownames=FALSE colnames=FALSE nrow=43 ncol=2 as.numeric=TRUE >
			645	546
			644	546
			643	545
			642	545
			641	545
			640	544
			639	544
			638	544
			637	543
			636	543
			635	543
			634	543
			633	542
			632	542
			631	542
			630	541
			629	541
			628	540
			627	540
			626	539
			625	539
			624	539
			623	538
			622	538
			621	537
			620	537
			619	536
			618	536
			617	535
			616	535
			615	534
			614	533
			613	532
			612	531
			611	531
			610	530
			609	529
			608	528
			607	527
			607	526
			607	525
			606	525
			606	524
		</curveLM11>
		<curveLM12 type=matrix rownames=FALSE colnames=FALSE nrow=215 ncol=2 as.numeric=TRUE >
			606	524
			606	523
			606	522
			606	521
			606	520
			606	519
			606	518
			606	517
			606	516
			606	515
			606	514
			606	513
			607	512
			607	511
			607	510
			607	509
			607	508
			607	507
			607	506
			608	505
			608	504
			608	503
			608	502
			608	501
			608	500
			609	499
			609	498
			609	497
			609	496
			610	495
			610	494
			610	493
			610	492
			610	491
			611	490
			611	489
			611	488
			611	487
			612	486
			612	485
			612	484
			613	483
			613	482
			613	481
			613	480
			614	479
			614	478
			614	477
			615	476
			615	475
			615	474
			616	473
			616	472
			616	471
			616	470
			617	469
			617	468
			617	467
			618	466
			618	465
			619	464
			619	463
			619	462
			620	461
			620	460
			620	459
			621	458
			621	457
			621	456
			622	455
			622	454
			622	453
			623	452
			623	451
			624	450
			624	449
			624	448
			625	447
			625	446
			626	445
			626	444
			626	443
			627	442
			627	441
			627	440
			628	439
			628	438
			629	437
			629	436
			629	435
			630	434
			630	433
			631	432
			631	431
			632	430
			632	429
			633	428
			633	427
			634	426
			634	425
			635	424
			635	423
			636	422
			636	421
			637	420
			637	419
			637	418
			638	417
			638	416
			639	415
			639	414
			640	413
			640	412
			641	411
			641	410
			642	409
			642	408
			642	407
			643	406
			643	405
			644	404
			644	403
			644	402
			645	401
			645	400
			646	399
			646	398
			647	397
			647	396
			647	395
			648	394
			648	393
			649	392
			649	391
			649	390
			650	390
			650	389
			650	388
			650	387
			651	387
			651	386
			651	385
			652	384
			652	383
			652	382
			653	381
			653	380
			653	379
			654	378
			654	377
			654	376
			655	375
			655	374
			655	373
			656	372
			656	371
			656	370
			657	369
			657	368
			657	367
			657	366
			658	365
			658	364
			658	363
			659	362
			659	361
			659	360
			659	359
			659	358
			660	357
			660	356
			660	355
			660	354
			660	353
			661	352
			661	351
			661	350
			661	349
			661	348
			662	347
			662	346
			662	345
			662	344
			662	343
			662	342
			662	341
			663	340
			663	339
			663	338
			663	337
			663	336
			663	335
			663	334
			663	333
			663	332
			663	331
			663	330
			663	329
			663	328
			663	327
			663	326
			663	325
			663	324
			664	323
			665	323
			665	322
			666	321
			667	321
			668	320
			669	319
			670	318
			671	318
			672	317
			673	316
			674	315
		</curveLM12>
	</curves.pixel>
	<curves.scaled type=list>
		<curveLM07 type=matrix rownames=FALSE colnames=FALSE nrow=224 ncol=2 as.numeric=TRUE >
			5.74508783048123	-2.68501879317743
			5.74508783048123	-2.69354266236212
			5.75361169966592	-2.70206653154681
			5.75361169966592	-2.7105904007315
			5.75361169966592	-2.71911426991619
			5.76213556885061	-2.72763813910088
			5.76213556885061	-2.73616200828557
			5.76213556885061	-2.74468587747026
			5.7706594380353	-2.75320974665495
			5.7706594380353	-2.76173361583964
			5.77918330721999	-2.77025748502433
			5.77918330721999	-2.77878135420902
			5.77918330721999	-2.78730522339371
			5.77918330721999	-2.7958290925784
			5.78770717640468	-2.7958290925784
			5.78770717640468	-2.80435296176309
			5.78770717640468	-2.81287683094778
			5.79623104558937	-2.82140070013247
			5.79623104558937	-2.82992456931716
			5.79623104558937	-2.83844843850185
			5.80475491477406	-2.84697230768654
			5.80475491477406	-2.85549617687123
			5.80475491477406	-2.86402004605592
			5.81327878395875	-2.87254391524061
			5.81327878395875	-2.8810677844253
			5.82180265314344	-2.88959165360999
			5.82180265314344	-2.89811552279469
			5.82180265314344	-2.90663939197938
			5.83032652232813	-2.91516326116407
			5.83032652232813	-2.92368713034876
			5.83032652232813	-2.93221099953345
			5.83885039151282	-2.94073486871814
			5.83885039151282	-2.94925873790283
			5.84737426069751	-2.95778260708752
			5.84737426069751	-2.96630647627221
			5.84737426069751	-2.9748303454569
			5.8558981298822	-2.98335421464159
			5.8558981298822	-2.99187808382628
			5.8558981298822	-3.00040195301097
			5.86442199906689	-3.00040195301097
			5.86442199906689	-3.00892582219566
			5.86442199906689	-3.01744969138035
			5.87294586825158	-3.02597356056504
			5.87294586825158	-3.03449742974973
			5.87294586825158	-3.04302129893442
			5.88146973743627	-3.05154516811911
			5.88146973743627	-3.0600690373038
			5.88146973743627	-3.06859290648849
			5.88999360662096	-3.06859290648849
			5.88999360662096	-3.07711677567318
			5.88999360662096	-3.08564064485787
			5.89851747580565	-3.09416451404256
			5.89851747580565	-3.10268838322725
			5.89851747580565	-3.11121225241194
			5.90704134499034	-3.11121225241194
			5.90704134499034	-3.11973612159663
			5.90704134499034	-3.12825999078132
			5.91556521417503	-3.13678385996601
			5.91556521417503	-3.1453077291507
			5.91556521417503	-3.15383159833539
			5.92408908335972	-3.16235546752008
			5.92408908335972	-3.17087933670477
			5.93261295254441	-3.17940320588946
			5.93261295254441	-3.18792707507415
			5.9411368217291	-3.19645094425884
			5.9411368217291	-3.20497481344353
			5.9411368217291	-3.21349868262822
			5.9496606909138	-3.22202255181291
			5.9496606909138	-3.23054642099761
			5.95818456009849	-3.2390702901823
			5.95818456009849	-3.24759415936699
			5.95818456009849	-3.25611802855168
			5.96670842928318	-3.25611802855168
			5.96670842928318	-3.26464189773637
			5.96670842928318	-3.27316576692106
			5.97523229846787	-3.28168963610575
			5.97523229846787	-3.29021350529044
			5.97523229846787	-3.29873737447513
			5.98375616765256	-3.29873737447513
			5.98375616765256	-3.30726124365982
			5.98375616765256	-3.31578511284451
			5.99228003683725	-3.3243089820292
			5.99228003683725	-3.33283285121389
			6.00080390602194	-3.34135672039858
			6.00080390602194	-3.34988058958327
			6.00080390602194	-3.35840445876796
			6.00932777520663	-3.36692832795265
			6.00932777520663	-3.37545219713734
			6.01785164439132	-3.38397606632203
			6.01785164439132	-3.39249993550672
			6.02637551357601	-3.40102380469141
			6.02637551357601	-3.4095476738761
			6.02637551357601	-3.41807154306079
			6.0348993827607	-3.42659541224548
			6.0348993827607	-3.43511928143017
			6.0348993827607	-3.44364315061486
			6.04342325194539	-3.45216701979955
			6.04342325194539	-3.46069088898424
			6.05194712113008	-3.46921475816893
			6.05194712113008	-3.47773862735362
			6.06047099031477	-3.48626249653831
			6.06047099031477	-3.494786365723
			6.06047099031477	-3.50331023490769
			6.06899485949946	-3.51183410409238
			6.06899485949946	-3.52035797327707
			6.07751872868415	-3.52888184246176
			6.07751872868415	-3.53740571164645
			6.07751872868415	-3.54592958083114
			6.08604259786884	-3.55445345001583
			6.08604259786884	-3.56297731920052
			6.09456646705353	-3.56297731920052
			6.09456646705353	-3.57150118838522
			6.09456646705353	-3.58002505756991
			6.10309033623822	-3.5885489267546
			6.10309033623822	-3.59707279593929
			6.11161420542291	-3.60559666512398
			6.11161420542291	-3.61412053430867
			6.1201380746076	-3.62264440349336
			6.1201380746076	-3.63116827267805
			6.1201380746076	-3.63969214186274
			6.12866194379229	-3.64821601104743
			6.12866194379229	-3.65673988023212
			6.13718581297698	-3.66526374941681
			6.13718581297698	-3.6737876186015
			6.13718581297698	-3.68231148778619
			6.14570968216167	-3.69083535697088
			6.14570968216167	-3.69935922615557
			6.15423355134636	-3.70788309534026
			6.15423355134636	-3.71640696452495
			6.16275742053105	-3.72493083370964
			6.16275742053105	-3.73345470289433
			6.16275742053105	-3.74197857207902
			6.17128128971574	-3.75050244126371
			6.17128128971574	-3.7590263104484
			6.17980515890043	-3.76755017963309
			6.17980515890043	-3.77607404881778
			6.17980515890043	-3.78459791800247
			6.18832902808512	-3.79312178718716
			6.18832902808512	-3.80164565637185
			6.18832902808512	-3.81016952555654
			6.19685289726981	-3.81869339474123
			6.19685289726981	-3.82721726392592
			6.19685289726981	-3.83574113311061
			6.2053767664545	-3.8442650022953
			6.2053767664545	-3.85278887147999
			6.21390063563919	-3.86131274066468
			6.21390063563919	-3.86983660984937
			6.21390063563919	-3.87836047903406
			6.22242450482388	-3.88688434821875
			6.22242450482388	-3.89540821740344
			6.23094837400857	-3.90393208658814
			6.23094837400857	-3.91245595577283
			6.23094837400857	-3.92097982495752
			6.23094837400857	-3.92950369414221
			6.23947224319326	-3.92950369414221
			6.23947224319326	-3.9380275633269
			6.23947224319326	-3.94655143251159
			6.24799611237795	-3.95507530169628
			6.24799611237795	-3.96359917088097
			6.24799611237795	-3.97212304006566
			6.25651998156264	-3.98064690925035
			6.25651998156264	-3.98917077843504
			6.25651998156264	-3.99769464761973
			6.26504385074733	-4.00621851680442
			6.26504385074733	-4.01474238598911
			6.27356771993202	-4.0232662551738
			6.27356771993202	-4.03179012435849
			6.27356771993202	-4.04031399354318
			6.28209158911671	-4.04883786272787
			6.28209158911671	-4.05736173191256
			6.28209158911671	-4.06588560109725
			6.2906154583014	-4.07440947028194
			6.2906154583014	-4.08293333946663
			6.2906154583014	-4.09145720865132
			6.2991393274861	-4.09998107783601
			6.2991393274861	-4.1085049470207
			6.2991393274861	-4.11702881620539
			6.30766319667079	-4.12555268539008
			6.30766319667079	-4.13407655457477
			6.30766319667079	-4.14260042375946
			6.31618706585548	-4.14260042375946
			6.31618706585548	-4.15112429294415
			6.32471093504017	-4.15964816212884
			6.32471093504017	-4.16817203131353
			6.32471093504017	-4.17669590049822
			6.33323480422486	-4.18521976968291
			6.33323480422486	-4.1937436388676
			6.33323480422486	-4.20226750805229
			6.34175867340955	-4.21079137723698
			6.34175867340955	-4.21931524642167
			6.35028254259424	-4.22783911560636
			6.35028254259424	-4.23636298479105
			6.35028254259424	-4.24488685397574
			6.35880641177893	-4.25341072316044
			6.35880641177893	-4.26193459234513
			6.35880641177893	-4.27045846152982
			6.35880641177893	-4.27898233071451
			6.36733028096362	-4.27898233071451
			6.36733028096362	-4.2875061998992
			6.36733028096362	-4.29603006908389
			6.37585415014831	-4.30455393826858
			6.37585415014831	-4.31307780745327
			6.37585415014831	-4.32160167663796
			6.384378019333	-4.33012554582265
			6.384378019333	-4.33864941500734
			6.384378019333	-4.34717328419203
			6.39290188851769	-4.34717328419203
			6.39290188851769	-4.35569715337672
			6.39290188851769	-4.36422102256141
			6.39290188851769	-4.3727448917461
			6.40142575770238	-4.3727448917461
			6.40142575770238	-4.38126876093079
			6.40142575770238	-4.38979263011548
			6.40994962688707	-4.39831649930017
			6.40994962688707	-4.40684036848486
			6.40994962688707	-4.41536423766955
			6.41847349607176	-4.42388810685424
			6.41847349607176	-4.43241197603893
			6.41847349607176	-4.44093584522362
			6.42699736525645	-4.44945971440831
			6.42699736525645	-4.457983583593
			6.42699736525645	-4.46650745277769
			6.43552123444114	-4.46650745277769
			6.43552123444114	-4.47503132196238
		</curveLM07>
		<curveLM08 type=matrix rownames=FALSE colnames=FALSE nrow=54 ncol=2 as.numeric=TRUE >
			6.43552123444114	-4.47503132196238
			6.42699736525645	-4.48355519114707
			6.42699736525645	-4.49207906033176
			6.42699736525645	-4.50060292951645
			6.41847349607176	-4.50912679870114
			6.41847349607176	-4.51765066788583
			6.40994962688707	-4.52617453707052
			6.40142575770238	-4.53469840625521
			6.40142575770238	-4.5432222754399
			6.39290188851769	-4.55174614462459
			6.384378019333	-4.56027001380928
			6.37585415014831	-4.56879388299397
			6.36733028096362	-4.57731775217866
			6.35880641177893	-4.58584162136335
			6.35028254259424	-4.58584162136335
			6.34175867340955	-4.59436549054805
			6.33323480422486	-4.59436549054805
			6.32471093504017	-4.60288935973274
			6.31618706585548	-4.60288935973274
			6.30766319667079	-4.60288935973274
			6.2991393274861	-4.61141322891743
			6.2906154583014	-4.61141322891743
			6.28209158911671	-4.61141322891743
			6.27356771993202	-4.61141322891743
			6.26504385074733	-4.61141322891743
			6.25651998156264	-4.61141322891743
			6.24799611237795	-4.61141322891743
			6.23947224319326	-4.61141322891743
			6.23094837400857	-4.61141322891743
			6.22242450482388	-4.61141322891743
			6.21390063563919	-4.61141322891743
			6.2053767664545	-4.61141322891743
			6.19685289726981	-4.61141322891743
			6.18832902808512	-4.61141322891743
			6.17980515890043	-4.61141322891743
			6.17128128971574	-4.61141322891743
			6.16275742053105	-4.61141322891743
			6.15423355134636	-4.60288935973274
			6.14570968216167	-4.60288935973274
			6.13718581297698	-4.60288935973274
			6.12866194379229	-4.60288935973274
			6.1201380746076	-4.60288935973274
			6.11161420542291	-4.60288935973274
			6.10309033623822	-4.60288935973274
			6.09456646705353	-4.60288935973274
			6.08604259786884	-4.61141322891743
			6.07751872868415	-4.61141322891743
			6.06899485949946	-4.61141322891743
			6.06047099031477	-4.61141322891743
			6.05194712113008	-4.61993709810212
			6.04342325194539	-4.61993709810212
			6.0348993827607	-4.61993709810212
			6.02637551357601	-4.62846096728681
			6.01785164439132	-4.62846096728681
		</curveLM08>
		<curveLM09 type=matrix rownames=FALSE colnames=FALSE nrow=72 ncol=2 as.numeric=TRUE >
			6.01785164439132	-4.62846096728681
			6.00932777520663	-4.6369848364715
			6.00080390602194	-4.6369848364715
			6.00080390602194	-4.64550870565619
			5.99228003683725	-4.65403257484088
			5.99228003683725	-4.66255644402557
			5.99228003683725	-4.67108031321026
			5.98375616765256	-4.67960418239495
			5.98375616765256	-4.68812805157964
			5.98375616765256	-4.69665192076433
			5.98375616765256	-4.70517578994902
			5.98375616765256	-4.71369965913371
			5.97523229846787	-4.7222235283184
			5.97523229846787	-4.73074739750309
			5.97523229846787	-4.73927126668778
			5.97523229846787	-4.74779513587247
			5.97523229846787	-4.75631900505716
			5.97523229846787	-4.76484287424185
			5.97523229846787	-4.77336674342654
			5.97523229846787	-4.78189061261123
			5.97523229846787	-4.79041448179592
			5.97523229846787	-4.79893835098061
			5.97523229846787	-4.8074622201653
			5.97523229846787	-4.81598608934999
			5.97523229846787	-4.82450995853468
			5.97523229846787	-4.83303382771937
			5.97523229846787	-4.84155769690406
			5.97523229846787	-4.85008156608875
			5.97523229846787	-4.85860543527344
			5.98375616765256	-4.86712930445813
			5.98375616765256	-4.87565317364282
			5.98375616765256	-4.88417704282751
			5.98375616765256	-4.8927009120122
			5.98375616765256	-4.90122478119689
			5.98375616765256	-4.90974865038158
			5.98375616765256	-4.91827251956627
			5.98375616765256	-4.92679638875097
			5.98375616765256	-4.93532025793565
			5.99228003683725	-4.94384412712035
			5.99228003683725	-4.95236799630504
			5.99228003683725	-4.96089186548973
			5.99228003683725	-4.96941573467442
			5.99228003683725	-4.97793960385911
			5.98375616765256	-4.9864634730438
			5.97523229846787	-4.99498734222849
			5.97523229846787	-5.00351121141318
			5.96670842928318	-5.01203508059787
			5.95818456009849	-5.02055894978256
			5.9496606909138	-5.02055894978256
			5.9411368217291	-5.02908281896725
			5.93261295254441	-5.03760668815194
			5.92408908335972	-5.04613055733663
			5.91556521417503	-5.04613055733663
			5.90704134499034	-5.05465442652132
			5.89851747580565	-5.06317829570601
			5.88999360662096	-5.0717021648907
			5.88146973743627	-5.0717021648907
			5.87294586825158	-5.08022603407539
			5.86442199906689	-5.08022603407539
			5.8558981298822	-5.08874990326008
			5.84737426069751	-5.08874990326008
			5.83885039151282	-5.09727377244477
			5.83032652232813	-5.10579764162946
			5.82180265314344	-5.10579764162946
			5.81327878395875	-5.11432151081415
			5.80475491477406	-5.11432151081415
			5.79623104558937	-5.11432151081415
			5.78770717640468	-5.12284537999884
			5.77918330721999	-5.13136924918353
			5.7706594380353	-5.13136924918353
			5.76213556885061	-5.13136924918353
			5.75361169966592	-5.13989311836822
		</curveLM09>
		<curveLM10 type=matrix rownames=FALSE colnames=FALSE nrow=76 ncol=2 as.numeric=TRUE >
			5.75361169966592	-5.13989311836822
			5.74508783048123	-5.13989311836822
			5.73656396129654	-5.13989311836822
			5.72804009211185	-5.13989311836822
			5.71951622292716	-5.13989311836822
			5.71099235374247	-5.13989311836822
			5.70246848455778	-5.13989311836822
			5.69394461537309	-5.13989311836822
			5.6854207461884	-5.13989311836822
			5.67689687700371	-5.13136924918353
			5.66837300781902	-5.13136924918353
			5.65984913863433	-5.13136924918353
			5.65132526944964	-5.13136924918353
			5.65132526944964	-5.12284537999884
			5.64280140026495	-5.12284537999884
			5.63427753108026	-5.12284537999884
			5.62575366189557	-5.11432151081415
			5.61722979271088	-5.11432151081415
			5.60870592352618	-5.10579764162946
			5.6001820543415	-5.09727377244477
			5.5916581851568	-5.09727377244477
			5.58313431597211	-5.08874990326008
			5.57461044678742	-5.08874990326008
			5.57461044678742	-5.08022603407539
			5.56608657760273	-5.0717021648907
			5.56608657760273	-5.06317829570601
			5.55756270841804	-5.06317829570601
			5.54903883923335	-5.05465442652132
			5.54903883923335	-5.04613055733663
			5.54051497004866	-5.03760668815194
			5.54051497004866	-5.02908281896725
			5.54051497004866	-5.02055894978256
			5.53199110086397	-5.01203508059787
			5.53199110086397	-5.00351121141318
			5.53199110086397	-4.99498734222849
			5.52346723167928	-4.9864634730438
			5.52346723167928	-4.97793960385911
			5.52346723167928	-4.96941573467442
			5.52346723167928	-4.96089186548973
			5.52346723167928	-4.95236799630504
			5.51494336249459	-4.95236799630504
			5.51494336249459	-4.94384412712035
			5.51494336249459	-4.93532025793565
			5.51494336249459	-4.92679638875097
			5.51494336249459	-4.91827251956627
			5.51494336249459	-4.90974865038158
			5.51494336249459	-4.90122478119689
			5.51494336249459	-4.8927009120122
			5.51494336249459	-4.88417704282751
			5.51494336249459	-4.87565317364282
			5.51494336249459	-4.86712930445813
			5.51494336249459	-4.85860543527344
			5.52346723167928	-4.85008156608875
			5.52346723167928	-4.84155769690406
			5.52346723167928	-4.83303382771937
			5.53199110086397	-4.82450995853468
			5.53199110086397	-4.81598608934999
			5.53199110086397	-4.8074622201653
			5.53199110086397	-4.79893835098061
			5.53199110086397	-4.79041448179592
			5.53199110086397	-4.78189061261123
			5.54051497004866	-4.77336674342654
			5.54051497004866	-4.76484287424185
			5.54051497004866	-4.75631900505716
			5.53199110086397	-4.74779513587247
			5.53199110086397	-4.73927126668778
			5.53199110086397	-4.73074739750309
			5.53199110086397	-4.7222235283184
			5.53199110086397	-4.71369965913371
			5.53199110086397	-4.70517578994902
			5.52346723167928	-4.69665192076433
			5.52346723167928	-4.68812805157964
			5.51494336249459	-4.67960418239495
			5.5064194933099	-4.67108031321026
			5.5064194933099	-4.66255644402557
			5.49789562412521	-4.65403257484088
		</curveLM10>
		<curveLM11 type=matrix rownames=FALSE colnames=FALSE nrow=43 ncol=2 as.numeric=TRUE >
			5.49789562412521	-4.65403257484088
			5.48937175494052	-4.65403257484088
			5.48084788575583	-4.64550870565619
			5.47232401657114	-4.64550870565619
			5.46380014738645	-4.64550870565619
			5.45527627820176	-4.6369848364715
			5.44675240901707	-4.6369848364715
			5.43822853983238	-4.6369848364715
			5.42970467064769	-4.62846096728681
			5.421180801463	-4.62846096728681
			5.41265693227831	-4.62846096728681
			5.40413306309362	-4.62846096728681
			5.39560919390893	-4.61993709810212
			5.38708532472424	-4.61993709810212
			5.37856145553955	-4.61993709810212
			5.37003758635486	-4.61141322891743
			5.36151371717017	-4.61141322891743
			5.35298984798548	-4.60288935973274
			5.34446597880079	-4.60288935973274
			5.3359421096161	-4.59436549054805
			5.32741824043141	-4.59436549054805
			5.31889437124672	-4.59436549054805
			5.31037050206203	-4.58584162136335
			5.30184663287734	-4.58584162136335
			5.29332276369265	-4.57731775217866
			5.28479889450796	-4.57731775217866
			5.27627502532327	-4.56879388299397
			5.26775115613857	-4.56879388299397
			5.25922728695388	-4.56027001380928
			5.25070341776919	-4.56027001380928
			5.2421795485845	-4.55174614462459
			5.23365567939981	-4.5432222754399
			5.22513181021512	-4.53469840625521
			5.21660794103043	-4.52617453707052
			5.20808407184574	-4.52617453707052
			5.19956020266105	-4.51765066788583
			5.19103633347636	-4.50912679870114
			5.18251246429167	-4.50060292951645
			5.17398859510698	-4.49207906033176
			5.17398859510698	-4.48355519114707
			5.17398859510698	-4.47503132196238
			5.16546472592229	-4.47503132196238
			5.16546472592229	-4.46650745277769
		</curveLM11>
		<curveLM12 type=matrix rownames=FALSE colnames=FALSE nrow=215 ncol=2 as.numeric=TRUE >
			5.16546472592229	-4.46650745277769
			5.16546472592229	-4.457983583593
			5.16546472592229	-4.44945971440831
			5.16546472592229	-4.44093584522362
			5.16546472592229	-4.43241197603893
			5.16546472592229	-4.42388810685424
			5.16546472592229	-4.41536423766955
			5.16546472592229	-4.40684036848486
			5.16546472592229	-4.39831649930017
			5.16546472592229	-4.38979263011548
			5.16546472592229	-4.38126876093079
			5.16546472592229	-4.3727448917461
			5.17398859510698	-4.36422102256141
			5.17398859510698	-4.35569715337672
			5.17398859510698	-4.34717328419203
			5.17398859510698	-4.33864941500734
			5.17398859510698	-4.33012554582265
			5.17398859510698	-4.32160167663796
			5.17398859510698	-4.31307780745327
			5.18251246429167	-4.30455393826858
			5.18251246429167	-4.29603006908389
			5.18251246429167	-4.2875061998992
			5.18251246429167	-4.27898233071451
			5.18251246429167	-4.27045846152982
			5.18251246429167	-4.26193459234513
			5.19103633347636	-4.25341072316044
			5.19103633347636	-4.24488685397574
			5.19103633347636	-4.23636298479105
			5.19103633347636	-4.22783911560636
			5.19956020266105	-4.21931524642167
			5.19956020266105	-4.21079137723698
			5.19956020266105	-4.20226750805229
			5.19956020266105	-4.1937436388676
			5.19956020266105	-4.18521976968291
			5.20808407184574	-4.17669590049822
			5.20808407184574	-4.16817203131353
			5.20808407184574	-4.15964816212884
			5.20808407184574	-4.15112429294415
			5.21660794103043	-4.14260042375946
			5.21660794103043	-4.13407655457477
			5.21660794103043	-4.12555268539008
			5.22513181021512	-4.11702881620539
			5.22513181021512	-4.1085049470207
			5.22513181021512	-4.09998107783601
			5.22513181021512	-4.09145720865132
			5.23365567939981	-4.08293333946663
			5.23365567939981	-4.07440947028194
			5.23365567939981	-4.06588560109725
			5.2421795485845	-4.05736173191256
			5.2421795485845	-4.04883786272787
			5.2421795485845	-4.04031399354318
			5.25070341776919	-4.03179012435849
			5.25070341776919	-4.0232662551738
			5.25070341776919	-4.01474238598911
			5.25070341776919	-4.00621851680442
			5.25922728695388	-3.99769464761973
			5.25922728695388	-3.98917077843504
			5.25922728695388	-3.98064690925035
			5.26775115613857	-3.97212304006566
			5.26775115613857	-3.96359917088097
			5.27627502532327	-3.95507530169628
			5.27627502532327	-3.94655143251159
			5.27627502532327	-3.9380275633269
			5.28479889450796	-3.92950369414221
			5.28479889450796	-3.92097982495752
			5.28479889450796	-3.91245595577283
			5.29332276369265	-3.90393208658814
			5.29332276369265	-3.89540821740344
			5.29332276369265	-3.88688434821875
			5.30184663287734	-3.87836047903406
			5.30184663287734	-3.86983660984937
			5.30184663287734	-3.86131274066468
			5.31037050206203	-3.85278887147999
			5.31037050206203	-3.8442650022953
			5.31889437124672	-3.83574113311061
			5.31889437124672	-3.82721726392592
			5.31889437124672	-3.81869339474123
			5.32741824043141	-3.81016952555654
			5.32741824043141	-3.80164565637185
			5.3359421096161	-3.79312178718716
			5.3359421096161	-3.78459791800247
			5.3359421096161	-3.77607404881778
			5.34446597880079	-3.76755017963309
			5.34446597880079	-3.7590263104484
			5.34446597880079	-3.75050244126371
			5.35298984798548	-3.74197857207902
			5.35298984798548	-3.73345470289433
			5.36151371717017	-3.72493083370964
			5.36151371717017	-3.71640696452495
			5.36151371717017	-3.70788309534026
			5.37003758635486	-3.69935922615557
			5.37003758635486	-3.69083535697088
			5.37856145553955	-3.68231148778619
			5.37856145553955	-3.6737876186015
			5.38708532472424	-3.66526374941681
			5.38708532472424	-3.65673988023212
			5.39560919390893	-3.64821601104743
			5.39560919390893	-3.63969214186274
			5.40413306309362	-3.63116827267805
			5.40413306309362	-3.62264440349336
			5.41265693227831	-3.61412053430867
			5.41265693227831	-3.60559666512398
			5.421180801463	-3.59707279593929
			5.421180801463	-3.5885489267546
			5.42970467064769	-3.58002505756991
			5.42970467064769	-3.57150118838522
			5.42970467064769	-3.56297731920052
			5.43822853983238	-3.55445345001583
			5.43822853983238	-3.54592958083114
			5.44675240901707	-3.53740571164645
			5.44675240901707	-3.52888184246176
			5.45527627820176	-3.52035797327707
			5.45527627820176	-3.51183410409238
			5.46380014738645	-3.50331023490769
			5.46380014738645	-3.494786365723
			5.47232401657114	-3.48626249653831
			5.47232401657114	-3.47773862735362
			5.47232401657114	-3.46921475816893
			5.48084788575583	-3.46069088898424
			5.48084788575583	-3.45216701979955
			5.48937175494052	-3.44364315061486
			5.48937175494052	-3.43511928143017
			5.48937175494052	-3.42659541224548
			5.49789562412521	-3.41807154306079
			5.49789562412521	-3.4095476738761
			5.5064194933099	-3.40102380469141
			5.5064194933099	-3.39249993550672
			5.51494336249459	-3.38397606632203
			5.51494336249459	-3.37545219713734
			5.51494336249459	-3.36692832795265
			5.52346723167928	-3.35840445876796
			5.52346723167928	-3.34988058958327
			5.53199110086397	-3.34135672039858
			5.53199110086397	-3.33283285121389
			5.53199110086397	-3.3243089820292
			5.54051497004866	-3.3243089820292
			5.54051497004866	-3.31578511284451
			5.54051497004866	-3.30726124365982
			5.54051497004866	-3.29873737447513
			5.54903883923335	-3.29873737447513
			5.54903883923335	-3.29021350529044
			5.54903883923335	-3.28168963610575
			5.55756270841804	-3.27316576692106
			5.55756270841804	-3.26464189773637
			5.55756270841804	-3.25611802855168
			5.56608657760273	-3.24759415936699
			5.56608657760273	-3.2390702901823
			5.56608657760273	-3.23054642099761
			5.57461044678742	-3.22202255181291
			5.57461044678742	-3.21349868262822
			5.57461044678742	-3.20497481344353
			5.58313431597211	-3.19645094425884
			5.58313431597211	-3.18792707507415
			5.58313431597211	-3.17940320588946
			5.5916581851568	-3.17087933670477
			5.5916581851568	-3.16235546752008
			5.5916581851568	-3.15383159833539
			5.6001820543415	-3.1453077291507
			5.6001820543415	-3.13678385996601
			5.6001820543415	-3.12825999078132
			5.6001820543415	-3.11973612159663
			5.60870592352618	-3.11121225241194
			5.60870592352618	-3.10268838322725
			5.60870592352618	-3.09416451404256
			5.61722979271088	-3.08564064485787
			5.61722979271088	-3.07711677567318
			5.61722979271088	-3.06859290648849
			5.61722979271088	-3.0600690373038
			5.61722979271088	-3.05154516811911
			5.62575366189557	-3.04302129893442
			5.62575366189557	-3.03449742974973
			5.62575366189557	-3.02597356056504
			5.62575366189557	-3.01744969138035
			5.62575366189557	-3.00892582219566
			5.63427753108026	-3.00040195301097
			5.63427753108026	-2.99187808382628
			5.63427753108026	-2.98335421464159
			5.63427753108026	-2.9748303454569
			5.63427753108026	-2.96630647627221
			5.64280140026495	-2.95778260708752
			5.64280140026495	-2.94925873790283
			5.64280140026495	-2.94073486871814
			5.64280140026495	-2.93221099953345
			5.64280140026495	-2.92368713034876
			5.64280140026495	-2.91516326116407
			5.64280140026495	-2.90663939197938
			5.65132526944964	-2.89811552279469
			5.65132526944964	-2.88959165360999
			5.65132526944964	-2.8810677844253
			5.65132526944964	-2.87254391524061
			5.65132526944964	-2.86402004605592
			5.65132526944964	-2.85549617687123
			5.65132526944964	-2.84697230768654
			5.65132526944964	-2.83844843850185
			5.65132526944964	-2.82992456931716
			5.65132526944964	-2.82140070013247
			5.65132526944964	-2.81287683094778
			5.65132526944964	-2.80435296176309
			5.65132526944964	-2.7958290925784
			5.65132526944964	-2.78730522339371
			5.65132526944964	-2.77878135420902
			5.65132526944964	-2.77025748502433
			5.65132526944964	-2.76173361583964
			5.65984913863433	-2.75320974665495
			5.66837300781902	-2.75320974665495
			5.66837300781902	-2.74468587747026
			5.67689687700371	-2.73616200828557
			5.6854207461884	-2.73616200828557
			5.69394461537309	-2.72763813910088
			5.70246848455778	-2.71911426991619
			5.71099235374247	-2.7105904007315
			5.71951622292716	-2.7105904007315
			5.72804009211185	-2.70206653154681
			5.73656396129654	-2.69354266236212
			5.74508783048123	-2.68501879317743
		</curveLM12>
	</curves.scaled>
	<ruler.points type=matrix rownames=TRUE colnames=FALSE nrow=5 ncol=2 as.numeric=TRUE >
		Ruler point 1	210	813
		Ruler point 2	327	813
		Ruler point 3	445	813
		Ruler point 4	562	814
		Ruler point 5	679	814
	</ruler.points>
</shapes>

