<shapes type=list>
	<ruler.pixel type=vector names=FALSE length=1 as.numeric=TRUE >118</ruler.pixel>
	<ruler.interval type=vector names=FALSE length=1 as.numeric=TRUE >1</ruler.interval>
	<scaling.units type=vector names=FALSE length=1 as.numeric=FALSE >cm</scaling.units>
	<scaling type=vector names=FALSE length=1 as.numeric=TRUE >0.00847457627118644</scaling>
	<landmarks.pixel type=matrix rownames=TRUE colnames=FALSE nrow=6 ncol=2 as.numeric=TRUE >
		LM01	675	298
		LM02	746	537
		LM03	702	529
		LM04	675	602
		LM05	648	532
		LM06	605	527
	</landmarks.pixel>
	<landmarks.scaled type=matrix rownames=TRUE colnames=FALSE nrow=6 ncol=2 as.numeric=TRUE >
		LM01	5.72033898305085	-2.52542372881356
		LM02	6.32203389830508	-4.55084745762712
		LM03	5.94915254237288	-4.48305084745763
		LM04	5.72033898305085	-5.10169491525424
		LM05	5.49152542372881	-4.50847457627118
		LM06	5.12711864406779	-4.46610169491525
	</landmarks.scaled>
	<curves.control type=list>
		<curveLM07 type=matrix rownames=FALSE colnames=FALSE nrow=7 ncol=2 as.numeric=TRUE >
			675	298
			683	297
			705	375
			728	450
			745	510
			750	528
			746	537
		</curveLM07>
		<curveLM08 type=matrix rownames=FALSE colnames=FALSE nrow=5 ncol=2 as.numeric=TRUE >
			746	537
			741	545
			721	533
			712	527
			702	529
		</curveLM08>
		<curveLM09 type=matrix rownames=FALSE colnames=FALSE nrow=5 ncol=2 as.numeric=TRUE >
			702	529
			695	538
			695	559
			692	590
			675	602
		</curveLM09>
		<curveLM10 type=matrix rownames=FALSE colnames=FALSE nrow=3 ncol=2 as.numeric=TRUE >
			675	602
			663	600
			648	532
		</curveLM10>
		<curveLM11 type=matrix rownames=FALSE colnames=FALSE nrow=5 ncol=2 as.numeric=TRUE >
			648	532
			636	523
			622	533
			611	533
			605	527
		</curveLM11>
		<curveLM12 type=matrix rownames=FALSE colnames=FALSE nrow=5 ncol=2 as.numeric=TRUE >
			605	527
			605	498
			628	435
			664	305
			675	298
		</curveLM12>
	</curves.control>
	<curves.pixel type=list>
		<curveLM07 type=matrix rownames=FALSE colnames=FALSE nrow=248 ncol=2 as.numeric=TRUE >
			675	298
			676	298
			677	299
			678	299
			679	300
			679	301
			680	302
			680	303
			681	304
			681	305
			682	306
			682	307
			683	308
			683	309
			684	310
			684	311
			684	312
			685	313
			685	314
			686	315
			686	316
			687	317
			687	318
			687	319
			688	319
			688	320
			688	321
			688	322
			689	323
			689	324
			689	325
			690	326
			690	327
			690	328
			691	329
			691	330
			692	331
			692	332
			692	333
			693	334
			693	335
			693	336
			694	337
			694	338
			694	339
			695	340
			695	341
			695	342
			696	343
			696	344
			696	345
			696	346
			697	347
			697	348
			698	349
			698	350
			698	351
			698	352
			699	353
			699	354
			699	355
			700	356
			700	357
			700	358
			700	359
			701	360
			701	361
			701	362
			702	363
			702	364
			702	365
			703	366
			703	367
			703	368
			703	369
			704	370
			704	371
			704	372
			705	373
			705	374
			705	375
			705	376
			706	377
			706	378
			706	379
			707	380
			707	381
			707	382
			708	383
			708	384
			708	385
			708	386
			709	387
			709	388
			709	389
			710	390
			710	391
			710	392
			711	393
			711	394
			711	395
			711	396
			712	397
			712	398
			712	399
			713	400
			713	401
			713	402
			713	403
			714	404
			714	405
			714	406
			715	407
			715	408
			715	409
			716	410
			716	411
			716	412
			716	413
			717	414
			717	415
			718	416
			718	417
			718	418
			718	419
			719	420
			719	421
			719	422
			720	423
			720	424
			720	425
			720	426
			721	427
			721	428
			721	429
			722	430
			722	431
			722	432
			722	433
			723	433
			723	434
			723	435
			724	436
			724	437
			724	438
			724	439
			725	440
			725	441
			725	442
			726	443
			726	444
			726	445
			726	446
			727	447
			727	448
			727	449
			728	450
			728	451
			728	452
			729	453
			729	454
			729	455
			729	456
			730	457
			730	458
			730	459
			731	460
			731	461
			731	462
			731	463
			732	464
			732	465
			732	466
			733	467
			733	468
			733	469
			734	470
			734	471
			734	472
			734	473
			735	474
			735	475
			735	476
			736	477
			736	478
			736	479
			736	480
			737	481
			737	482
			737	483
			738	484
			738	485
			738	486
			738	487
			739	488
			739	489
			739	490
			740	491
			740	492
			740	493
			741	494
			741	495
			741	496
			741	497
			741	498
			742	498
			742	499
			742	500
			742	501
			743	501
			743	502
			743	503
			743	504
			743	505
			744	505
			744	506
			744	507
			744	508
			745	508
			745	509
			745	510
			745	511
			745	512
			746	513
			746	514
			746	515
			747	516
			747	517
			747	518
			747	519
			747	520
			747	521
			747	522
			748	523
			748	524
			748	525
			748	526
			748	527
			748	528
			748	529
			748	530
			748	531
			747	532
			747	533
			747	534
			747	535
			746	536
			746	537
		</curveLM07>
		<curveLM08 type=matrix rownames=FALSE colnames=FALSE nrow=50 ncol=2 as.numeric=TRUE >
			746	537
			746	538
			745	538
			745	539
			744	539
			743	539
			743	540
			742	540
			741	540
			740	540
			739	540
			738	540
			737	540
			736	540
			735	539
			734	539
			733	539
			732	539
			731	538
			730	538
			729	537
			728	537
			727	536
			726	536
			725	535
			724	535
			723	534
			722	534
			722	533
			721	533
			720	533
			720	532
			719	532
			718	531
			717	531
			716	530
			715	530
			714	530
			713	529
			712	529
			711	529
			710	529
			709	529
			708	529
			707	529
			706	529
			705	529
			704	529
			703	529
			702	529
		</curveLM08>
		<curveLM09 type=matrix rownames=FALSE colnames=FALSE nrow=79 ncol=2 as.numeric=TRUE >
			702	529
			701	530
			701	531
			700	532
			699	533
			699	534
			698	535
			698	536
			698	537
			698	538
			697	539
			697	540
			697	541
			697	542
			696	543
			696	544
			696	545
			696	546
			696	547
			696	548
			696	549
			695	549
			695	550
			695	551
			695	552
			695	553
			695	554
			695	555
			695	556
			695	557
			695	558
			695	559
			695	560
			695	561
			695	562
			695	563
			694	563
			694	564
			694	565
			694	566
			694	567
			694	568
			694	569
			693	570
			693	571
			693	572
			693	573
			692	574
			692	575
			692	576
			692	577
			691	577
			691	578
			691	579
			691	580
			690	581
			690	582
			689	583
			689	584
			689	585
			688	586
			688	587
			687	588
			686	589
			686	590
			685	591
			685	592
			684	593
			683	594
			682	595
			682	596
			681	597
			680	598
			679	599
			678	599
			677	600
			676	601
			676	602
			675	602
		</curveLM09>
		<curveLM10 type=matrix rownames=FALSE colnames=FALSE nrow=75 ncol=2 as.numeric=TRUE >
			675	602
			674	602
			673	601
			672	600
			671	599
			670	598
			669	597
			668	596
			667	595
			667	594
			666	593
			666	592
			665	591
			665	590
			664	589
			664	588
			664	587
			663	587
			663	586
			663	585
			663	584
			662	584
			662	583
			662	582
			661	581
			661	580
			661	579
			660	578
			660	577
			659	576
			659	575
			659	574
			659	573
			658	572
			658	571
			658	570
			657	569
			657	568
			657	567
			656	566
			656	565
			656	564
			656	563
			655	562
			655	561
			655	560
			655	559
			654	558
			654	557
			654	556
			653	555
			653	554
			653	553
			653	552
			653	551
			652	551
			652	550
			652	549
			652	548
			651	547
			651	546
			651	545
			651	544
			651	543
			650	542
			650	541
			650	540
			649	539
			649	538
			649	537
			649	536
			649	535
			648	534
			648	533
			648	532
		</curveLM10>
		<curveLM11 type=matrix rownames=FALSE colnames=FALSE nrow=44 ncol=2 as.numeric=TRUE >
			648	532
			647	531
			646	531
			645	530
			644	529
			643	529
			642	529
			641	528
			640	528
			639	528
			638	528
			637	528
			636	528
			635	528
			634	528
			633	528
			632	528
			631	529
			630	529
			629	529
			628	530
			627	530
			626	531
			625	531
			624	532
			623	533
			622	533
			621	533
			620	533
			619	533
			618	533
			617	533
			616	532
			615	532
			614	532
			613	532
			612	531
			611	531
			610	531
			609	530
			608	529
			607	529
			606	528
			605	527
		</curveLM11>
		<curveLM12 type=matrix rownames=FALSE colnames=FALSE nrow=234 ncol=2 as.numeric=TRUE >
			605	527
			605	526
			605	525
			605	524
			605	523
			605	522
			605	521
			605	520
			605	519
			606	518
			606	517
			606	516
			606	515
			606	514
			606	513
			606	512
			606	511
			606	510
			607	509
			607	508
			607	507
			607	506
			607	505
			607	504
			608	503
			608	502
			608	501
			608	500
			608	499
			609	498
			609	497
			609	496
			609	495
			610	494
			610	493
			610	492
			610	491
			611	490
			611	489
			611	488
			611	487
			612	486
			612	485
			612	484
			612	483
			613	483
			613	482
			613	481
			613	480
			614	479
			614	478
			614	477
			614	476
			615	475
			615	474
			615	473
			615	472
			616	471
			616	470
			617	469
			617	468
			617	467
			617	466
			618	465
			618	464
			618	463
			619	462
			619	461
			619	460
			620	459
			620	458
			620	457
			621	456
			621	455
			621	454
			622	453
			622	452
			622	451
			623	450
			623	449
			623	448
			624	447
			624	446
			624	445
			625	444
			625	443
			626	442
			626	441
			626	440
			627	439
			627	438
			627	437
			628	436
			628	435
			628	434
			629	433
			629	432
			629	431
			629	430
			630	430
			630	429
			630	428
			630	427
			630	426
			631	425
			631	424
			631	423
			632	422
			632	421
			632	420
			633	419
			633	418
			633	417
			633	416
			634	415
			634	414
			634	413
			634	412
			635	411
			635	410
			635	409
			635	408
			636	407
			636	406
			637	405
			637	404
			637	403
			637	402
			638	401
			638	400
			638	399
			638	398
			639	397
			639	396
			639	395
			640	394
			640	393
			640	392
			640	391
			641	390
			641	389
			641	388
			642	387
			642	386
			642	385
			643	384
			643	383
			643	382
			643	381
			644	380
			644	379
			644	378
			645	377
			645	376
			645	375
			646	374
			646	373
			646	372
			647	371
			647	370
			647	369
			647	368
			648	367
			648	366
			648	365
			649	364
			649	363
			649	362
			649	361
			650	360
			650	359
			651	358
			651	357
			651	356
			652	355
			652	354
			652	353
			652	352
			653	351
			653	350
			653	349
			654	348
			654	347
			654	346
			655	345
			655	344
			655	343
			656	342
			656	341
			656	340
			657	339
			657	338
			657	337
			658	336
			658	335
			658	334
			659	334
			659	333
			659	332
			659	331
			660	330
			660	329
			661	328
			661	327
			661	326
			662	325
			662	324
			662	323
			663	322
			663	321
			664	320
			664	319
			664	318
			665	317
			665	316
			665	315
			666	314
			666	313
			667	312
			667	311
			668	310
			668	309
			668	308
			669	308
			669	307
			669	306
			670	305
			670	304
			671	303
			672	302
			672	301
			673	300
			674	299
			675	298
		</curveLM12>
	</curves.pixel>
	<curves.scaled type=list>
		<curveLM07 type=matrix rownames=FALSE colnames=FALSE nrow=248 ncol=2 as.numeric=TRUE >
			5.72033898305085	-2.52542372881356
			5.72881355932203	-2.52542372881356
			5.73728813559322	-2.53389830508474
			5.7457627118644	-2.53389830508474
			5.75423728813559	-2.54237288135593
			5.75423728813559	-2.55084745762712
			5.76271186440678	-2.5593220338983
			5.76271186440678	-2.56779661016949
			5.77118644067796	-2.57627118644068
			5.77118644067796	-2.58474576271186
			5.77966101694915	-2.59322033898305
			5.77966101694915	-2.60169491525424
			5.78813559322034	-2.61016949152542
			5.78813559322034	-2.61864406779661
			5.79661016949152	-2.6271186440678
			5.79661016949152	-2.63559322033898
			5.79661016949152	-2.64406779661017
			5.80508474576271	-2.65254237288135
			5.80508474576271	-2.66101694915254
			5.8135593220339	-2.66949152542373
			5.8135593220339	-2.67796610169491
			5.82203389830508	-2.6864406779661
			5.82203389830508	-2.69491525423729
			5.82203389830508	-2.70338983050847
			5.83050847457627	-2.70338983050847
			5.83050847457627	-2.71186440677966
			5.83050847457627	-2.72033898305085
			5.83050847457627	-2.72881355932203
			5.83898305084745	-2.73728813559322
			5.83898305084745	-2.74576271186441
			5.83898305084745	-2.75423728813559
			5.84745762711864	-2.76271186440678
			5.84745762711864	-2.77118644067796
			5.84745762711864	-2.77966101694915
			5.85593220338983	-2.78813559322034
			5.85593220338983	-2.79661016949152
			5.86440677966101	-2.80508474576271
			5.86440677966101	-2.8135593220339
			5.86440677966101	-2.82203389830508
			5.8728813559322	-2.83050847457627
			5.8728813559322	-2.83898305084746
			5.8728813559322	-2.84745762711864
			5.88135593220339	-2.85593220338983
			5.88135593220339	-2.86440677966102
			5.88135593220339	-2.8728813559322
			5.88983050847457	-2.88135593220339
			5.88983050847457	-2.88983050847458
			5.88983050847457	-2.89830508474576
			5.89830508474576	-2.90677966101695
			5.89830508474576	-2.91525423728813
			5.89830508474576	-2.92372881355932
			5.89830508474576	-2.93220338983051
			5.90677966101695	-2.94067796610169
			5.90677966101695	-2.94915254237288
			5.91525423728813	-2.95762711864407
			5.91525423728813	-2.96610169491525
			5.91525423728813	-2.97457627118644
			5.91525423728813	-2.98305084745763
			5.92372881355932	-2.99152542372881
			5.92372881355932	-3
			5.92372881355932	-3.00847457627119
			5.93220338983051	-3.01694915254237
			5.93220338983051	-3.02542372881356
			5.93220338983051	-3.03389830508474
			5.93220338983051	-3.04237288135593
			5.94067796610169	-3.05084745762712
			5.94067796610169	-3.0593220338983
			5.94067796610169	-3.06779661016949
			5.94915254237288	-3.07627118644068
			5.94915254237288	-3.08474576271186
			5.94915254237288	-3.09322033898305
			5.95762711864407	-3.10169491525424
			5.95762711864407	-3.11016949152542
			5.95762711864407	-3.11864406779661
			5.95762711864407	-3.1271186440678
			5.96610169491525	-3.13559322033898
			5.96610169491525	-3.14406779661017
			5.96610169491525	-3.15254237288135
			5.97457627118644	-3.16101694915254
			5.97457627118644	-3.16949152542373
			5.97457627118644	-3.17796610169491
			5.97457627118644	-3.1864406779661
			5.98305084745762	-3.19491525423729
			5.98305084745762	-3.20338983050847
			5.98305084745762	-3.21186440677966
			5.99152542372881	-3.22033898305085
			5.99152542372881	-3.22881355932203
			5.99152542372881	-3.23728813559322
			6	-3.24576271186441
			6	-3.25423728813559
			6	-3.26271186440678
			6	-3.27118644067796
			6.00847457627118	-3.27966101694915
			6.00847457627118	-3.28813559322034
			6.00847457627118	-3.29661016949152
			6.01694915254237	-3.30508474576271
			6.01694915254237	-3.3135593220339
			6.01694915254237	-3.32203389830508
			6.02542372881356	-3.33050847457627
			6.02542372881356	-3.33898305084746
			6.02542372881356	-3.34745762711864
			6.02542372881356	-3.35593220338983
			6.03389830508474	-3.36440677966102
			6.03389830508474	-3.3728813559322
			6.03389830508474	-3.38135593220339
			6.04237288135593	-3.38983050847457
			6.04237288135593	-3.39830508474576
			6.04237288135593	-3.40677966101695
			6.04237288135593	-3.41525423728813
			6.05084745762712	-3.42372881355932
			6.05084745762712	-3.43220338983051
			6.05084745762712	-3.44067796610169
			6.0593220338983	-3.44915254237288
			6.0593220338983	-3.45762711864407
			6.0593220338983	-3.46610169491525
			6.06779661016949	-3.47457627118644
			6.06779661016949	-3.48305084745763
			6.06779661016949	-3.49152542372881
			6.06779661016949	-3.5
			6.07627118644068	-3.50847457627119
			6.07627118644068	-3.51694915254237
			6.08474576271186	-3.52542372881356
			6.08474576271186	-3.53389830508474
			6.08474576271186	-3.54237288135593
			6.08474576271186	-3.55084745762712
			6.09322033898305	-3.5593220338983
			6.09322033898305	-3.56779661016949
			6.09322033898305	-3.57627118644068
			6.10169491525423	-3.58474576271186
			6.10169491525423	-3.59322033898305
			6.10169491525423	-3.60169491525424
			6.10169491525423	-3.61016949152542
			6.11016949152542	-3.61864406779661
			6.11016949152542	-3.62711864406779
			6.11016949152542	-3.63559322033898
			6.11864406779661	-3.64406779661017
			6.11864406779661	-3.65254237288135
			6.11864406779661	-3.66101694915254
			6.11864406779661	-3.66949152542373
			6.12711864406779	-3.66949152542373
			6.12711864406779	-3.67796610169491
			6.12711864406779	-3.6864406779661
			6.13559322033898	-3.69491525423729
			6.13559322033898	-3.70338983050847
			6.13559322033898	-3.71186440677966
			6.13559322033898	-3.72033898305085
			6.14406779661017	-3.72881355932203
			6.14406779661017	-3.73728813559322
			6.14406779661017	-3.74576271186441
			6.15254237288135	-3.75423728813559
			6.15254237288135	-3.76271186440678
			6.15254237288135	-3.77118644067796
			6.15254237288135	-3.77966101694915
			6.16101694915254	-3.78813559322034
			6.16101694915254	-3.79661016949152
			6.16101694915254	-3.80508474576271
			6.16949152542373	-3.8135593220339
			6.16949152542373	-3.82203389830508
			6.16949152542373	-3.83050847457627
			6.17796610169491	-3.83898305084746
			6.17796610169491	-3.84745762711864
			6.17796610169491	-3.85593220338983
			6.17796610169491	-3.86440677966102
			6.1864406779661	-3.8728813559322
			6.1864406779661	-3.88135593220339
			6.1864406779661	-3.88983050847457
			6.19491525423729	-3.89830508474576
			6.19491525423729	-3.90677966101695
			6.19491525423729	-3.91525423728813
			6.19491525423729	-3.92372881355932
			6.20338983050847	-3.93220338983051
			6.20338983050847	-3.94067796610169
			6.20338983050847	-3.94915254237288
			6.21186440677966	-3.95762711864407
			6.21186440677966	-3.96610169491525
			6.21186440677966	-3.97457627118644
			6.22033898305085	-3.98305084745763
			6.22033898305085	-3.99152542372881
			6.22033898305085	-4
			6.22033898305085	-4.00847457627119
			6.22881355932203	-4.01694915254237
			6.22881355932203	-4.02542372881356
			6.22881355932203	-4.03389830508474
			6.23728813559322	-4.04237288135593
			6.23728813559322	-4.05084745762712
			6.23728813559322	-4.0593220338983
			6.23728813559322	-4.06779661016949
			6.2457627118644	-4.07627118644068
			6.2457627118644	-4.08474576271186
			6.2457627118644	-4.09322033898305
			6.25423728813559	-4.10169491525424
			6.25423728813559	-4.11016949152542
			6.25423728813559	-4.11864406779661
			6.25423728813559	-4.12711864406779
			6.26271186440678	-4.13559322033898
			6.26271186440678	-4.14406779661017
			6.26271186440678	-4.15254237288135
			6.27118644067796	-4.16101694915254
			6.27118644067796	-4.16949152542373
			6.27118644067796	-4.17796610169491
			6.27966101694915	-4.1864406779661
			6.27966101694915	-4.19491525423729
			6.27966101694915	-4.20338983050847
			6.27966101694915	-4.21186440677966
			6.27966101694915	-4.22033898305085
			6.28813559322034	-4.22033898305085
			6.28813559322034	-4.22881355932203
			6.28813559322034	-4.23728813559322
			6.28813559322034	-4.2457627118644
			6.29661016949152	-4.2457627118644
			6.29661016949152	-4.25423728813559
			6.29661016949152	-4.26271186440678
			6.29661016949152	-4.27118644067796
			6.29661016949152	-4.27966101694915
			6.30508474576271	-4.27966101694915
			6.30508474576271	-4.28813559322034
			6.30508474576271	-4.29661016949152
			6.30508474576271	-4.30508474576271
			6.3135593220339	-4.30508474576271
			6.3135593220339	-4.3135593220339
			6.3135593220339	-4.32203389830508
			6.3135593220339	-4.33050847457627
			6.3135593220339	-4.33898305084746
			6.32203389830508	-4.34745762711864
			6.32203389830508	-4.35593220338983
			6.32203389830508	-4.36440677966102
			6.33050847457627	-4.3728813559322
			6.33050847457627	-4.38135593220339
			6.33050847457627	-4.38983050847457
			6.33050847457627	-4.39830508474576
			6.33050847457627	-4.40677966101695
			6.33050847457627	-4.41525423728813
			6.33050847457627	-4.42372881355932
			6.33898305084745	-4.43220338983051
			6.33898305084745	-4.44067796610169
			6.33898305084745	-4.44915254237288
			6.33898305084745	-4.45762711864407
			6.33898305084745	-4.46610169491525
			6.33898305084745	-4.47457627118644
			6.33898305084745	-4.48305084745763
			6.33898305084745	-4.49152542372881
			6.33898305084745	-4.5
			6.33050847457627	-4.50847457627118
			6.33050847457627	-4.51694915254237
			6.33050847457627	-4.52542372881356
			6.33050847457627	-4.53389830508474
			6.32203389830508	-4.54237288135593
			6.32203389830508	-4.55084745762712
		</curveLM07>
		<curveLM08 type=matrix rownames=FALSE colnames=FALSE nrow=50 ncol=2 as.numeric=TRUE >
			6.32203389830508	-4.55084745762712
			6.32203389830508	-4.5593220338983
			6.3135593220339	-4.5593220338983
			6.3135593220339	-4.56779661016949
			6.30508474576271	-4.56779661016949
			6.29661016949152	-4.56779661016949
			6.29661016949152	-4.57627118644068
			6.28813559322034	-4.57627118644068
			6.27966101694915	-4.57627118644068
			6.27118644067796	-4.57627118644068
			6.26271186440678	-4.57627118644068
			6.25423728813559	-4.57627118644068
			6.2457627118644	-4.57627118644068
			6.23728813559322	-4.57627118644068
			6.22881355932203	-4.56779661016949
			6.22033898305085	-4.56779661016949
			6.21186440677966	-4.56779661016949
			6.20338983050847	-4.56779661016949
			6.19491525423729	-4.5593220338983
			6.1864406779661	-4.5593220338983
			6.17796610169491	-4.55084745762712
			6.16949152542373	-4.55084745762712
			6.16101694915254	-4.54237288135593
			6.15254237288135	-4.54237288135593
			6.14406779661017	-4.53389830508474
			6.13559322033898	-4.53389830508474
			6.12711864406779	-4.52542372881356
			6.11864406779661	-4.52542372881356
			6.11864406779661	-4.51694915254237
			6.11016949152542	-4.51694915254237
			6.10169491525423	-4.51694915254237
			6.10169491525423	-4.50847457627118
			6.09322033898305	-4.50847457627118
			6.08474576271186	-4.5
			6.07627118644068	-4.5
			6.06779661016949	-4.49152542372881
			6.0593220338983	-4.49152542372881
			6.05084745762712	-4.49152542372881
			6.04237288135593	-4.48305084745763
			6.03389830508474	-4.48305084745763
			6.02542372881356	-4.48305084745763
			6.01694915254237	-4.48305084745763
			6.00847457627118	-4.48305084745763
			6	-4.48305084745763
			5.99152542372881	-4.48305084745763
			5.98305084745762	-4.48305084745763
			5.97457627118644	-4.48305084745763
			5.96610169491525	-4.48305084745763
			5.95762711864407	-4.48305084745763
			5.94915254237288	-4.48305084745763
		</curveLM08>
		<curveLM09 type=matrix rownames=FALSE colnames=FALSE nrow=79 ncol=2 as.numeric=TRUE >
			5.94915254237288	-4.48305084745763
			5.94067796610169	-4.49152542372881
			5.94067796610169	-4.5
			5.93220338983051	-4.50847457627118
			5.92372881355932	-4.51694915254237
			5.92372881355932	-4.52542372881356
			5.91525423728813	-4.53389830508474
			5.91525423728813	-4.54237288135593
			5.91525423728813	-4.55084745762712
			5.91525423728813	-4.5593220338983
			5.90677966101695	-4.56779661016949
			5.90677966101695	-4.57627118644068
			5.90677966101695	-4.58474576271186
			5.90677966101695	-4.59322033898305
			5.89830508474576	-4.60169491525424
			5.89830508474576	-4.61016949152542
			5.89830508474576	-4.61864406779661
			5.89830508474576	-4.62711864406779
			5.89830508474576	-4.63559322033898
			5.89830508474576	-4.64406779661017
			5.89830508474576	-4.65254237288135
			5.88983050847457	-4.65254237288135
			5.88983050847457	-4.66101694915254
			5.88983050847457	-4.66949152542373
			5.88983050847457	-4.67796610169491
			5.88983050847457	-4.6864406779661
			5.88983050847457	-4.69491525423729
			5.88983050847457	-4.70338983050847
			5.88983050847457	-4.71186440677966
			5.88983050847457	-4.72033898305085
			5.88983050847457	-4.72881355932203
			5.88983050847457	-4.73728813559322
			5.88983050847457	-4.7457627118644
			5.88983050847457	-4.75423728813559
			5.88983050847457	-4.76271186440678
			5.88983050847457	-4.77118644067796
			5.88135593220339	-4.77118644067796
			5.88135593220339	-4.77966101694915
			5.88135593220339	-4.78813559322034
			5.88135593220339	-4.79661016949152
			5.88135593220339	-4.80508474576271
			5.88135593220339	-4.8135593220339
			5.88135593220339	-4.82203389830508
			5.8728813559322	-4.83050847457627
			5.8728813559322	-4.83898305084746
			5.8728813559322	-4.84745762711864
			5.8728813559322	-4.85593220338983
			5.86440677966101	-4.86440677966101
			5.86440677966101	-4.8728813559322
			5.86440677966101	-4.88135593220339
			5.86440677966101	-4.88983050847457
			5.85593220338983	-4.88983050847457
			5.85593220338983	-4.89830508474576
			5.85593220338983	-4.90677966101695
			5.85593220338983	-4.91525423728813
			5.84745762711864	-4.92372881355932
			5.84745762711864	-4.93220338983051
			5.83898305084745	-4.94067796610169
			5.83898305084745	-4.94915254237288
			5.83898305084745	-4.95762711864407
			5.83050847457627	-4.96610169491525
			5.83050847457627	-4.97457627118644
			5.82203389830508	-4.98305084745763
			5.8135593220339	-4.99152542372881
			5.8135593220339	-5
			5.80508474576271	-5.00847457627118
			5.80508474576271	-5.01694915254237
			5.79661016949152	-5.02542372881356
			5.78813559322034	-5.03389830508474
			5.77966101694915	-5.04237288135593
			5.77966101694915	-5.05084745762712
			5.77118644067796	-5.0593220338983
			5.76271186440678	-5.06779661016949
			5.75423728813559	-5.07627118644068
			5.7457627118644	-5.07627118644068
			5.73728813559322	-5.08474576271186
			5.72881355932203	-5.09322033898305
			5.72881355932203	-5.10169491525424
			5.72033898305085	-5.10169491525424
		</curveLM09>
		<curveLM10 type=matrix rownames=FALSE colnames=FALSE nrow=75 ncol=2 as.numeric=TRUE >
			5.72033898305085	-5.10169491525424
			5.71186440677966	-5.10169491525424
			5.70338983050847	-5.09322033898305
			5.69491525423729	-5.08474576271186
			5.6864406779661	-5.07627118644068
			5.67796610169491	-5.06779661016949
			5.66949152542373	-5.0593220338983
			5.66101694915254	-5.05084745762712
			5.65254237288135	-5.04237288135593
			5.65254237288135	-5.03389830508474
			5.64406779661017	-5.02542372881356
			5.64406779661017	-5.01694915254237
			5.63559322033898	-5.00847457627118
			5.63559322033898	-5
			5.62711864406779	-4.99152542372881
			5.62711864406779	-4.98305084745763
			5.62711864406779	-4.97457627118644
			5.61864406779661	-4.97457627118644
			5.61864406779661	-4.96610169491525
			5.61864406779661	-4.95762711864407
			5.61864406779661	-4.94915254237288
			5.61016949152542	-4.94915254237288
			5.61016949152542	-4.94067796610169
			5.61016949152542	-4.93220338983051
			5.60169491525424	-4.92372881355932
			5.60169491525424	-4.91525423728813
			5.60169491525424	-4.90677966101695
			5.59322033898305	-4.89830508474576
			5.59322033898305	-4.88983050847457
			5.58474576271186	-4.88135593220339
			5.58474576271186	-4.8728813559322
			5.58474576271186	-4.86440677966101
			5.58474576271186	-4.85593220338983
			5.57627118644068	-4.84745762711864
			5.57627118644068	-4.83898305084746
			5.57627118644068	-4.83050847457627
			5.56779661016949	-4.82203389830508
			5.56779661016949	-4.8135593220339
			5.56779661016949	-4.80508474576271
			5.5593220338983	-4.79661016949152
			5.5593220338983	-4.78813559322034
			5.5593220338983	-4.77966101694915
			5.5593220338983	-4.77118644067796
			5.55084745762712	-4.76271186440678
			5.55084745762712	-4.75423728813559
			5.55084745762712	-4.7457627118644
			5.55084745762712	-4.73728813559322
			5.54237288135593	-4.72881355932203
			5.54237288135593	-4.72033898305085
			5.54237288135593	-4.71186440677966
			5.53389830508474	-4.70338983050847
			5.53389830508474	-4.69491525423729
			5.53389830508474	-4.6864406779661
			5.53389830508474	-4.67796610169491
			5.53389830508474	-4.66949152542373
			5.52542372881356	-4.66949152542373
			5.52542372881356	-4.66101694915254
			5.52542372881356	-4.65254237288135
			5.52542372881356	-4.64406779661017
			5.51694915254237	-4.63559322033898
			5.51694915254237	-4.62711864406779
			5.51694915254237	-4.61864406779661
			5.51694915254237	-4.61016949152542
			5.51694915254237	-4.60169491525424
			5.50847457627118	-4.59322033898305
			5.50847457627118	-4.58474576271186
			5.50847457627118	-4.57627118644068
			5.5	-4.56779661016949
			5.5	-4.5593220338983
			5.5	-4.55084745762712
			5.5	-4.54237288135593
			5.5	-4.53389830508474
			5.49152542372881	-4.52542372881356
			5.49152542372881	-4.51694915254237
			5.49152542372881	-4.50847457627118
		</curveLM10>
		<curveLM11 type=matrix rownames=FALSE colnames=FALSE nrow=44 ncol=2 as.numeric=TRUE >
			5.49152542372881	-4.50847457627118
			5.48305084745762	-4.5
			5.47457627118644	-4.5
			5.46610169491525	-4.49152542372881
			5.45762711864407	-4.48305084745763
			5.44915254237288	-4.48305084745763
			5.44067796610169	-4.48305084745763
			5.43220338983051	-4.47457627118644
			5.42372881355932	-4.47457627118644
			5.41525423728813	-4.47457627118644
			5.40677966101695	-4.47457627118644
			5.39830508474576	-4.47457627118644
			5.38983050847457	-4.47457627118644
			5.38135593220339	-4.47457627118644
			5.3728813559322	-4.47457627118644
			5.36440677966101	-4.47457627118644
			5.35593220338983	-4.47457627118644
			5.34745762711864	-4.48305084745763
			5.33898305084746	-4.48305084745763
			5.33050847457627	-4.48305084745763
			5.32203389830508	-4.49152542372881
			5.3135593220339	-4.49152542372881
			5.30508474576271	-4.5
			5.29661016949152	-4.5
			5.28813559322034	-4.50847457627118
			5.27966101694915	-4.51694915254237
			5.27118644067796	-4.51694915254237
			5.26271186440678	-4.51694915254237
			5.25423728813559	-4.51694915254237
			5.2457627118644	-4.51694915254237
			5.23728813559322	-4.51694915254237
			5.22881355932203	-4.51694915254237
			5.22033898305085	-4.50847457627118
			5.21186440677966	-4.50847457627118
			5.20338983050847	-4.50847457627118
			5.19491525423729	-4.50847457627118
			5.1864406779661	-4.5
			5.17796610169491	-4.5
			5.16949152542373	-4.5
			5.16101694915254	-4.49152542372881
			5.15254237288135	-4.48305084745763
			5.14406779661017	-4.48305084745763
			5.13559322033898	-4.47457627118644
			5.12711864406779	-4.46610169491525
		</curveLM11>
		<curveLM12 type=matrix rownames=FALSE colnames=FALSE nrow=234 ncol=2 as.numeric=TRUE >
			5.12711864406779	-4.46610169491525
			5.12711864406779	-4.45762711864407
			5.12711864406779	-4.44915254237288
			5.12711864406779	-4.44067796610169
			5.12711864406779	-4.43220338983051
			5.12711864406779	-4.42372881355932
			5.12711864406779	-4.41525423728813
			5.12711864406779	-4.40677966101695
			5.12711864406779	-4.39830508474576
			5.13559322033898	-4.38983050847457
			5.13559322033898	-4.38135593220339
			5.13559322033898	-4.3728813559322
			5.13559322033898	-4.36440677966102
			5.13559322033898	-4.35593220338983
			5.13559322033898	-4.34745762711864
			5.13559322033898	-4.33898305084746
			5.13559322033898	-4.33050847457627
			5.13559322033898	-4.32203389830508
			5.14406779661017	-4.3135593220339
			5.14406779661017	-4.30508474576271
			5.14406779661017	-4.29661016949152
			5.14406779661017	-4.28813559322034
			5.14406779661017	-4.27966101694915
			5.14406779661017	-4.27118644067796
			5.15254237288135	-4.26271186440678
			5.15254237288135	-4.25423728813559
			5.15254237288135	-4.2457627118644
			5.15254237288135	-4.23728813559322
			5.15254237288135	-4.22881355932203
			5.16101694915254	-4.22033898305085
			5.16101694915254	-4.21186440677966
			5.16101694915254	-4.20338983050847
			5.16101694915254	-4.19491525423729
			5.16949152542373	-4.1864406779661
			5.16949152542373	-4.17796610169491
			5.16949152542373	-4.16949152542373
			5.16949152542373	-4.16101694915254
			5.17796610169491	-4.15254237288135
			5.17796610169491	-4.14406779661017
			5.17796610169491	-4.13559322033898
			5.17796610169491	-4.12711864406779
			5.1864406779661	-4.11864406779661
			5.1864406779661	-4.11016949152542
			5.1864406779661	-4.10169491525424
			5.1864406779661	-4.09322033898305
			5.19491525423729	-4.09322033898305
			5.19491525423729	-4.08474576271186
			5.19491525423729	-4.07627118644068
			5.19491525423729	-4.06779661016949
			5.20338983050847	-4.0593220338983
			5.20338983050847	-4.05084745762712
			5.20338983050847	-4.04237288135593
			5.20338983050847	-4.03389830508474
			5.21186440677966	-4.02542372881356
			5.21186440677966	-4.01694915254237
			5.21186440677966	-4.00847457627119
			5.21186440677966	-4
			5.22033898305085	-3.99152542372881
			5.22033898305085	-3.98305084745763
			5.22881355932203	-3.97457627118644
			5.22881355932203	-3.96610169491525
			5.22881355932203	-3.95762711864407
			5.22881355932203	-3.94915254237288
			5.23728813559322	-3.94067796610169
			5.23728813559322	-3.93220338983051
			5.23728813559322	-3.92372881355932
			5.2457627118644	-3.91525423728813
			5.2457627118644	-3.90677966101695
			5.2457627118644	-3.89830508474576
			5.25423728813559	-3.88983050847457
			5.25423728813559	-3.88135593220339
			5.25423728813559	-3.8728813559322
			5.26271186440678	-3.86440677966102
			5.26271186440678	-3.85593220338983
			5.26271186440678	-3.84745762711864
			5.27118644067796	-3.83898305084746
			5.27118644067796	-3.83050847457627
			5.27118644067796	-3.82203389830508
			5.27966101694915	-3.8135593220339
			5.27966101694915	-3.80508474576271
			5.27966101694915	-3.79661016949152
			5.28813559322034	-3.78813559322034
			5.28813559322034	-3.77966101694915
			5.28813559322034	-3.77118644067796
			5.29661016949152	-3.76271186440678
			5.29661016949152	-3.75423728813559
			5.30508474576271	-3.74576271186441
			5.30508474576271	-3.73728813559322
			5.30508474576271	-3.72881355932203
			5.3135593220339	-3.72033898305085
			5.3135593220339	-3.71186440677966
			5.3135593220339	-3.70338983050847
			5.32203389830508	-3.69491525423729
			5.32203389830508	-3.6864406779661
			5.32203389830508	-3.67796610169491
			5.33050847457627	-3.66949152542373
			5.33050847457627	-3.66101694915254
			5.33050847457627	-3.65254237288135
			5.33050847457627	-3.64406779661017
			5.33898305084746	-3.64406779661017
			5.33898305084746	-3.63559322033898
			5.33898305084746	-3.62711864406779
			5.33898305084746	-3.61864406779661
			5.33898305084746	-3.61016949152542
			5.34745762711864	-3.60169491525424
			5.34745762711864	-3.59322033898305
			5.34745762711864	-3.58474576271186
			5.35593220338983	-3.57627118644068
			5.35593220338983	-3.56779661016949
			5.35593220338983	-3.5593220338983
			5.36440677966101	-3.55084745762712
			5.36440677966101	-3.54237288135593
			5.36440677966101	-3.53389830508474
			5.36440677966101	-3.52542372881356
			5.3728813559322	-3.51694915254237
			5.3728813559322	-3.50847457627119
			5.3728813559322	-3.5
			5.3728813559322	-3.49152542372881
			5.38135593220339	-3.48305084745763
			5.38135593220339	-3.47457627118644
			5.38135593220339	-3.46610169491525
			5.38135593220339	-3.45762711864407
			5.38983050847457	-3.44915254237288
			5.38983050847457	-3.44067796610169
			5.39830508474576	-3.43220338983051
			5.39830508474576	-3.42372881355932
			5.39830508474576	-3.41525423728813
			5.39830508474576	-3.40677966101695
			5.40677966101695	-3.39830508474576
			5.40677966101695	-3.38983050847457
			5.40677966101695	-3.38135593220339
			5.40677966101695	-3.3728813559322
			5.41525423728813	-3.36440677966102
			5.41525423728813	-3.35593220338983
			5.41525423728813	-3.34745762711864
			5.42372881355932	-3.33898305084746
			5.42372881355932	-3.33050847457627
			5.42372881355932	-3.32203389830508
			5.42372881355932	-3.3135593220339
			5.43220338983051	-3.30508474576271
			5.43220338983051	-3.29661016949152
			5.43220338983051	-3.28813559322034
			5.44067796610169	-3.27966101694915
			5.44067796610169	-3.27118644067796
			5.44067796610169	-3.26271186440678
			5.44915254237288	-3.25423728813559
			5.44915254237288	-3.24576271186441
			5.44915254237288	-3.23728813559322
			5.44915254237288	-3.22881355932203
			5.45762711864407	-3.22033898305085
			5.45762711864407	-3.21186440677966
			5.45762711864407	-3.20338983050847
			5.46610169491525	-3.19491525423729
			5.46610169491525	-3.1864406779661
			5.46610169491525	-3.17796610169491
			5.47457627118644	-3.16949152542373
			5.47457627118644	-3.16101694915254
			5.47457627118644	-3.15254237288135
			5.48305084745762	-3.14406779661017
			5.48305084745762	-3.13559322033898
			5.48305084745762	-3.1271186440678
			5.48305084745762	-3.11864406779661
			5.49152542372881	-3.11016949152542
			5.49152542372881	-3.10169491525424
			5.49152542372881	-3.09322033898305
			5.5	-3.08474576271186
			5.5	-3.07627118644068
			5.5	-3.06779661016949
			5.5	-3.0593220338983
			5.50847457627118	-3.05084745762712
			5.50847457627118	-3.04237288135593
			5.51694915254237	-3.03389830508474
			5.51694915254237	-3.02542372881356
			5.51694915254237	-3.01694915254237
			5.52542372881356	-3.00847457627119
			5.52542372881356	-3
			5.52542372881356	-2.99152542372881
			5.52542372881356	-2.98305084745763
			5.53389830508474	-2.97457627118644
			5.53389830508474	-2.96610169491525
			5.53389830508474	-2.95762711864407
			5.54237288135593	-2.94915254237288
			5.54237288135593	-2.94067796610169
			5.54237288135593	-2.93220338983051
			5.55084745762712	-2.92372881355932
			5.55084745762712	-2.91525423728813
			5.55084745762712	-2.90677966101695
			5.5593220338983	-2.89830508474576
			5.5593220338983	-2.88983050847458
			5.5593220338983	-2.88135593220339
			5.56779661016949	-2.8728813559322
			5.56779661016949	-2.86440677966102
			5.56779661016949	-2.85593220338983
			5.57627118644068	-2.84745762711864
			5.57627118644068	-2.83898305084746
			5.57627118644068	-2.83050847457627
			5.58474576271186	-2.83050847457627
			5.58474576271186	-2.82203389830508
			5.58474576271186	-2.8135593220339
			5.58474576271186	-2.80508474576271
			5.59322033898305	-2.79661016949152
			5.59322033898305	-2.78813559322034
			5.60169491525424	-2.77966101694915
			5.60169491525424	-2.77118644067796
			5.60169491525424	-2.76271186440678
			5.61016949152542	-2.75423728813559
			5.61016949152542	-2.74576271186441
			5.61016949152542	-2.73728813559322
			5.61864406779661	-2.72881355932203
			5.61864406779661	-2.72033898305085
			5.62711864406779	-2.71186440677966
			5.62711864406779	-2.70338983050847
			5.62711864406779	-2.69491525423729
			5.63559322033898	-2.6864406779661
			5.63559322033898	-2.67796610169491
			5.63559322033898	-2.66949152542373
			5.64406779661017	-2.66101694915254
			5.64406779661017	-2.65254237288135
			5.65254237288135	-2.64406779661017
			5.65254237288135	-2.63559322033898
			5.66101694915254	-2.6271186440678
			5.66101694915254	-2.61864406779661
			5.66101694915254	-2.61016949152542
			5.66949152542373	-2.61016949152542
			5.66949152542373	-2.60169491525424
			5.66949152542373	-2.59322033898305
			5.67796610169491	-2.58474576271186
			5.67796610169491	-2.57627118644068
			5.6864406779661	-2.56779661016949
			5.69491525423729	-2.5593220338983
			5.69491525423729	-2.55084745762712
			5.70338983050847	-2.54237288135593
			5.71186440677966	-2.53389830508474
			5.72033898305085	-2.52542372881356
		</curveLM12>
	</curves.scaled>
	<ruler.points type=matrix rownames=TRUE colnames=FALSE nrow=5 ncol=2 as.numeric=TRUE >
		Ruler point 1	208	814
		Ruler point 2	326	811
		Ruler point 3	446	814
		Ruler point 4	562	816
		Ruler point 5	680	814
	</ruler.points>
</shapes>

