<shapes type=list>
	<ruler.pixel type=vector names=FALSE length=1 as.numeric=TRUE >117.5009569616</ruler.pixel>
	<ruler.interval type=vector names=FALSE length=1 as.numeric=TRUE >1</ruler.interval>
	<scaling.units type=vector names=FALSE length=1 as.numeric=FALSE >cm</scaling.units>
	<scaling type=vector names=FALSE length=1 as.numeric=TRUE >0.00851056898478545</scaling>
	<landmarks.pixel type=matrix rownames=TRUE colnames=FALSE nrow=6 ncol=2 as.numeric=TRUE >
		LM01	684	304
		LM02	743	548
		LM03	714	537
		LM04	685	602
		LM05	657	536
		LM06	623	528
	</landmarks.pixel>
	<landmarks.scaled type=matrix rownames=TRUE colnames=FALSE nrow=6 ncol=2 as.numeric=TRUE >
		LM01	5.82122918559325	-2.58721297137478
		LM02	6.32335275569559	-4.66379180366243
		LM03	6.07654625513681	-4.57017554482979
		LM04	5.82973975457803	-5.12336252884084
		LM05	5.59144382300404	-4.561664975845
		LM06	5.30208447752133	-4.49358042396672
	</landmarks.scaled>
	<curves.control type=list>
		<curveLM07 type=matrix rownames=FALSE colnames=FALSE nrow=7 ncol=2 as.numeric=TRUE >
			684	304
			711	328
			721	394
			727	454
			739	489
			748	544
			743	548
		</curveLM07>
		<curveLM08 type=matrix rownames=FALSE colnames=FALSE nrow=5 ncol=2 as.numeric=TRUE >
			743	548
			738	555
			723	537
			719	536
			714	537
		</curveLM08>
		<curveLM09 type=matrix rownames=FALSE colnames=FALSE nrow=5 ncol=2 as.numeric=TRUE >
			714	537
			705	539
			706	567
			694	604
			685	602
		</curveLM09>
		<curveLM10 type=matrix rownames=FALSE colnames=FALSE nrow=5 ncol=2 as.numeric=TRUE >
			685	602
			676	607
			666	559
			663	543
			657	536
		</curveLM10>
		<curveLM11 type=matrix rownames=FALSE colnames=FALSE nrow=5 ncol=2 as.numeric=TRUE >
			657	536
			649	532
			630	535
			626	532
			623	528
		</curveLM11>
		<curveLM12 type=matrix rownames=FALSE colnames=FALSE nrow=7 ncol=2 as.numeric=TRUE >
			623	528
			617	520
			641	439
			653	384
			667	333
			678	310
			684	304
		</curveLM12>
	</curves.control>
	<curves.pixel type=list>
		<curveLM07 type=matrix rownames=FALSE colnames=FALSE nrow=251 ncol=2 as.numeric=TRUE >
			684	304
			685	305
			686	306
			687	307
			688	308
			689	309
			690	310
			690	311
			691	311
			692	312
			693	313
			693	314
			694	315
			695	316
			695	317
			696	318
			696	319
			697	320
			698	321
			698	322
			699	323
			700	324
			700	325
			701	326
			701	327
			702	328
			703	329
			703	330
			703	331
			704	332
			704	333
			705	334
			705	335
			706	336
			706	337
			707	338
			707	339
			707	340
			708	341
			708	342
			708	343
			709	344
			709	345
			709	346
			710	347
			710	348
			711	349
			711	350
			711	351
			712	352
			712	353
			712	354
			712	355
			713	356
			713	357
			713	358
			714	359
			714	360
			714	361
			715	362
			715	363
			715	364
			715	365
			715	366
			716	366
			716	367
			716	368
			716	369
			717	370
			717	371
			717	372
			717	373
			717	374
			718	375
			718	376
			718	377
			718	378
			718	379
			719	380
			719	381
			719	382
			719	383
			719	384
			720	385
			720	386
			720	387
			720	388
			720	389
			720	390
			721	391
			721	392
			721	393
			721	394
			721	395
			721	396
			721	397
			721	398
			721	399
			722	399
			722	400
			722	401
			722	402
			722	403
			722	404
			722	405
			722	406
			722	407
			723	408
			723	409
			723	410
			723	411
			723	412
			723	413
			723	414
			723	415
			723	416
			724	416
			724	417
			724	418
			724	419
			724	420
			724	421
			724	422
			725	423
			725	424
			725	425
			725	426
			725	427
			725	428
			725	429
			725	430
			726	431
			726	432
			726	433
			726	434
			726	435
			726	436
			727	437
			727	438
			727	439
			727	440
			727	441
			727	442
			728	443
			728	444
			728	445
			728	446
			728	447
			729	448
			729	449
			729	450
			729	451
			729	452
			730	453
			730	454
			730	455
			730	456
			730	457
			730	458
			731	458
			731	459
			731	460
			731	461
			731	462
			732	463
			732	464
			732	465
			732	466
			733	467
			733	468
			733	469
			733	470
			734	471
			734	472
			734	473
			734	474
			735	475
			735	476
			735	477
			735	478
			736	479
			736	480
			737	481
			737	482
			737	483
			737	484
			738	485
			738	486
			738	487
			739	488
			739	489
			739	490
			739	491
			739	492
			740	493
			740	494
			740	495
			740	496
			740	497
			740	498
			741	499
			741	500
			741	501
			741	502
			741	503
			741	504
			742	505
			742	506
			742	507
			742	508
			742	509
			742	510
			742	511
			742	512
			743	512
			743	513
			743	514
			743	515
			743	516
			743	517
			743	518
			743	519
			743	520
			744	521
			744	522
			744	523
			744	524
			744	525
			744	526
			744	527
			744	528
			744	529
			744	530
			744	531
			745	532
			745	533
			745	534
			745	535
			745	536
			745	537
			745	538
			745	539
			745	540
			745	541
			745	542
			745	543
			744	544
			744	545
			744	546
			744	547
			743	548
		</curveLM07>
		<curveLM08 type=matrix rownames=FALSE colnames=FALSE nrow=32 ncol=2 as.numeric=TRUE >
			743	548
			742	549
			741	550
			740	550
			739	550
			738	550
			737	549
			736	549
			735	549
			735	548
			734	548
			733	547
			732	546
			731	545
			730	544
			729	543
			728	542
			727	541
			726	541
			726	540
			725	539
			724	538
			723	537
			722	537
			721	537
			720	537
			719	537
			718	537
			717	537
			716	537
			715	537
			714	537
		</curveLM08>
		<curveLM09 type=matrix rownames=FALSE colnames=FALSE nrow=74 ncol=2 as.numeric=TRUE >
			714	537
			713	537
			712	538
			711	538
			711	539
			710	540
			709	541
			709	542
			708	543
			708	544
			708	545
			707	546
			707	547
			707	548
			707	549
			707	550
			706	551
			706	552
			706	553
			706	554
			706	555
			706	556
			706	557
			706	558
			706	559
			706	560
			706	561
			706	562
			706	563
			706	564
			706	565
			706	566
			706	567
			706	568
			705	569
			705	570
			705	571
			704	572
			704	573
			704	574
			703	575
			703	576
			702	577
			702	578
			702	579
			701	580
			701	581
			701	582
			700	583
			700	584
			699	585
			699	586
			699	587
			698	587
			698	588
			698	589
			697	589
			697	590
			697	591
			696	591
			696	592
			696	593
			695	594
			694	595
			694	596
			693	597
			692	598
			691	599
			690	600
			689	601
			688	602
			687	602
			686	602
			685	602
		</curveLM09>
		<curveLM10 type=matrix rownames=FALSE colnames=FALSE nrow=71 ncol=2 as.numeric=TRUE >
			685	602
			684	602
			683	602
			682	602
			681	602
			680	601
			679	600
			679	599
			678	598
			677	597
			677	596
			676	595
			676	594
			675	593
			675	592
			675	591
			674	590
			674	589
			674	588
			673	587
			673	586
			672	585
			672	584
			672	583
			672	582
			671	581
			671	580
			671	579
			670	578
			670	577
			670	576
			670	575
			669	574
			669	573
			669	572
			669	571
			668	570
			668	569
			668	568
			668	567
			668	566
			667	565
			667	564
			667	563
			667	562
			666	561
			666	560
			666	559
			666	558
			666	557
			665	556
			665	555
			665	554
			665	553
			664	552
			664	551
			664	550
			664	549
			663	548
			663	547
			662	546
			662	545
			662	544
			661	543
			661	542
			660	541
			660	540
			659	539
			658	538
			658	537
			657	536
		</curveLM10>
		<curveLM11 type=matrix rownames=FALSE colnames=FALSE nrow=36 ncol=2 as.numeric=TRUE >
			657	536
			656	536
			655	535
			654	535
			653	535
			652	534
			651	534
			650	534
			649	534
			648	534
			647	534
			646	534
			645	534
			644	534
			643	534
			642	534
			641	534
			640	534
			639	534
			638	534
			637	534
			636	534
			635	534
			634	534
			633	535
			632	535
			631	535
			630	535
			629	535
			629	534
			628	533
			627	532
			626	531
			625	530
			624	529
			623	528
		</curveLM11>
		<curveLM12 type=matrix rownames=FALSE colnames=FALSE nrow=230 ncol=2 as.numeric=TRUE >
			623	528
			622	527
			622	526
			622	525
			622	524
			622	523
			622	522
			622	521
			622	520
			622	519
			622	518
			622	517
			622	516
			622	515
			622	514
			623	513
			623	512
			623	511
			623	510
			623	509
			623	508
			623	507
			624	506
			624	505
			624	504
			624	503
			624	502
			625	501
			625	500
			625	499
			625	498
			626	497
			626	496
			626	495
			626	494
			626	493
			627	492
			627	491
			627	490
			627	489
			628	488
			628	487
			628	486
			628	485
			629	484
			629	483
			629	482
			629	481
			630	480
			630	479
			630	478
			630	477
			631	476
			631	475
			631	474
			631	473
			632	472
			632	471
			632	470
			633	469
			633	468
			633	467
			633	466
			634	465
			634	464
			634	463
			634	462
			635	462
			635	461
			635	460
			635	459
			635	458
			636	457
			636	456
			636	455
			637	454
			637	453
			637	452
			638	451
			638	450
			638	449
			638	448
			639	447
			639	446
			639	445
			639	444
			640	444
			640	443
			640	442
			640	441
			641	440
			641	439
			641	438
			642	437
			642	436
			642	435
			642	434
			642	433
			642	432
			643	431
			643	430
			643	429
			643	428
			644	427
			644	426
			644	425
			644	424
			645	423
			645	422
			645	421
			645	420
			645	419
			646	418
			646	417
			646	416
			646	415
			647	414
			647	413
			647	412
			647	411
			648	410
			648	409
			648	408
			648	407
			648	406
			649	405
			649	404
			649	403
			649	402
			650	401
			650	400
			650	399
			650	398
			651	397
			651	396
			651	395
			651	394
			652	393
			652	392
			652	391
			652	390
			653	389
			653	388
			653	387
			653	386
			653	385
			654	384
			654	383
			654	382
			654	381
			655	380
			655	379
			655	378
			655	377
			656	376
			656	375
			656	374
			656	373
			657	372
			657	371
			657	370
			658	369
			658	368
			658	367
			658	366
			658	365
			659	364
			659	363
			659	362
			659	361
			660	360
			660	359
			660	358
			661	357
			661	356
			661	355
			661	354
			662	353
			662	352
			662	351
			662	350
			663	349
			663	348
			663	347
			664	346
			664	345
			664	344
			664	343
			665	342
			665	341
			665	340
			665	339
			666	338
			666	337
			666	336
			666	335
			667	334
			667	333
			667	332
			668	331
			669	330
			669	329
			670	328
			670	327
			671	326
			671	325
			671	324
			672	323
			672	322
			673	321
			674	320
			674	319
			675	318
			675	317
			676	316
			676	315
			677	315
			677	314
			678	313
			678	312
			678	311
			679	311
			679	310
			680	310
			680	309
			681	308
			681	307
			682	306
			683	305
			684	304
		</curveLM12>
	</curves.pixel>
	<curves.scaled type=list>
		<curveLM07 type=matrix rownames=FALSE colnames=FALSE nrow=251 ncol=2 as.numeric=TRUE >
			5.82122918559325	-2.58721297137478
			5.82973975457803	-2.59572354035956
			5.83825032356282	-2.60423410934435
			5.8467608925476	-2.61274467832913
			5.85527146153239	-2.62125524731392
			5.86378203051717	-2.6297658162987
			5.87229259950196	-2.63827638528349
			5.87229259950196	-2.64678695426827
			5.88080316848675	-2.64678695426827
			5.88931373747153	-2.65529752325306
			5.89782430645632	-2.66380809223785
			5.89782430645632	-2.67231866122263
			5.9063348754411	-2.68082923020742
			5.91484544442589	-2.6893397991922
			5.91484544442589	-2.69785036817699
			5.92335601341067	-2.70636093716177
			5.92335601341067	-2.71487150614656
			5.93186658239546	-2.72338207513134
			5.94037715138024	-2.73189264411613
			5.94037715138024	-2.74040321310091
			5.94888772036503	-2.7489137820857
			5.95739828934981	-2.75742435107049
			5.95739828934981	-2.76593492005527
			5.9659088583346	-2.77444548904006
			5.9659088583346	-2.78295605802484
			5.97441942731939	-2.79146662700963
			5.98292999630417	-2.79997719599441
			5.98292999630417	-2.8084877649792
			5.98292999630417	-2.81699833396398
			5.99144056528896	-2.82550890294877
			5.99144056528896	-2.83401947193355
			5.99995113427374	-2.84253004091834
			5.99995113427374	-2.85104060990313
			6.00846170325853	-2.85955117888791
			6.00846170325853	-2.8680617478727
			6.01697227224331	-2.87657231685748
			6.01697227224331	-2.88508288584227
			6.01697227224331	-2.89359345482705
			6.0254828412281	-2.90210402381184
			6.0254828412281	-2.91061459279662
			6.0254828412281	-2.91912516178141
			6.03399341021288	-2.92763573076619
			6.03399341021288	-2.93614629975098
			6.03399341021288	-2.94465686873577
			6.04250397919767	-2.95316743772055
			6.04250397919767	-2.96167800670534
			6.05101454818245	-2.97018857569012
			6.05101454818245	-2.97869914467491
			6.05101454818245	-2.98720971365969
			6.05952511716724	-2.99572028264448
			6.05952511716724	-3.00423085162926
			6.05952511716724	-3.01274142061405
			6.05952511716724	-3.02125198959883
			6.06803568615203	-3.02976255858362
			6.06803568615203	-3.03827312756841
			6.06803568615203	-3.04678369655319
			6.07654625513681	-3.05529426553798
			6.07654625513681	-3.06380483452276
			6.07654625513681	-3.07231540350755
			6.0850568241216	-3.08082597249233
			6.0850568241216	-3.08933654147712
			6.0850568241216	-3.0978471104619
			6.0850568241216	-3.10635767944669
			6.0850568241216	-3.11486824843147
			6.09356739310638	-3.11486824843147
			6.09356739310638	-3.12337881741626
			6.09356739310638	-3.13188938640105
			6.09356739310638	-3.14039995538583
			6.10207796209117	-3.14891052437062
			6.10207796209117	-3.1574210933554
			6.10207796209117	-3.16593166234019
			6.10207796209117	-3.17444223132497
			6.10207796209117	-3.18295280030976
			6.11058853107595	-3.19146336929454
			6.11058853107595	-3.19997393827933
			6.11058853107595	-3.20848450726411
			6.11058853107595	-3.2169950762489
			6.11058853107595	-3.22550564523369
			6.11909910006074	-3.23401621421847
			6.11909910006074	-3.24252678320326
			6.11909910006074	-3.25103735218804
			6.11909910006074	-3.25954792117283
			6.11909910006074	-3.26805849015761
			6.12760966904552	-3.2765690591424
			6.12760966904552	-3.28507962812718
			6.12760966904552	-3.29359019711197
			6.12760966904552	-3.30210076609675
			6.12760966904552	-3.31061133508154
			6.12760966904552	-3.31912190406632
			6.13612023803031	-3.32763247305111
			6.13612023803031	-3.3361430420359
			6.13612023803031	-3.34465361102068
			6.13612023803031	-3.35316418000547
			6.13612023803031	-3.36167474899025
			6.13612023803031	-3.37018531797504
			6.13612023803031	-3.37869588695982
			6.13612023803031	-3.38720645594461
			6.13612023803031	-3.39571702492939
			6.14463080701509	-3.39571702492939
			6.14463080701509	-3.40422759391418
			6.14463080701509	-3.41273816289897
			6.14463080701509	-3.42124873188375
			6.14463080701509	-3.42975930086854
			6.14463080701509	-3.43826986985332
			6.14463080701509	-3.44678043883811
			6.14463080701509	-3.45529100782289
			6.14463080701509	-3.46380157680768
			6.15314137599988	-3.47231214579246
			6.15314137599988	-3.48082271477725
			6.15314137599988	-3.48933328376203
			6.15314137599988	-3.49784385274682
			6.15314137599988	-3.50635442173161
			6.15314137599988	-3.51486499071639
			6.15314137599988	-3.52337555970118
			6.15314137599988	-3.53188612868596
			6.15314137599988	-3.54039669767075
			6.16165194498466	-3.54039669767075
			6.16165194498466	-3.54890726665553
			6.16165194498466	-3.55741783564032
			6.16165194498466	-3.5659284046251
			6.16165194498466	-3.57443897360989
			6.16165194498466	-3.58294954259467
			6.16165194498466	-3.59146011157946
			6.17016251396945	-3.59997068056424
			6.17016251396945	-3.60848124954903
			6.17016251396945	-3.61699181853382
			6.17016251396945	-3.6255023875186
			6.17016251396945	-3.63401295650339
			6.17016251396945	-3.64252352548817
			6.17016251396945	-3.65103409447296
			6.17016251396945	-3.65954466345774
			6.17867308295424	-3.66805523244253
			6.17867308295424	-3.67656580142731
			6.17867308295424	-3.6850763704121
			6.17867308295424	-3.69358693939688
			6.17867308295424	-3.70209750838167
			6.17867308295424	-3.71060807736646
			6.18718365193902	-3.71911864635124
			6.18718365193902	-3.72762921533603
			6.18718365193902	-3.73613978432081
			6.18718365193902	-3.7446503533056
			6.18718365193902	-3.75316092229038
			6.18718365193902	-3.76167149127517
			6.19569422092381	-3.77018206025995
			6.19569422092381	-3.77869262924474
			6.19569422092381	-3.78720319822952
			6.19569422092381	-3.79571376721431
			6.19569422092381	-3.8042243361991
			6.20420478990859	-3.81273490518388
			6.20420478990859	-3.82124547416867
			6.20420478990859	-3.82975604315345
			6.20420478990859	-3.83826661213824
			6.20420478990859	-3.84677718112302
			6.21271535889338	-3.85528775010781
			6.21271535889338	-3.86379831909259
			6.21271535889338	-3.87230888807738
			6.21271535889338	-3.88081945706216
			6.21271535889338	-3.88933002604695
			6.21271535889338	-3.89784059503174
			6.22122592787816	-3.89784059503174
			6.22122592787816	-3.90635116401652
			6.22122592787816	-3.91486173300131
			6.22122592787816	-3.92337230198609
			6.22122592787816	-3.93188287097088
			6.22973649686295	-3.94039343995566
			6.22973649686295	-3.94890400894045
			6.22973649686295	-3.95741457792523
			6.22973649686295	-3.96592514691002
			6.23824706584773	-3.9744357158948
			6.23824706584773	-3.98294628487959
			6.23824706584773	-3.99145685386438
			6.23824706584773	-3.99996742284916
			6.24675763483252	-4.00847799183395
			6.24675763483252	-4.01698856081873
			6.24675763483252	-4.02549912980352
			6.24675763483252	-4.0340096987883
			6.25526820381731	-4.04252026777309
			6.25526820381731	-4.05103083675787
			6.25526820381731	-4.05954140574266
			6.25526820381731	-4.06805197472744
			6.26377877280209	-4.07656254371223
			6.26377877280209	-4.08507311269702
			6.27228934178688	-4.0935836816818
			6.27228934178688	-4.10209425066659
			6.27228934178688	-4.11060481965137
			6.27228934178688	-4.11911538863616
			6.28079991077166	-4.12762595762094
			6.28079991077166	-4.13613652660573
			6.28079991077166	-4.14464709559051
			6.28931047975645	-4.1531576645753
			6.28931047975645	-4.16166823356008
			6.28931047975645	-4.17017880254487
			6.28931047975645	-4.17868937152966
			6.28931047975645	-4.18719994051444
			6.29782104874123	-4.19571050949923
			6.29782104874123	-4.20422107848401
			6.29782104874123	-4.2127316474688
			6.29782104874123	-4.22124221645358
			6.29782104874123	-4.22975278543837
			6.29782104874123	-4.23826335442315
			6.30633161772602	-4.24677392340794
			6.30633161772602	-4.25528449239272
			6.30633161772602	-4.26379506137751
			6.30633161772602	-4.2723056303623
			6.30633161772602	-4.28081619934708
			6.30633161772602	-4.28932676833187
			6.3148421867108	-4.29783733731665
			6.3148421867108	-4.30634790630144
			6.3148421867108	-4.31485847528622
			6.3148421867108	-4.32336904427101
			6.3148421867108	-4.33187961325579
			6.3148421867108	-4.34039018224058
			6.3148421867108	-4.34890075122536
			6.3148421867108	-4.35741132021015
			6.32335275569559	-4.35741132021015
			6.32335275569559	-4.36592188919494
			6.32335275569559	-4.37443245817972
			6.32335275569559	-4.38294302716451
			6.32335275569559	-4.39145359614929
			6.32335275569559	-4.39996416513408
			6.32335275569559	-4.40847473411886
			6.32335275569559	-4.41698530310365
			6.32335275569559	-4.42549587208843
			6.33186332468037	-4.43400644107322
			6.33186332468037	-4.442517010058
			6.33186332468037	-4.45102757904279
			6.33186332468037	-4.45953814802758
			6.33186332468037	-4.46804871701236
			6.33186332468037	-4.47655928599715
			6.33186332468037	-4.48506985498193
			6.33186332468037	-4.49358042396672
			6.33186332468037	-4.5020909929515
			6.33186332468037	-4.51060156193629
			6.33186332468037	-4.51911213092107
			6.34037389366516	-4.52762269990586
			6.34037389366516	-4.53613326889064
			6.34037389366516	-4.54464383787543
			6.34037389366516	-4.55315440686021
			6.34037389366516	-4.561664975845
			6.34037389366516	-4.57017554482979
			6.34037389366516	-4.57868611381457
			6.34037389366516	-4.58719668279936
			6.34037389366516	-4.59570725178414
			6.34037389366516	-4.60421782076893
			6.34037389366516	-4.61272838975371
			6.34037389366516	-4.6212389587385
			6.33186332468037	-4.62974952772328
			6.33186332468037	-4.63826009670807
			6.33186332468037	-4.64677066569286
			6.33186332468037	-4.65528123467764
			6.32335275569559	-4.66379180366243
		</curveLM07>
		<curveLM08 type=matrix rownames=FALSE colnames=FALSE nrow=32 ncol=2 as.numeric=TRUE >
			6.32335275569559	-4.66379180366243
			6.3148421867108	-4.67230237264721
			6.30633161772602	-4.680812941632
			6.29782104874123	-4.680812941632
			6.28931047975645	-4.680812941632
			6.28079991077166	-4.680812941632
			6.27228934178688	-4.67230237264721
			6.26377877280209	-4.67230237264721
			6.25526820381731	-4.67230237264721
			6.25526820381731	-4.66379180366243
			6.24675763483252	-4.66379180366243
			6.23824706584773	-4.65528123467764
			6.22973649686295	-4.64677066569286
			6.22122592787816	-4.63826009670807
			6.21271535889338	-4.62974952772328
			6.20420478990859	-4.6212389587385
			6.19569422092381	-4.61272838975371
			6.18718365193902	-4.60421782076893
			6.17867308295424	-4.60421782076893
			6.17867308295424	-4.59570725178414
			6.17016251396945	-4.58719668279936
			6.16165194498466	-4.57868611381457
			6.15314137599988	-4.57017554482979
			6.14463080701509	-4.57017554482979
			6.13612023803031	-4.57017554482979
			6.12760966904552	-4.57017554482979
			6.11909910006074	-4.57017554482979
			6.11058853107595	-4.57017554482979
			6.10207796209117	-4.57017554482979
			6.09356739310638	-4.57017554482979
			6.0850568241216	-4.57017554482979
			6.07654625513681	-4.57017554482979
		</curveLM08>
		<curveLM09 type=matrix rownames=FALSE colnames=FALSE nrow=74 ncol=2 as.numeric=TRUE >
			6.07654625513681	-4.57017554482979
			6.06803568615203	-4.57017554482979
			6.05952511716724	-4.57868611381457
			6.05101454818245	-4.57868611381457
			6.05101454818245	-4.58719668279936
			6.04250397919767	-4.59570725178414
			6.03399341021288	-4.60421782076893
			6.03399341021288	-4.61272838975371
			6.0254828412281	-4.6212389587385
			6.0254828412281	-4.62974952772328
			6.0254828412281	-4.63826009670807
			6.01697227224331	-4.64677066569286
			6.01697227224331	-4.65528123467764
			6.01697227224331	-4.66379180366243
			6.01697227224331	-4.67230237264721
			6.01697227224331	-4.680812941632
			6.00846170325853	-4.68932351061678
			6.00846170325853	-4.69783407960157
			6.00846170325853	-4.70634464858635
			6.00846170325853	-4.71485521757114
			6.00846170325853	-4.72336578655592
			6.00846170325853	-4.73187635554071
			6.00846170325853	-4.7403869245255
			6.00846170325853	-4.74889749351028
			6.00846170325853	-4.75740806249507
			6.00846170325853	-4.76591863147985
			6.00846170325853	-4.77442920046464
			6.00846170325853	-4.78293976944942
			6.00846170325853	-4.79145033843421
			6.00846170325853	-4.79996090741899
			6.00846170325853	-4.80847147640378
			6.00846170325853	-4.81698204538856
			6.00846170325853	-4.82549261437335
			6.00846170325853	-4.83400318335813
			5.99995113427374	-4.84251375234292
			5.99995113427374	-4.85102432132771
			5.99995113427374	-4.85953489031249
			5.99144056528896	-4.86804545929728
			5.99144056528896	-4.87655602828206
			5.99144056528896	-4.88506659726685
			5.98292999630417	-4.89357716625163
			5.98292999630417	-4.90208773523642
			5.97441942731939	-4.9105983042212
			5.97441942731939	-4.91910887320599
			5.97441942731939	-4.92761944219077
			5.9659088583346	-4.93613001117556
			5.9659088583346	-4.94464058016035
			5.9659088583346	-4.95315114914513
			5.95739828934981	-4.96166171812992
			5.95739828934981	-4.9701722871147
			5.94888772036503	-4.97868285609949
			5.94888772036503	-4.98719342508427
			5.94888772036503	-4.99570399406906
			5.94037715138024	-4.99570399406906
			5.94037715138024	-5.00421456305384
			5.94037715138024	-5.01272513203863
			5.93186658239546	-5.01272513203863
			5.93186658239546	-5.02123570102342
			5.93186658239546	-5.0297462700082
			5.92335601341067	-5.0297462700082
			5.92335601341067	-5.03825683899299
			5.92335601341067	-5.04676740797777
			5.91484544442589	-5.05527797696256
			5.9063348754411	-5.06378854594734
			5.9063348754411	-5.07229911493213
			5.89782430645632	-5.08080968391691
			5.88931373747153	-5.0893202529017
			5.88080316848675	-5.09783082188648
			5.87229259950196	-5.10634139087127
			5.86378203051717	-5.11485195985605
			5.85527146153239	-5.12336252884084
			5.8467608925476	-5.12336252884084
			5.83825032356282	-5.12336252884084
			5.82973975457803	-5.12336252884084
		</curveLM09>
		<curveLM10 type=matrix rownames=FALSE colnames=FALSE nrow=71 ncol=2 as.numeric=TRUE >
			5.82973975457803	-5.12336252884084
			5.82122918559325	-5.12336252884084
			5.81271861660846	-5.12336252884084
			5.80420804762368	-5.12336252884084
			5.79569747863889	-5.12336252884084
			5.78718690965411	-5.11485195985605
			5.77867634066932	-5.10634139087127
			5.77867634066932	-5.09783082188648
			5.77016577168453	-5.0893202529017
			5.76165520269975	-5.08080968391691
			5.76165520269975	-5.07229911493213
			5.75314463371496	-5.06378854594734
			5.75314463371496	-5.05527797696256
			5.74463406473018	-5.04676740797777
			5.74463406473018	-5.03825683899299
			5.74463406473018	-5.0297462700082
			5.73612349574539	-5.02123570102342
			5.73612349574539	-5.01272513203863
			5.73612349574539	-5.00421456305384
			5.72761292676061	-4.99570399406906
			5.72761292676061	-4.98719342508427
			5.71910235777582	-4.97868285609949
			5.71910235777582	-4.9701722871147
			5.71910235777582	-4.96166171812992
			5.71910235777582	-4.95315114914513
			5.71059178879104	-4.94464058016035
			5.71059178879104	-4.93613001117556
			5.71059178879104	-4.92761944219077
			5.70208121980625	-4.91910887320599
			5.70208121980625	-4.9105983042212
			5.70208121980625	-4.90208773523642
			5.70208121980625	-4.89357716625163
			5.69357065082147	-4.88506659726685
			5.69357065082147	-4.87655602828206
			5.69357065082147	-4.86804545929728
			5.69357065082147	-4.85953489031249
			5.68506008183668	-4.85102432132771
			5.68506008183668	-4.84251375234292
			5.68506008183668	-4.83400318335813
			5.68506008183668	-4.82549261437335
			5.68506008183668	-4.81698204538856
			5.67654951285189	-4.80847147640378
			5.67654951285189	-4.79996090741899
			5.67654951285189	-4.79145033843421
			5.67654951285189	-4.78293976944942
			5.66803894386711	-4.77442920046464
			5.66803894386711	-4.76591863147985
			5.66803894386711	-4.75740806249507
			5.66803894386711	-4.74889749351028
			5.66803894386711	-4.7403869245255
			5.65952837488232	-4.73187635554071
			5.65952837488232	-4.72336578655592
			5.65952837488232	-4.71485521757114
			5.65952837488232	-4.70634464858635
			5.65101780589754	-4.69783407960157
			5.65101780589754	-4.68932351061678
			5.65101780589754	-4.680812941632
			5.65101780589754	-4.67230237264721
			5.64250723691275	-4.66379180366243
			5.64250723691275	-4.65528123467764
			5.63399666792797	-4.64677066569286
			5.63399666792797	-4.63826009670807
			5.63399666792797	-4.62974952772328
			5.62548609894318	-4.6212389587385
			5.62548609894318	-4.61272838975371
			5.6169755299584	-4.60421782076893
			5.6169755299584	-4.59570725178414
			5.60846496097361	-4.58719668279936
			5.59995439198883	-4.57868611381457
			5.59995439198883	-4.57017554482979
			5.59144382300404	-4.561664975845
		</curveLM10>
		<curveLM11 type=matrix rownames=FALSE colnames=FALSE nrow=36 ncol=2 as.numeric=TRUE >
			5.59144382300404	-4.561664975845
			5.58293325401925	-4.561664975845
			5.57442268503447	-4.55315440686021
			5.56591211604968	-4.55315440686021
			5.5574015470649	-4.55315440686021
			5.54889097808011	-4.54464383787543
			5.54038040909533	-4.54464383787543
			5.53186984011054	-4.54464383787543
			5.52335927112576	-4.54464383787543
			5.51484870214097	-4.54464383787543
			5.50633813315619	-4.54464383787543
			5.4978275641714	-4.54464383787543
			5.48931699518661	-4.54464383787543
			5.48080642620183	-4.54464383787543
			5.47229585721704	-4.54464383787543
			5.46378528823226	-4.54464383787543
			5.45527471924747	-4.54464383787543
			5.44676415026269	-4.54464383787543
			5.4382535812779	-4.54464383787543
			5.42974301229312	-4.54464383787543
			5.42123244330833	-4.54464383787543
			5.41272187432355	-4.54464383787543
			5.40421130533876	-4.54464383787543
			5.39570073635397	-4.54464383787543
			5.38719016736919	-4.55315440686021
			5.3786795983844	-4.55315440686021
			5.37016902939962	-4.55315440686021
			5.36165846041483	-4.55315440686021
			5.35314789143005	-4.55315440686021
			5.35314789143005	-4.54464383787543
			5.34463732244526	-4.53613326889064
			5.33612675346048	-4.52762269990586
			5.32761618447569	-4.51911213092107
			5.31910561549091	-4.51060156193629
			5.31059504650612	-4.5020909929515
			5.30208447752133	-4.49358042396672
		</curveLM11>
		<curveLM12 type=matrix rownames=FALSE colnames=FALSE nrow=230 ncol=2 as.numeric=TRUE >
			5.30208447752133	-4.49358042396672
			5.29357390853655	-4.48506985498193
			5.29357390853655	-4.47655928599715
			5.29357390853655	-4.46804871701236
			5.29357390853655	-4.45953814802758
			5.29357390853655	-4.45102757904279
			5.29357390853655	-4.442517010058
			5.29357390853655	-4.43400644107322
			5.29357390853655	-4.42549587208843
			5.29357390853655	-4.41698530310365
			5.29357390853655	-4.40847473411886
			5.29357390853655	-4.39996416513408
			5.29357390853655	-4.39145359614929
			5.29357390853655	-4.38294302716451
			5.29357390853655	-4.37443245817972
			5.30208447752133	-4.36592188919494
			5.30208447752133	-4.35741132021015
			5.30208447752133	-4.34890075122536
			5.30208447752133	-4.34039018224058
			5.30208447752133	-4.33187961325579
			5.30208447752133	-4.32336904427101
			5.30208447752133	-4.31485847528622
			5.31059504650612	-4.30634790630144
			5.31059504650612	-4.29783733731665
			5.31059504650612	-4.28932676833187
			5.31059504650612	-4.28081619934708
			5.31059504650612	-4.2723056303623
			5.31910561549091	-4.26379506137751
			5.31910561549091	-4.25528449239272
			5.31910561549091	-4.24677392340794
			5.31910561549091	-4.23826335442315
			5.32761618447569	-4.22975278543837
			5.32761618447569	-4.22124221645358
			5.32761618447569	-4.2127316474688
			5.32761618447569	-4.20422107848401
			5.32761618447569	-4.19571050949923
			5.33612675346048	-4.18719994051444
			5.33612675346048	-4.17868937152966
			5.33612675346048	-4.17017880254487
			5.33612675346048	-4.16166823356008
			5.34463732244526	-4.1531576645753
			5.34463732244526	-4.14464709559051
			5.34463732244526	-4.13613652660573
			5.34463732244526	-4.12762595762094
			5.35314789143005	-4.11911538863616
			5.35314789143005	-4.11060481965137
			5.35314789143005	-4.10209425066659
			5.35314789143005	-4.0935836816818
			5.36165846041483	-4.08507311269702
			5.36165846041483	-4.07656254371223
			5.36165846041483	-4.06805197472744
			5.36165846041483	-4.05954140574266
			5.37016902939962	-4.05103083675787
			5.37016902939962	-4.04252026777309
			5.37016902939962	-4.0340096987883
			5.37016902939962	-4.02549912980352
			5.3786795983844	-4.01698856081873
			5.3786795983844	-4.00847799183395
			5.3786795983844	-3.99996742284916
			5.38719016736919	-3.99145685386438
			5.38719016736919	-3.98294628487959
			5.38719016736919	-3.9744357158948
			5.38719016736919	-3.96592514691002
			5.39570073635397	-3.95741457792523
			5.39570073635397	-3.94890400894045
			5.39570073635397	-3.94039343995566
			5.39570073635397	-3.93188287097088
			5.40421130533876	-3.93188287097088
			5.40421130533876	-3.92337230198609
			5.40421130533876	-3.91486173300131
			5.40421130533876	-3.90635116401652
			5.40421130533876	-3.89784059503174
			5.41272187432355	-3.88933002604695
			5.41272187432355	-3.88081945706216
			5.41272187432355	-3.87230888807738
			5.42123244330833	-3.86379831909259
			5.42123244330833	-3.85528775010781
			5.42123244330833	-3.84677718112302
			5.42974301229312	-3.83826661213824
			5.42974301229312	-3.82975604315345
			5.42974301229312	-3.82124547416867
			5.42974301229312	-3.81273490518388
			5.4382535812779	-3.8042243361991
			5.4382535812779	-3.79571376721431
			5.4382535812779	-3.78720319822952
			5.4382535812779	-3.77869262924474
			5.44676415026269	-3.77869262924474
			5.44676415026269	-3.77018206025995
			5.44676415026269	-3.76167149127517
			5.44676415026269	-3.75316092229038
			5.45527471924747	-3.7446503533056
			5.45527471924747	-3.73613978432081
			5.45527471924747	-3.72762921533603
			5.46378528823226	-3.71911864635124
			5.46378528823226	-3.71060807736646
			5.46378528823226	-3.70209750838167
			5.46378528823226	-3.69358693939688
			5.46378528823226	-3.6850763704121
			5.46378528823226	-3.67656580142731
			5.47229585721704	-3.66805523244253
			5.47229585721704	-3.65954466345774
			5.47229585721704	-3.65103409447296
			5.47229585721704	-3.64252352548817
			5.48080642620183	-3.63401295650339
			5.48080642620183	-3.6255023875186
			5.48080642620183	-3.61699181853382
			5.48080642620183	-3.60848124954903
			5.48931699518661	-3.59997068056424
			5.48931699518661	-3.59146011157946
			5.48931699518661	-3.58294954259467
			5.48931699518661	-3.57443897360989
			5.48931699518661	-3.5659284046251
			5.4978275641714	-3.55741783564032
			5.4978275641714	-3.54890726665553
			5.4978275641714	-3.54039669767075
			5.4978275641714	-3.53188612868596
			5.50633813315619	-3.52337555970118
			5.50633813315619	-3.51486499071639
			5.50633813315619	-3.50635442173161
			5.50633813315619	-3.49784385274682
			5.51484870214097	-3.48933328376203
			5.51484870214097	-3.48082271477725
			5.51484870214097	-3.47231214579246
			5.51484870214097	-3.46380157680768
			5.51484870214097	-3.45529100782289
			5.52335927112576	-3.44678043883811
			5.52335927112576	-3.43826986985332
			5.52335927112576	-3.42975930086854
			5.52335927112576	-3.42124873188375
			5.53186984011054	-3.41273816289897
			5.53186984011054	-3.40422759391418
			5.53186984011054	-3.39571702492939
			5.53186984011054	-3.38720645594461
			5.54038040909533	-3.37869588695982
			5.54038040909533	-3.37018531797504
			5.54038040909533	-3.36167474899025
			5.54038040909533	-3.35316418000547
			5.54889097808011	-3.34465361102068
			5.54889097808011	-3.3361430420359
			5.54889097808011	-3.32763247305111
			5.54889097808011	-3.31912190406632
			5.5574015470649	-3.31061133508154
			5.5574015470649	-3.30210076609675
			5.5574015470649	-3.29359019711197
			5.5574015470649	-3.28507962812718
			5.5574015470649	-3.2765690591424
			5.56591211604968	-3.26805849015761
			5.56591211604968	-3.25954792117283
			5.56591211604968	-3.25103735218804
			5.56591211604968	-3.24252678320326
			5.57442268503447	-3.23401621421847
			5.57442268503447	-3.22550564523369
			5.57442268503447	-3.2169950762489
			5.57442268503447	-3.20848450726411
			5.58293325401925	-3.19997393827933
			5.58293325401925	-3.19146336929454
			5.58293325401925	-3.18295280030976
			5.58293325401925	-3.17444223132497
			5.59144382300404	-3.16593166234019
			5.59144382300404	-3.1574210933554
			5.59144382300404	-3.14891052437062
			5.59995439198883	-3.14039995538583
			5.59995439198883	-3.13188938640105
			5.59995439198883	-3.12337881741626
			5.59995439198883	-3.11486824843147
			5.59995439198883	-3.10635767944669
			5.60846496097361	-3.0978471104619
			5.60846496097361	-3.08933654147712
			5.60846496097361	-3.08082597249233
			5.60846496097361	-3.07231540350755
			5.6169755299584	-3.06380483452276
			5.6169755299584	-3.05529426553798
			5.6169755299584	-3.04678369655319
			5.62548609894318	-3.03827312756841
			5.62548609894318	-3.02976255858362
			5.62548609894318	-3.02125198959883
			5.62548609894318	-3.01274142061405
			5.63399666792797	-3.00423085162926
			5.63399666792797	-2.99572028264448
			5.63399666792797	-2.98720971365969
			5.63399666792797	-2.97869914467491
			5.64250723691275	-2.97018857569012
			5.64250723691275	-2.96167800670534
			5.64250723691275	-2.95316743772055
			5.65101780589754	-2.94465686873577
			5.65101780589754	-2.93614629975098
			5.65101780589754	-2.92763573076619
			5.65101780589754	-2.91912516178141
			5.65952837488232	-2.91061459279662
			5.65952837488232	-2.90210402381184
			5.65952837488232	-2.89359345482705
			5.65952837488232	-2.88508288584227
			5.66803894386711	-2.87657231685748
			5.66803894386711	-2.8680617478727
			5.66803894386711	-2.85955117888791
			5.66803894386711	-2.85104060990313
			5.67654951285189	-2.84253004091834
			5.67654951285189	-2.83401947193355
			5.67654951285189	-2.82550890294877
			5.68506008183668	-2.81699833396398
			5.69357065082147	-2.8084877649792
			5.69357065082147	-2.79997719599441
			5.70208121980625	-2.79146662700963
			5.70208121980625	-2.78295605802484
			5.71059178879104	-2.77444548904006
			5.71059178879104	-2.76593492005527
			5.71059178879104	-2.75742435107049
			5.71910235777582	-2.7489137820857
			5.71910235777582	-2.74040321310091
			5.72761292676061	-2.73189264411613
			5.73612349574539	-2.72338207513134
			5.73612349574539	-2.71487150614656
			5.74463406473018	-2.70636093716177
			5.74463406473018	-2.69785036817699
			5.75314463371496	-2.6893397991922
			5.75314463371496	-2.68082923020742
			5.76165520269975	-2.68082923020742
			5.76165520269975	-2.67231866122263
			5.77016577168453	-2.66380809223785
			5.77016577168453	-2.65529752325306
			5.77016577168453	-2.64678695426827
			5.77867634066932	-2.64678695426827
			5.77867634066932	-2.63827638528349
			5.78718690965411	-2.63827638528349
			5.78718690965411	-2.6297658162987
			5.79569747863889	-2.62125524731392
			5.79569747863889	-2.61274467832913
			5.80420804762368	-2.60423410934435
			5.81271861660846	-2.59572354035956
			5.82122918559325	-2.58721297137478
		</curveLM12>
	</curves.scaled>
	<ruler.points type=matrix rownames=TRUE colnames=FALSE nrow=5 ncol=2 as.numeric=TRUE >
		Ruler point 1	211	813
		Ruler point 2	328	814
		Ruler point 3	446	814
		Ruler point 4	563	814
		Ruler point 5	681	814
	</ruler.points>
</shapes>

