<shapes type=list>
	<ruler.pixel type=vector names=FALSE length=1 as.numeric=TRUE >117.000006600997</ruler.pixel>
	<ruler.interval type=vector names=FALSE length=1 as.numeric=TRUE >1</ruler.interval>
	<scaling.units type=vector names=FALSE length=1 as.numeric=FALSE >cm</scaling.units>
	<scaling type=vector names=FALSE length=1 as.numeric=TRUE >0.0085470080647968</scaling>
	<landmarks.pixel type=matrix rownames=TRUE colnames=FALSE nrow=6 ncol=2 as.numeric=TRUE >
		LM01	675	340
		LM02	736	562
		LM03	705	559
		LM04	673	601
		LM05	650	559
		LM06	615	564
	</landmarks.pixel>
	<landmarks.scaled type=matrix rownames=TRUE colnames=FALSE nrow=6 ncol=2 as.numeric=TRUE >
		LM01	5.76923044373784	-2.90598274203091
		LM02	6.29059793569045	-4.8034185324158
		LM03	6.02564068568175	-4.77777750822141
		LM04	5.75213642760825	-5.13675184694288
		LM05	5.55555524211792	-4.77777750822141
		LM06	5.25640995985003	-4.8205125485454
	</landmarks.scaled>
	<curves.control type=list>
		<curveLM07 type=matrix rownames=FALSE colnames=FALSE nrow=7 ncol=2 as.numeric=TRUE >
			675	340
			686	341
			700	406
			715	465
			728	514
			740	562
			736	562
		</curveLM07>
		<curveLM08 type=matrix rownames=FALSE colnames=FALSE nrow=5 ncol=2 as.numeric=TRUE >
			736	562
			728	569
			716	561
			712	557
			705	559
		</curveLM08>
		<curveLM09 type=matrix rownames=FALSE colnames=FALSE nrow=5 ncol=2 as.numeric=TRUE >
			705	559
			689	563
			683	592
			680	604
			673	601
		</curveLM09>
		<curveLM10 type=matrix rownames=FALSE colnames=FALSE nrow=5 ncol=2 as.numeric=TRUE >
			673	601
			661	602
			657	581
			660	565
			650	559
		</curveLM10>
		<curveLM11 type=matrix rownames=FALSE colnames=FALSE nrow=5 ncol=2 as.numeric=TRUE >
			650	559
			638	553
			628	564
			617	568
			615	564
		</curveLM11>
		<curveLM12 type=matrix rownames=FALSE colnames=FALSE nrow=5 ncol=2 as.numeric=TRUE >
			615	564
			612	563
			634	474
			669	339
			675	340
		</curveLM12>
	</curves.control>
	<curves.pixel type=list>
		<curveLM07 type=matrix rownames=FALSE colnames=FALSE nrow=227 ncol=2 as.numeric=TRUE >
			675	340
			676	340
			677	341
			678	341
			679	342
			680	343
			680	344
			681	345
			682	346
			682	347
			683	348
			683	349
			684	350
			684	351
			685	352
			685	353
			686	354
			686	355
			686	356
			687	357
			687	358
			688	359
			688	360
			688	361
			689	362
			689	363
			689	364
			689	365
			690	366
			690	367
			690	368
			691	369
			691	370
			691	371
			692	372
			692	373
			692	374
			692	375
			693	376
			693	377
			693	378
			694	379
			694	380
			694	381
			694	382
			695	383
			695	384
			695	385
			695	386
			696	387
			696	388
			696	389
			696	390
			697	391
			697	392
			697	393
			697	394
			697	395
			698	395
			698	396
			698	397
			698	398
			698	399
			699	400
			699	401
			699	402
			699	403
			700	404
			700	405
			700	406
			700	407
			701	408
			701	409
			701	410
			701	411
			701	412
			702	413
			702	414
			702	415
			703	416
			703	417
			703	418
			703	419
			704	420
			704	421
			704	422
			704	423
			705	424
			705	425
			705	426
			705	427
			706	428
			706	429
			706	430
			706	431
			707	432
			707	433
			707	434
			707	435
			708	436
			708	437
			708	438
			709	439
			709	440
			709	441
			709	442
			709	443
			710	444
			710	445
			710	446
			711	447
			711	448
			711	449
			711	450
			712	451
			712	452
			712	453
			712	454
			712	455
			713	455
			713	456
			713	457
			713	458
			714	459
			714	460
			714	461
			714	462
			715	463
			715	464
			715	465
			716	466
			716	467
			716	468
			716	469
			716	470
			717	471
			717	472
			717	473
			718	474
			718	475
			718	476
			718	477
			719	478
			719	479
			719	480
			719	481
			720	482
			720	483
			720	484
			720	485
			721	486
			721	487
			721	488
			721	489
			722	490
			722	491
			722	492
			723	493
			723	494
			723	495
			723	496
			724	497
			724	498
			724	499
			724	500
			725	501
			725	502
			725	503
			725	504
			726	505
			726	506
			726	507
			726	508
			727	509
			727	510
			727	511
			728	512
			728	513
			728	514
			728	515
			729	516
			729	517
			729	518
			729	519
			730	520
			730	521
			730	522
			730	523
			730	524
			731	525
			731	526
			731	527
			731	528
			732	529
			732	530
			732	531
			732	532
			733	533
			733	534
			733	535
			733	536
			733	537
			734	538
			734	539
			734	540
			734	541
			734	542
			735	543
			735	544
			735	545
			735	546
			735	547
			736	548
			736	549
			736	550
			736	551
			736	552
			736	553
			737	554
			737	555
			737	556
			737	557
			737	558
			737	559
			737	560
			737	561
			736	562
		</curveLM07>
		<curveLM08 type=matrix rownames=FALSE colnames=FALSE nrow=33 ncol=2 as.numeric=TRUE >
			736	562
			735	563
			734	563
			733	564
			732	564
			731	565
			730	565
			729	565
			728	565
			727	565
			726	565
			725	565
			724	565
			723	564
			722	564
			721	564
			720	563
			719	563
			718	562
			717	561
			716	561
			715	560
			714	560
			714	559
			713	559
			712	559
			711	558
			710	558
			709	558
			708	558
			707	559
			706	559
			705	559
		</curveLM08>
		<curveLM09 type=matrix rownames=FALSE colnames=FALSE nrow=54 ncol=2 as.numeric=TRUE >
			705	559
			704	559
			703	560
			702	560
			701	561
			700	561
			699	562
			698	562
			697	563
			696	564
			695	565
			694	566
			693	567
			693	568
			692	569
			691	570
			690	571
			690	572
			689	573
			689	574
			688	575
			688	576
			688	577
			687	578
			686	579
			686	580
			686	581
			686	582
			685	583
			685	584
			685	585
			684	586
			684	587
			684	588
			684	589
			683	590
			683	591
			683	592
			683	593
			683	594
			682	594
			682	595
			682	596
			681	597
			681	598
			680	599
			679	600
			679	601
			678	601
			677	601
			676	602
			675	602
			674	601
			673	601
		</curveLM09>
		<curveLM10 type=matrix rownames=FALSE colnames=FALSE nrow=53 ncol=2 as.numeric=TRUE >
			673	601
			672	601
			671	601
			670	601
			669	601
			668	600
			667	600
			666	599
			665	599
			664	598
			664	597
			663	596
			662	595
			662	594
			661	593
			660	592
			660	591
			659	590
			659	589
			659	588
			658	587
			658	586
			658	585
			658	584
			657	583
			657	582
			657	581
			657	580
			657	579
			657	578
			658	578
			658	577
			658	576
			658	575
			658	574
			658	573
			658	572
			657	571
			657	570
			657	569
			657	568
			657	567
			656	566
			656	565
			655	564
			655	563
			654	563
			654	562
			653	561
			652	561
			652	560
			651	560
			650	559
		</curveLM10>
		<curveLM11 type=matrix rownames=FALSE colnames=FALSE nrow=37 ncol=2 as.numeric=TRUE >
			650	559
			649	558
			648	558
			647	558
			646	557
			645	557
			644	557
			643	557
			642	557
			641	557
			640	557
			639	557
			638	557
			637	558
			636	558
			635	559
			634	559
			633	560
			632	560
			631	561
			630	562
			629	563
			628	564
			627	564
			626	565
			625	565
			624	565
			623	566
			622	566
			621	566
			620	566
			619	566
			618	566
			617	566
			616	565
			615	565
			615	564
		</curveLM11>
		<curveLM12 type=matrix rownames=FALSE colnames=FALSE nrow=239 ncol=2 as.numeric=TRUE >
			615	564
			615	563
			615	562
			615	561
			615	560
			615	559
			615	558
			615	557
			615	556
			616	555
			616	554
			616	553
			616	552
			616	551
			616	550
			617	549
			617	548
			617	547
			617	546
			617	545
			618	544
			618	543
			618	542
			618	541
			618	540
			619	540
			619	539
			619	538
			619	537
			619	536
			619	535
			620	534
			620	533
			620	532
			620	531
			621	531
			621	530
			621	529
			621	528
			621	527
			622	526
			622	525
			622	524
			622	523
			622	522
			623	522
			623	521
			623	520
			623	519
			623	518
			624	517
			624	516
			624	515
			624	514
			625	513
			625	512
			625	511
			625	510
			625	509
			626	509
			626	508
			626	507
			626	506
			627	505
			627	504
			627	503
			627	502
			627	501
			628	501
			628	500
			628	499
			628	498
			628	497
			629	496
			629	495
			629	494
			629	493
			630	492
			630	491
			630	490
			630	489
			631	488
			631	487
			631	486
			631	485
			631	484
			632	484
			632	483
			632	482
			632	481
			632	480
			633	480
			633	479
			633	478
			633	477
			633	476
			634	475
			634	474
			634	473
			635	472
			635	471
			635	470
			635	469
			636	468
			636	467
			636	466
			636	465
			636	464
			637	464
			637	463
			637	462
			637	461
			638	460
			638	459
			638	458
			638	457
			639	457
			639	456
			639	455
			639	454
			639	453
			640	452
			640	451
			640	450
			641	449
			641	448
			641	447
			641	446
			642	445
			642	444
			642	443
			642	442
			643	441
			643	440
			643	439
			643	438
			644	437
			644	436
			644	435
			644	434
			645	433
			645	432
			645	431
			645	430
			646	430
			646	429
			646	428
			646	427
			647	426
			647	425
			647	424
			647	423
			648	422
			648	421
			648	420
			649	419
			649	418
			649	417
			650	416
			650	415
			650	414
			650	413
			651	412
			651	411
			651	410
			651	409
			652	408
			652	407
			652	406
			652	405
			653	404
			653	403
			653	402
			653	401
			654	400
			654	399
			655	398
			655	397
			655	396
			655	395
			656	394
			656	393
			656	392
			656	391
			657	390
			657	389
			657	388
			658	387
			658	386
			658	385
			659	384
			659	383
			659	382
			659	381
			660	380
			660	379
			660	378
			660	377
			661	376
			661	375
			662	374
			662	373
			662	372
			662	371
			663	370
			663	369
			663	368
			664	367
			664	366
			664	365
			664	364
			665	364
			665	363
			665	362
			666	361
			666	360
			666	359
			667	358
			667	357
			667	356
			667	355
			668	355
			668	354
			668	353
			669	352
			669	351
			670	350
			670	349
			670	348
			670	347
			671	347
			671	346
			671	345
			672	344
			672	343
			673	342
			674	341
			674	340
			675	340
		</curveLM12>
	</curves.pixel>
	<curves.scaled type=list>
		<curveLM07 type=matrix rownames=FALSE colnames=FALSE nrow=227 ncol=2 as.numeric=TRUE >
			5.76923044373784	-2.90598274203091
			5.77777745180264	-2.90598274203091
			5.78632445986744	-2.91452975009571
			5.79487146793223	-2.91452975009571
			5.80341847599703	-2.92307675816051
			5.81196548406183	-2.9316237662253
			5.81196548406183	-2.9401707742901
			5.82051249212662	-2.9487177823549
			5.82905950019142	-2.95726479041969
			5.82905950019142	-2.96581179848449
			5.83760650825622	-2.97435880654929
			5.83760650825622	-2.98290581461408
			5.84615351632101	-2.99145282267888
			5.84615351632101	-2.99999983074368
			5.85470052438581	-3.00854683880847
			5.85470052438581	-3.01709384687327
			5.86324753245061	-3.02564085493807
			5.86324753245061	-3.03418786300287
			5.86324753245061	-3.04273487106766
			5.8717945405154	-3.05128187913246
			5.8717945405154	-3.05982888719726
			5.8803415485802	-3.06837589526205
			5.8803415485802	-3.07692290332685
			5.8803415485802	-3.08546991139165
			5.888888556645	-3.09401691945644
			5.888888556645	-3.10256392752124
			5.888888556645	-3.11111093558604
			5.888888556645	-3.11965794365083
			5.89743556470979	-3.12820495171563
			5.89743556470979	-3.13675195978043
			5.89743556470979	-3.14529896784522
			5.90598257277459	-3.15384597591002
			5.90598257277459	-3.16239298397482
			5.90598257277459	-3.17093999203961
			5.91452958083939	-3.17948700010441
			5.91452958083939	-3.18803400816921
			5.91452958083939	-3.196581016234
			5.91452958083939	-3.2051280242988
			5.92307658890418	-3.2136750323636
			5.92307658890418	-3.22222204042839
			5.92307658890418	-3.23076904849319
			5.93162359696898	-3.23931605655799
			5.93162359696898	-3.24786306462279
			5.93162359696898	-3.25641007268758
			5.93162359696898	-3.26495708075238
			5.94017060503378	-3.27350408881718
			5.94017060503378	-3.28205109688197
			5.94017060503378	-3.29059810494677
			5.94017060503378	-3.29914511301157
			5.94871761309857	-3.30769212107636
			5.94871761309857	-3.31623912914116
			5.94871761309857	-3.32478613720596
			5.94871761309857	-3.33333314527075
			5.95726462116337	-3.34188015333555
			5.95726462116337	-3.35042716140035
			5.95726462116337	-3.35897416946514
			5.95726462116337	-3.36752117752994
			5.95726462116337	-3.37606818559474
			5.96581162922817	-3.37606818559474
			5.96581162922817	-3.38461519365953
			5.96581162922817	-3.39316220172433
			5.96581162922817	-3.40170920978913
			5.96581162922817	-3.41025621785392
			5.97435863729297	-3.41880322591872
			5.97435863729297	-3.42735023398352
			5.97435863729297	-3.43589724204831
			5.97435863729297	-3.44444425011311
			5.98290564535776	-3.45299125817791
			5.98290564535776	-3.46153826624271
			5.98290564535776	-3.4700852743075
			5.98290564535776	-3.4786322823723
			5.99145265342256	-3.4871792904371
			5.99145265342256	-3.49572629850189
			5.99145265342256	-3.50427330656669
			5.99145265342256	-3.51282031463149
			5.99145265342256	-3.52136732269628
			5.99999966148736	-3.52991433076108
			5.99999966148736	-3.53846133882588
			5.99999966148736	-3.54700834689067
			6.00854666955215	-3.55555535495547
			6.00854666955215	-3.56410236302027
			6.00854666955215	-3.57264937108506
			6.00854666955215	-3.58119637914986
			6.01709367761695	-3.58974338721466
			6.01709367761695	-3.59829039527945
			6.01709367761695	-3.60683740334425
			6.01709367761695	-3.61538441140905
			6.02564068568175	-3.62393141947384
			6.02564068568175	-3.63247842753864
			6.02564068568175	-3.64102543560344
			6.02564068568175	-3.64957244366824
			6.03418769374654	-3.65811945173303
			6.03418769374654	-3.66666645979783
			6.03418769374654	-3.67521346786263
			6.03418769374654	-3.68376047592742
			6.04273470181134	-3.69230748399222
			6.04273470181134	-3.70085449205702
			6.04273470181134	-3.70940150012181
			6.04273470181134	-3.71794850818661
			6.05128170987614	-3.72649551625141
			6.05128170987614	-3.7350425243162
			6.05128170987614	-3.743589532381
			6.05982871794093	-3.7521365404458
			6.05982871794093	-3.76068354851059
			6.05982871794093	-3.76923055657539
			6.05982871794093	-3.77777756464019
			6.05982871794093	-3.78632457270498
			6.06837572600573	-3.79487158076978
			6.06837572600573	-3.80341858883458
			6.06837572600573	-3.81196559689937
			6.07692273407053	-3.82051260496417
			6.07692273407053	-3.82905961302897
			6.07692273407053	-3.83760662109376
			6.07692273407053	-3.84615362915856
			6.08546974213532	-3.85470063722336
			6.08546974213532	-3.86324764528816
			6.08546974213532	-3.87179465335295
			6.08546974213532	-3.88034166141775
			6.08546974213532	-3.88888866948255
			6.09401675020012	-3.88888866948255
			6.09401675020012	-3.89743567754734
			6.09401675020012	-3.90598268561214
			6.09401675020012	-3.91452969367694
			6.10256375826492	-3.92307670174173
			6.10256375826492	-3.93162370980653
			6.10256375826492	-3.94017071787133
			6.10256375826492	-3.94871772593612
			6.11111076632971	-3.95726473400092
			6.11111076632971	-3.96581174206572
			6.11111076632971	-3.97435875013051
			6.11965777439451	-3.98290575819531
			6.11965777439451	-3.99145276626011
			6.11965777439451	-3.9999997743249
			6.11965777439451	-4.0085467823897
			6.11965777439451	-4.0170937904545
			6.12820478245931	-4.02564079851929
			6.12820478245931	-4.03418780658409
			6.12820478245931	-4.04273481464889
			6.13675179052411	-4.05128182271369
			6.13675179052411	-4.05982883077848
			6.13675179052411	-4.06837583884328
			6.13675179052411	-4.07692284690807
			6.1452987985889	-4.08546985497287
			6.1452987985889	-4.09401686303767
			6.1452987985889	-4.10256387110247
			6.1452987985889	-4.11111087916726
			6.1538458066537	-4.11965788723206
			6.1538458066537	-4.12820489529686
			6.1538458066537	-4.13675190336165
			6.1538458066537	-4.14529891142645
			6.16239281471849	-4.15384591949125
			6.16239281471849	-4.16239292755604
			6.16239281471849	-4.17093993562084
			6.16239281471849	-4.17948694368564
			6.17093982278329	-4.18803395175043
			6.17093982278329	-4.19658095981523
			6.17093982278329	-4.20512796788003
			6.17948683084809	-4.21367497594482
			6.17948683084809	-4.22222198400962
			6.17948683084809	-4.23076899207442
			6.17948683084809	-4.23931600013921
			6.18803383891289	-4.24786300820401
			6.18803383891289	-4.25641001626881
			6.18803383891289	-4.26495702433361
			6.18803383891289	-4.2735040323984
			6.19658084697768	-4.2820510404632
			6.19658084697768	-4.290598048528
			6.19658084697768	-4.29914505659279
			6.19658084697768	-4.30769206465759
			6.20512785504248	-4.31623907272239
			6.20512785504248	-4.32478608078718
			6.20512785504248	-4.33333308885198
			6.20512785504248	-4.34188009691678
			6.21367486310728	-4.35042710498157
			6.21367486310728	-4.35897411304637
			6.21367486310728	-4.36752112111117
			6.22222187117207	-4.37606812917596
			6.22222187117207	-4.38461513724076
			6.22222187117207	-4.39316214530556
			6.22222187117207	-4.40170915337035
			6.23076887923687	-4.41025616143515
			6.23076887923687	-4.41880316949995
			6.23076887923687	-4.42735017756474
			6.23076887923687	-4.43589718562954
			6.23931588730167	-4.44444419369434
			6.23931588730167	-4.45299120175913
			6.23931588730167	-4.46153820982393
			6.23931588730167	-4.47008521788873
			6.23931588730167	-4.47863222595353
			6.24786289536646	-4.48717923401832
			6.24786289536646	-4.49572624208312
			6.24786289536646	-4.50427325014792
			6.24786289536646	-4.51282025821271
			6.25640990343126	-4.52136726627751
			6.25640990343126	-4.52991427434231
			6.25640990343126	-4.5384612824071
			6.25640990343126	-4.5470082904719
			6.26495691149606	-4.5555552985367
			6.26495691149606	-4.56410230660149
			6.26495691149606	-4.57264931466629
			6.26495691149606	-4.58119632273109
			6.26495691149606	-4.58974333079588
			6.27350391956085	-4.59829033886068
			6.27350391956085	-4.60683734692548
			6.27350391956085	-4.61538435499027
			6.27350391956085	-4.62393136305507
			6.27350391956085	-4.63247837111987
			6.28205092762565	-4.64102537918466
			6.28205092762565	-4.64957238724946
			6.28205092762565	-4.65811939531426
			6.28205092762565	-4.66666640337905
			6.28205092762565	-4.67521341144385
			6.29059793569045	-4.68376041950865
			6.29059793569045	-4.69230742757344
			6.29059793569045	-4.70085443563824
			6.29059793569045	-4.70940144370304
			6.29059793569045	-4.71794845176784
			6.29059793569045	-4.72649545983263
			6.29914494375524	-4.73504246789743
			6.29914494375524	-4.74358947596223
			6.29914494375524	-4.75213648402702
			6.29914494375524	-4.76068349209182
			6.29914494375524	-4.76923050015662
			6.29914494375524	-4.77777750822141
			6.29914494375524	-4.78632451628621
			6.29914494375524	-4.79487152435101
			6.29059793569045	-4.8034185324158
		</curveLM07>
		<curveLM08 type=matrix rownames=FALSE colnames=FALSE nrow=33 ncol=2 as.numeric=TRUE >
			6.29059793569045	-4.8034185324158
			6.28205092762565	-4.8119655404806
			6.27350391956085	-4.8119655404806
			6.26495691149606	-4.8205125485454
			6.25640990343126	-4.8205125485454
			6.24786289536646	-4.82905955661019
			6.23931588730167	-4.82905955661019
			6.23076887923687	-4.82905955661019
			6.22222187117207	-4.82905955661019
			6.21367486310728	-4.82905955661019
			6.20512785504248	-4.82905955661019
			6.19658084697768	-4.82905955661019
			6.18803383891289	-4.82905955661019
			6.17948683084809	-4.8205125485454
			6.17093982278329	-4.8205125485454
			6.16239281471849	-4.8205125485454
			6.1538458066537	-4.8119655404806
			6.1452987985889	-4.8119655404806
			6.13675179052411	-4.8034185324158
			6.12820478245931	-4.79487152435101
			6.11965777439451	-4.79487152435101
			6.11111076632971	-4.78632451628621
			6.10256375826492	-4.78632451628621
			6.10256375826492	-4.77777750822141
			6.09401675020012	-4.77777750822141
			6.08546974213532	-4.77777750822141
			6.07692273407053	-4.76923050015662
			6.06837572600573	-4.76923050015662
			6.05982871794093	-4.76923050015662
			6.05128170987614	-4.76923050015662
			6.04273470181134	-4.77777750822141
			6.03418769374654	-4.77777750822141
			6.02564068568175	-4.77777750822141
		</curveLM08>
		<curveLM09 type=matrix rownames=FALSE colnames=FALSE nrow=54 ncol=2 as.numeric=TRUE >
			6.02564068568175	-4.77777750822141
			6.01709367761695	-4.77777750822141
			6.00854666955215	-4.78632451628621
			5.99999966148736	-4.78632451628621
			5.99145265342256	-4.79487152435101
			5.98290564535776	-4.79487152435101
			5.97435863729297	-4.8034185324158
			5.96581162922817	-4.8034185324158
			5.95726462116337	-4.8119655404806
			5.94871761309857	-4.8205125485454
			5.94017060503378	-4.82905955661019
			5.93162359696898	-4.83760656467499
			5.92307658890418	-4.84615357273979
			5.92307658890418	-4.85470058080458
			5.91452958083939	-4.86324758886938
			5.90598257277459	-4.87179459693418
			5.89743556470979	-4.88034160499897
			5.89743556470979	-4.88888861306377
			5.888888556645	-4.89743562112857
			5.888888556645	-4.90598262919336
			5.8803415485802	-4.91452963725816
			5.8803415485802	-4.92307664532296
			5.8803415485802	-4.93162365338776
			5.8717945405154	-4.94017066145255
			5.86324753245061	-4.94871766951735
			5.86324753245061	-4.95726467758215
			5.86324753245061	-4.96581168564694
			5.86324753245061	-4.97435869371174
			5.85470052438581	-4.98290570177654
			5.85470052438581	-4.99145270984133
			5.85470052438581	-4.99999971790613
			5.84615351632101	-5.00854672597093
			5.84615351632101	-5.01709373403572
			5.84615351632101	-5.02564074210052
			5.84615351632101	-5.03418775016532
			5.83760650825622	-5.04273475823011
			5.83760650825622	-5.05128176629491
			5.83760650825622	-5.05982877435971
			5.83760650825622	-5.0683757824245
			5.83760650825622	-5.0769227904893
			5.82905950019142	-5.0769227904893
			5.82905950019142	-5.0854697985541
			5.82905950019142	-5.0940168066189
			5.82051249212662	-5.10256381468369
			5.82051249212662	-5.11111082274849
			5.81196548406183	-5.11965783081328
			5.80341847599703	-5.12820483887808
			5.80341847599703	-5.13675184694288
			5.79487146793223	-5.13675184694288
			5.78632445986744	-5.13675184694288
			5.77777745180264	-5.14529885500768
			5.76923044373784	-5.14529885500768
			5.76068343567305	-5.13675184694288
			5.75213642760825	-5.13675184694288
		</curveLM09>
		<curveLM10 type=matrix rownames=FALSE colnames=FALSE nrow=53 ncol=2 as.numeric=TRUE >
			5.75213642760825	-5.13675184694288
			5.74358941954345	-5.13675184694288
			5.73504241147865	-5.13675184694288
			5.72649540341386	-5.13675184694288
			5.71794839534906	-5.13675184694288
			5.70940138728426	-5.12820483887808
			5.70085437921947	-5.12820483887808
			5.69230737115467	-5.11965783081328
			5.68376036308987	-5.11965783081328
			5.67521335502508	-5.11111082274849
			5.67521335502508	-5.10256381468369
			5.66666634696028	-5.0940168066189
			5.65811933889548	-5.0854697985541
			5.65811933889548	-5.0769227904893
			5.64957233083069	-5.0683757824245
			5.64102532276589	-5.05982877435971
			5.64102532276589	-5.05128176629491
			5.63247831470109	-5.04273475823011
			5.63247831470109	-5.03418775016532
			5.63247831470109	-5.02564074210052
			5.6239313066363	-5.01709373403572
			5.6239313066363	-5.00854672597093
			5.6239313066363	-4.99999971790613
			5.6239313066363	-4.99145270984133
			5.6153842985715	-4.98290570177654
			5.6153842985715	-4.97435869371174
			5.6153842985715	-4.96581168564694
			5.6153842985715	-4.95726467758215
			5.6153842985715	-4.94871766951735
			5.6153842985715	-4.94017066145255
			5.6239313066363	-4.94017066145255
			5.6239313066363	-4.93162365338776
			5.6239313066363	-4.92307664532296
			5.6239313066363	-4.91452963725816
			5.6239313066363	-4.90598262919336
			5.6239313066363	-4.89743562112857
			5.6239313066363	-4.88888861306377
			5.6153842985715	-4.88034160499897
			5.6153842985715	-4.87179459693418
			5.6153842985715	-4.86324758886938
			5.6153842985715	-4.85470058080458
			5.6153842985715	-4.84615357273979
			5.6068372905067	-4.83760656467499
			5.6068372905067	-4.82905955661019
			5.59829028244191	-4.8205125485454
			5.59829028244191	-4.8119655404806
			5.58974327437711	-4.8119655404806
			5.58974327437711	-4.8034185324158
			5.58119626631231	-4.79487152435101
			5.57264925824752	-4.79487152435101
			5.57264925824752	-4.78632451628621
			5.56410225018272	-4.78632451628621
			5.55555524211792	-4.77777750822141
		</curveLM10>
		<curveLM11 type=matrix rownames=FALSE colnames=FALSE nrow=37 ncol=2 as.numeric=TRUE >
			5.55555524211792	-4.77777750822141
			5.54700823405313	-4.76923050015662
			5.53846122598833	-4.76923050015662
			5.52991421792353	-4.76923050015662
			5.52136720985874	-4.76068349209182
			5.51282020179394	-4.76068349209182
			5.50427319372914	-4.76068349209182
			5.49572618566434	-4.76068349209182
			5.48717917759955	-4.76068349209182
			5.47863216953475	-4.76068349209182
			5.47008516146995	-4.76068349209182
			5.46153815340516	-4.76068349209182
			5.45299114534036	-4.76068349209182
			5.44444413727556	-4.76923050015662
			5.43589712921077	-4.76923050015662
			5.42735012114597	-4.77777750822141
			5.41880311308117	-4.77777750822141
			5.41025610501638	-4.78632451628621
			5.40170909695158	-4.78632451628621
			5.39316208888678	-4.79487152435101
			5.38461508082199	-4.8034185324158
			5.37606807275719	-4.8119655404806
			5.36752106469239	-4.8205125485454
			5.3589740566276	-4.8205125485454
			5.3504270485628	-4.82905955661019
			5.341880040498	-4.82905955661019
			5.33333303243321	-4.82905955661019
			5.32478602436841	-4.83760656467499
			5.31623901630361	-4.83760656467499
			5.30769200823882	-4.83760656467499
			5.29914500017402	-4.83760656467499
			5.29059799210922	-4.83760656467499
			5.28205098404442	-4.83760656467499
			5.27350397597963	-4.83760656467499
			5.26495696791483	-4.82905955661019
			5.25640995985003	-4.82905955661019
			5.25640995985003	-4.8205125485454
		</curveLM11>
		<curveLM12 type=matrix rownames=FALSE colnames=FALSE nrow=239 ncol=2 as.numeric=TRUE >
			5.25640995985003	-4.8205125485454
			5.25640995985003	-4.8119655404806
			5.25640995985003	-4.8034185324158
			5.25640995985003	-4.79487152435101
			5.25640995985003	-4.78632451628621
			5.25640995985003	-4.77777750822141
			5.25640995985003	-4.76923050015662
			5.25640995985003	-4.76068349209182
			5.25640995985003	-4.75213648402702
			5.26495696791483	-4.74358947596223
			5.26495696791483	-4.73504246789743
			5.26495696791483	-4.72649545983263
			5.26495696791483	-4.71794845176784
			5.26495696791483	-4.70940144370304
			5.26495696791483	-4.70085443563824
			5.27350397597963	-4.69230742757344
			5.27350397597963	-4.68376041950865
			5.27350397597963	-4.67521341144385
			5.27350397597963	-4.66666640337905
			5.27350397597963	-4.65811939531426
			5.28205098404442	-4.64957238724946
			5.28205098404442	-4.64102537918466
			5.28205098404442	-4.63247837111987
			5.28205098404442	-4.62393136305507
			5.28205098404442	-4.61538435499027
			5.29059799210922	-4.61538435499027
			5.29059799210922	-4.60683734692548
			5.29059799210922	-4.59829033886068
			5.29059799210922	-4.58974333079588
			5.29059799210922	-4.58119632273109
			5.29059799210922	-4.57264931466629
			5.29914500017402	-4.56410230660149
			5.29914500017402	-4.5555552985367
			5.29914500017402	-4.5470082904719
			5.29914500017402	-4.5384612824071
			5.30769200823882	-4.5384612824071
			5.30769200823882	-4.52991427434231
			5.30769200823882	-4.52136726627751
			5.30769200823882	-4.51282025821271
			5.30769200823882	-4.50427325014792
			5.31623901630361	-4.49572624208312
			5.31623901630361	-4.48717923401832
			5.31623901630361	-4.47863222595353
			5.31623901630361	-4.47008521788873
			5.31623901630361	-4.46153820982393
			5.32478602436841	-4.46153820982393
			5.32478602436841	-4.45299120175913
			5.32478602436841	-4.44444419369434
			5.32478602436841	-4.43589718562954
			5.32478602436841	-4.42735017756474
			5.33333303243321	-4.41880316949995
			5.33333303243321	-4.41025616143515
			5.33333303243321	-4.40170915337035
			5.33333303243321	-4.39316214530556
			5.341880040498	-4.38461513724076
			5.341880040498	-4.37606812917596
			5.341880040498	-4.36752112111117
			5.341880040498	-4.35897411304637
			5.341880040498	-4.35042710498157
			5.3504270485628	-4.35042710498157
			5.3504270485628	-4.34188009691678
			5.3504270485628	-4.33333308885198
			5.3504270485628	-4.32478608078718
			5.3589740566276	-4.31623907272239
			5.3589740566276	-4.30769206465759
			5.3589740566276	-4.29914505659279
			5.3589740566276	-4.290598048528
			5.3589740566276	-4.2820510404632
			5.36752106469239	-4.2820510404632
			5.36752106469239	-4.2735040323984
			5.36752106469239	-4.26495702433361
			5.36752106469239	-4.25641001626881
			5.36752106469239	-4.24786300820401
			5.37606807275719	-4.23931600013921
			5.37606807275719	-4.23076899207442
			5.37606807275719	-4.22222198400962
			5.37606807275719	-4.21367497594482
			5.38461508082199	-4.20512796788003
			5.38461508082199	-4.19658095981523
			5.38461508082199	-4.18803395175043
			5.38461508082199	-4.17948694368564
			5.39316208888678	-4.17093993562084
			5.39316208888678	-4.16239292755604
			5.39316208888678	-4.15384591949125
			5.39316208888678	-4.14529891142645
			5.39316208888678	-4.13675190336165
			5.40170909695158	-4.13675190336165
			5.40170909695158	-4.12820489529686
			5.40170909695158	-4.11965788723206
			5.40170909695158	-4.11111087916726
			5.40170909695158	-4.10256387110247
			5.41025610501638	-4.10256387110247
			5.41025610501638	-4.09401686303767
			5.41025610501638	-4.08546985497287
			5.41025610501638	-4.07692284690807
			5.41025610501638	-4.06837583884328
			5.41880311308117	-4.05982883077848
			5.41880311308117	-4.05128182271369
			5.41880311308117	-4.04273481464889
			5.42735012114597	-4.03418780658409
			5.42735012114597	-4.02564079851929
			5.42735012114597	-4.0170937904545
			5.42735012114597	-4.0085467823897
			5.43589712921077	-3.9999997743249
			5.43589712921077	-3.99145276626011
			5.43589712921077	-3.98290575819531
			5.43589712921077	-3.97435875013051
			5.43589712921077	-3.96581174206572
			5.44444413727556	-3.96581174206572
			5.44444413727556	-3.95726473400092
			5.44444413727556	-3.94871772593612
			5.44444413727556	-3.94017071787133
			5.45299114534036	-3.93162370980653
			5.45299114534036	-3.92307670174173
			5.45299114534036	-3.91452969367694
			5.45299114534036	-3.90598268561214
			5.46153815340516	-3.90598268561214
			5.46153815340516	-3.89743567754734
			5.46153815340516	-3.88888866948255
			5.46153815340516	-3.88034166141775
			5.46153815340516	-3.87179465335295
			5.47008516146995	-3.86324764528816
			5.47008516146995	-3.85470063722336
			5.47008516146995	-3.84615362915856
			5.47863216953475	-3.83760662109376
			5.47863216953475	-3.82905961302897
			5.47863216953475	-3.82051260496417
			5.47863216953475	-3.81196559689937
			5.48717917759955	-3.80341858883458
			5.48717917759955	-3.79487158076978
			5.48717917759955	-3.78632457270498
			5.48717917759955	-3.77777756464019
			5.49572618566434	-3.76923055657539
			5.49572618566434	-3.76068354851059
			5.49572618566434	-3.7521365404458
			5.49572618566434	-3.743589532381
			5.50427319372914	-3.7350425243162
			5.50427319372914	-3.72649551625141
			5.50427319372914	-3.71794850818661
			5.50427319372914	-3.70940150012181
			5.51282020179394	-3.70085449205702
			5.51282020179394	-3.69230748399222
			5.51282020179394	-3.68376047592742
			5.51282020179394	-3.67521346786263
			5.52136720985874	-3.67521346786263
			5.52136720985874	-3.66666645979783
			5.52136720985874	-3.65811945173303
			5.52136720985874	-3.64957244366824
			5.52991421792353	-3.64102543560344
			5.52991421792353	-3.63247842753864
			5.52991421792353	-3.62393141947384
			5.52991421792353	-3.61538441140905
			5.53846122598833	-3.60683740334425
			5.53846122598833	-3.59829039527945
			5.53846122598833	-3.58974338721466
			5.54700823405313	-3.58119637914986
			5.54700823405313	-3.57264937108506
			5.54700823405313	-3.56410236302027
			5.55555524211792	-3.55555535495547
			5.55555524211792	-3.54700834689067
			5.55555524211792	-3.53846133882588
			5.55555524211792	-3.52991433076108
			5.56410225018272	-3.52136732269628
			5.56410225018272	-3.51282031463149
			5.56410225018272	-3.50427330656669
			5.56410225018272	-3.49572629850189
			5.57264925824752	-3.4871792904371
			5.57264925824752	-3.4786322823723
			5.57264925824752	-3.4700852743075
			5.57264925824752	-3.46153826624271
			5.58119626631231	-3.45299125817791
			5.58119626631231	-3.44444425011311
			5.58119626631231	-3.43589724204831
			5.58119626631231	-3.42735023398352
			5.58974327437711	-3.41880322591872
			5.58974327437711	-3.41025621785392
			5.59829028244191	-3.40170920978913
			5.59829028244191	-3.39316220172433
			5.59829028244191	-3.38461519365953
			5.59829028244191	-3.37606818559474
			5.6068372905067	-3.36752117752994
			5.6068372905067	-3.35897416946514
			5.6068372905067	-3.35042716140035
			5.6068372905067	-3.34188015333555
			5.6153842985715	-3.33333314527075
			5.6153842985715	-3.32478613720596
			5.6153842985715	-3.31623912914116
			5.6239313066363	-3.30769212107636
			5.6239313066363	-3.29914511301157
			5.6239313066363	-3.29059810494677
			5.63247831470109	-3.28205109688197
			5.63247831470109	-3.27350408881718
			5.63247831470109	-3.26495708075238
			5.63247831470109	-3.25641007268758
			5.64102532276589	-3.24786306462279
			5.64102532276589	-3.23931605655799
			5.64102532276589	-3.23076904849319
			5.64102532276589	-3.22222204042839
			5.64957233083069	-3.2136750323636
			5.64957233083069	-3.2051280242988
			5.65811933889548	-3.196581016234
			5.65811933889548	-3.18803400816921
			5.65811933889548	-3.17948700010441
			5.65811933889548	-3.17093999203961
			5.66666634696028	-3.16239298397482
			5.66666634696028	-3.15384597591002
			5.66666634696028	-3.14529896784522
			5.67521335502508	-3.13675195978043
			5.67521335502508	-3.12820495171563
			5.67521335502508	-3.11965794365083
			5.67521335502508	-3.11111093558604
			5.68376036308987	-3.11111093558604
			5.68376036308987	-3.10256392752124
			5.68376036308987	-3.09401691945644
			5.69230737115467	-3.08546991139165
			5.69230737115467	-3.07692290332685
			5.69230737115467	-3.06837589526205
			5.70085437921947	-3.05982888719726
			5.70085437921947	-3.05128187913246
			5.70085437921947	-3.04273487106766
			5.70085437921947	-3.03418786300287
			5.70940138728426	-3.03418786300287
			5.70940138728426	-3.02564085493807
			5.70940138728426	-3.01709384687327
			5.71794839534906	-3.00854683880847
			5.71794839534906	-2.99999983074368
			5.72649540341386	-2.99145282267888
			5.72649540341386	-2.98290581461408
			5.72649540341386	-2.97435880654929
			5.72649540341386	-2.96581179848449
			5.73504241147865	-2.96581179848449
			5.73504241147865	-2.95726479041969
			5.73504241147865	-2.9487177823549
			5.74358941954345	-2.9401707742901
			5.74358941954345	-2.9316237662253
			5.75213642760825	-2.92307675816051
			5.76068343567305	-2.91452975009571
			5.76068343567305	-2.90598274203091
			5.76923044373784	-2.90598274203091
		</curveLM12>
	</curves.scaled>
	<ruler.points type=matrix rownames=TRUE colnames=FALSE nrow=5 ncol=2 as.numeric=TRUE >
		Ruler point 1	210	814
		Ruler point 2	327	813
		Ruler point 3	444	813
		Ruler point 4	562	814
		Ruler point 5	678	814
	</ruler.points>
</shapes>

