<shapes type=list>
	<ruler.pixel type=vector names=FALSE length=1 as.numeric=TRUE >117.50003606193</ruler.pixel>
	<ruler.interval type=vector names=FALSE length=1 as.numeric=TRUE >1</ruler.interval>
	<scaling.units type=vector names=FALSE length=1 as.numeric=FALSE >cm</scaling.units>
	<scaling type=vector names=FALSE length=1 as.numeric=TRUE >0.00851063568587279</scaling>
	<landmarks.pixel type=matrix rownames=TRUE colnames=FALSE nrow=6 ncol=2 as.numeric=TRUE >
		LM01	685	320
		LM02	760	514
		LM03	716	519
		LM04	684	603
		LM05	641	515
		LM06	596	506
	</landmarks.pixel>
	<landmarks.scaled type=matrix rownames=TRUE colnames=FALSE nrow=6 ncol=2 as.numeric=TRUE >
		LM01	5.82978544482286	-2.72340341947929
		LM02	6.46808312126332	-4.37446674253861
		LM03	6.09361515108492	-4.41701992096798
		LM04	5.82127480913699	-5.13191331858129
		LM05	5.45531747464446	-4.38297737822449
		LM06	5.07233886878018	-4.30638165705163
	</landmarks.scaled>
	<curves.control type=list>
		<curveLM07 type=matrix rownames=FALSE colnames=FALSE nrow=7 ncol=2 as.numeric=TRUE >
			685	320
			692	337
			710	360
			728	410
			760	482
			760	502
			760	514
		</curveLM07>
		<curveLM08 type=matrix rownames=FALSE colnames=FALSE nrow=5 ncol=2 as.numeric=TRUE >
			760	514
			745	518
			733	514
			720	515
			716	519
		</curveLM08>
		<curveLM09 type=matrix rownames=FALSE colnames=FALSE nrow=5 ncol=2 as.numeric=TRUE >
			716	519
			709	526
			707	579
			705	590
			684	603
		</curveLM09>
		<curveLM10 type=matrix rownames=FALSE colnames=FALSE nrow=5 ncol=2 as.numeric=TRUE >
			684	603
			662	599
			656	557
			653	533
			641	515
		</curveLM10>
		<curveLM11 type=matrix rownames=FALSE colnames=FALSE nrow=5 ncol=2 as.numeric=TRUE >
			641	515
			620	515
			603	512
			599	510
			596	506
		</curveLM11>
		<curveLM12 type=matrix rownames=FALSE colnames=FALSE nrow=7 ncol=2 as.numeric=TRUE >
			596	506
			595	496
			613	451
			639	391
			661	350
			679	320
			685	320
		</curveLM12>
	</curves.control>
	<curves.pixel type=list>
		<curveLM07 type=matrix rownames=FALSE colnames=FALSE nrow=204 ncol=2 as.numeric=TRUE >
			685	320
			685	321
			686	322
			686	323
			687	324
			687	325
			688	326
			688	327
			689	328
			689	329
			690	330
			690	331
			691	332
			692	333
			692	334
			693	335
			693	336
			694	336
			694	337
			694	338
			695	339
			696	340
			697	341
			697	342
			698	343
			698	344
			699	345
			700	346
			701	347
			701	348
			702	349
			702	350
			703	350
			703	351
			704	352
			705	353
			706	354
			706	355
			707	356
			707	357
			708	357
			709	358
			709	359
			710	360
			711	361
			711	362
			711	363
			711	364
			712	364
			712	365
			712	366
			713	367
			713	368
			713	369
			714	370
			714	371
			714	372
			715	372
			715	373
			715	374
			715	375
			716	376
			716	377
			717	378
			717	379
			717	380
			718	381
			718	382
			719	383
			719	384
			719	385
			720	386
			720	387
			721	388
			721	389
			721	390
			722	391
			722	392
			723	393
			723	394
			723	395
			724	396
			724	397
			724	398
			725	399
			725	400
			726	401
			726	402
			726	403
			727	404
			727	405
			728	406
			728	407
			728	408
			729	409
			729	410
			730	411
			730	412
			730	413
			731	414
			731	415
			732	416
			732	417
			732	418
			733	418
			733	419
			733	420
			734	420
			734	421
			734	422
			735	423
			735	424
			735	425
			736	426
			736	427
			737	428
			737	429
			738	430
			738	431
			738	432
			739	433
			739	434
			740	435
			740	436
			740	437
			741	438
			741	439
			742	440
			742	441
			743	442
			743	443
			743	444
			744	445
			744	446
			745	447
			745	448
			746	449
			746	450
			746	451
			747	451
			747	452
			747	453
			748	454
			748	455
			749	456
			749	457
			749	458
			750	459
			750	460
			751	460
			751	461
			751	462
			752	463
			752	464
			752	465
			753	466
			753	467
			754	468
			754	469
			755	470
			755	471
			756	472
			756	473
			757	474
			757	475
			757	476
			758	477
			758	478
			759	479
			759	480
			760	481
			760	482
			760	483
			760	484
			760	485
			760	486
			760	487
			760	488
			760	489
			760	490
			760	491
			760	492
			760	493
			760	494
			760	495
			760	496
			760	497
			760	498
			760	499
			760	500
			760	501
			760	502
			760	503
			760	504
			760	505
			760	506
			760	507
			760	508
			760	509
			760	510
			760	511
			760	512
			760	513
			760	514
		</curveLM07>
		<curveLM08 type=matrix rownames=FALSE colnames=FALSE nrow=48 ncol=2 as.numeric=TRUE >
			760	514
			759	514
			758	515
			757	515
			756	515
			755	515
			754	515
			753	515
			752	516
			751	516
			750	516
			749	516
			748	516
			747	516
			746	516
			745	516
			744	516
			743	516
			742	516
			741	516
			740	516
			739	515
			738	515
			737	515
			736	515
			735	515
			734	514
			733	514
			732	514
			731	514
			730	514
			729	514
			728	514
			728	515
			727	515
			726	515
			725	515
			724	515
			723	516
			722	516
			721	516
			720	516
			720	517
			719	517
			718	517
			718	518
			717	518
			716	519
		</curveLM08>
		<curveLM09 type=matrix rownames=FALSE colnames=FALSE nrow=91 ncol=2 as.numeric=TRUE >
			716	519
			715	520
			714	521
			714	522
			714	523
			713	524
			713	525
			713	526
			712	527
			712	528
			712	529
			712	530
			711	531
			711	532
			711	533
			711	534
			711	535
			711	536
			710	536
			710	537
			710	538
			710	539
			710	540
			710	541
			710	542
			709	543
			709	544
			709	545
			709	546
			709	547
			709	548
			709	549
			709	550
			709	551
			709	552
			708	553
			708	554
			708	555
			708	556
			708	557
			708	558
			708	559
			708	560
			708	561
			708	562
			708	563
			708	564
			708	565
			708	566
			708	567
			707	568
			707	569
			707	570
			707	571
			707	572
			707	573
			707	574
			707	575
			707	576
			707	577
			707	578
			707	579
			707	580
			706	581
			706	582
			706	583
			705	584
			705	585
			704	586
			703	587
			703	588
			702	589
			701	590
			700	590
			699	591
			698	592
			697	593
			696	594
			695	595
			694	596
			693	597
			692	598
			691	598
			690	599
			689	599
			689	600
			688	601
			687	601
			686	602
			685	603
			684	603
		</curveLM09>
		<curveLM10 type=matrix rownames=FALSE colnames=FALSE nrow=100 ncol=2 as.numeric=TRUE >
			684	603
			683	603
			682	603
			681	602
			680	602
			679	601
			678	601
			677	601
			676	600
			675	600
			674	599
			674	598
			673	598
			672	597
			671	596
			670	595
			669	594
			668	593
			668	592
			667	591
			667	590
			666	590
			666	589
			665	588
			665	587
			664	586
			664	585
			663	585
			663	584
			663	583
			662	582
			662	581
			661	580
			661	579
			661	578
			660	577
			660	576
			660	575
			660	574
			659	574
			659	573
			659	572
			659	571
			658	570
			658	569
			658	568
			658	567
			658	566
			657	565
			657	564
			657	563
			657	562
			657	561
			656	560
			656	559
			656	558
			656	557
			656	556
			656	555
			656	554
			655	553
			655	552
			655	551
			655	550
			655	549
			655	548
			654	547
			654	546
			654	545
			654	544
			653	543
			653	542
			653	541
			653	540
			652	539
			652	538
			652	537
			651	537
			651	536
			651	535
			651	534
			650	533
			650	532
			650	531
			649	530
			648	529
			648	528
			648	527
			647	526
			647	525
			646	524
			646	523
			645	522
			645	521
			644	520
			643	519
			643	518
			642	517
			642	516
			641	515
		</curveLM10>
		<curveLM11 type=matrix rownames=FALSE colnames=FALSE nrow=49 ncol=2 as.numeric=TRUE >
			641	515
			640	515
			639	515
			638	515
			637	515
			636	515
			635	515
			634	515
			633	515
			632	515
			631	515
			630	515
			629	515
			628	515
			627	515
			626	515
			625	515
			624	514
			623	514
			622	514
			621	514
			620	514
			619	514
			618	514
			617	514
			616	514
			615	514
			614	514
			613	513
			612	513
			611	513
			610	513
			609	513
			608	513
			607	513
			606	513
			606	512
			605	512
			604	512
			603	512
			602	512
			602	511
			601	511
			600	510
			599	509
			598	509
			597	508
			597	507
			596	506
		</curveLM11>
		<curveLM12 type=matrix rownames=FALSE colnames=FALSE nrow=203 ncol=2 as.numeric=TRUE >
			596	506
			596	505
			596	504
			596	503
			596	502
			596	501
			597	500
			597	499
			597	498
			597	497
			597	496
			598	495
			598	494
			598	493
			598	492
			599	491
			599	490
			599	489
			599	488
			600	487
			600	486
			600	485
			601	484
			601	483
			601	482
			602	481
			602	480
			603	479
			603	478
			603	477
			603	476
			604	476
			604	475
			604	474
			604	473
			605	473
			605	472
			605	471
			606	470
			606	469
			606	468
			607	467
			607	466
			608	465
			608	464
			608	463
			609	462
			609	461
			610	460
			610	459
			610	458
			611	457
			611	456
			612	455
			612	454
			612	453
			613	452
			613	451
			613	450
			614	449
			614	448
			615	447
			615	446
			616	445
			616	444
			617	443
			617	442
			617	441
			618	440
			618	439
			619	438
			619	437
			620	436
			620	435
			621	434
			621	433
			621	432
			622	431
			622	430
			623	429
			623	428
			623	427
			624	427
			624	426
			625	425
			625	424
			625	423
			626	422
			626	421
			627	420
			627	419
			628	418
			628	417
			629	416
			629	415
			630	414
			630	413
			630	412
			631	411
			631	410
			632	409
			632	408
			633	407
			633	406
			633	405
			634	405
			634	404
			634	403
			635	403
			635	402
			635	401
			636	400
			636	399
			637	398
			638	397
			638	396
			638	395
			639	394
			639	393
			640	393
			640	392
			640	391
			641	390
			641	389
			641	388
			642	388
			642	387
			643	386
			643	385
			643	384
			644	384
			644	383
			645	382
			645	381
			645	380
			646	380
			646	379
			647	378
			647	377
			648	376
			648	375
			649	374
			649	373
			650	372
			650	371
			650	370
			651	369
			651	368
			652	368
			652	367
			653	366
			653	365
			654	364
			654	363
			655	362
			655	361
			655	360
			656	360
			656	359
			657	358
			657	357
			658	356
			658	355
			659	355
			659	354
			659	353
			660	352
			660	351
			661	350
			662	349
			662	348
			663	347
			664	346
			664	345
			665	344
			665	343
			666	342
			667	341
			667	340
			668	339
			669	338
			669	337
			670	336
			670	335
			671	335
			671	334
			672	333
			672	332
			673	331
			674	330
			675	329
			675	328
			676	327
			677	327
			677	326
			678	325
			679	324
			680	323
			681	322
			682	321
			683	321
			684	320
			685	320
		</curveLM12>
	</curves.pixel>
	<curves.scaled type=list>
		<curveLM07 type=matrix rownames=FALSE colnames=FALSE nrow=204 ncol=2 as.numeric=TRUE >
			5.82978544482286	-2.72340341947929
			5.82978544482286	-2.73191405516517
			5.83829608050874	-2.74042469085104
			5.83829608050874	-2.74893532653691
			5.84680671619461	-2.75744596222278
			5.84680671619461	-2.76595659790866
			5.85531735188048	-2.77446723359453
			5.85531735188048	-2.7829778692804
			5.86382798756635	-2.79148850496628
			5.86382798756635	-2.79999914065215
			5.87233862325223	-2.80850977633802
			5.87233862325223	-2.81702041202389
			5.8808492589381	-2.82553104770977
			5.88935989462397	-2.83404168339564
			5.88935989462397	-2.84255231908151
			5.89787053030984	-2.85106295476739
			5.89787053030984	-2.85957359045326
			5.90638116599572	-2.85957359045326
			5.90638116599572	-2.86808422613913
			5.90638116599572	-2.876594861825
			5.91489180168159	-2.88510549751088
			5.92340243736746	-2.89361613319675
			5.93191307305334	-2.90212676888262
			5.93191307305334	-2.91063740456849
			5.94042370873921	-2.91914804025437
			5.94042370873921	-2.92765867594024
			5.94893434442508	-2.93616931162611
			5.95744498011095	-2.94467994731199
			5.96595561579683	-2.95319058299786
			5.96595561579683	-2.96170121868373
			5.9744662514827	-2.9702118543696
			5.9744662514827	-2.97872249005548
			5.98297688716857	-2.97872249005548
			5.98297688716857	-2.98723312574135
			5.99148752285445	-2.99574376142722
			5.99999815854032	-3.0042543971131
			6.00850879422619	-3.01276503279897
			6.00850879422619	-3.02127566848484
			6.01701942991206	-3.02978630417071
			6.01701942991206	-3.03829693985659
			6.02553006559794	-3.03829693985659
			6.03404070128381	-3.04680757554246
			6.03404070128381	-3.05531821122833
			6.04255133696968	-3.0638288469142
			6.05106197265556	-3.07233948260008
			6.05106197265556	-3.08085011828595
			6.05106197265556	-3.08936075397182
			6.05106197265556	-3.0978713896577
			6.05957260834143	-3.0978713896577
			6.05957260834143	-3.10638202534357
			6.05957260834143	-3.11489266102944
			6.0680832440273	-3.12340329671531
			6.0680832440273	-3.13191393240119
			6.0680832440273	-3.14042456808706
			6.07659387971317	-3.14893520377293
			6.07659387971317	-3.15744583945881
			6.07659387971317	-3.16595647514468
			6.08510451539905	-3.16595647514468
			6.08510451539905	-3.17446711083055
			6.08510451539905	-3.18297774651642
			6.08510451539905	-3.1914883822023
			6.09361515108492	-3.19999901788817
			6.09361515108492	-3.20850965357404
			6.10212578677079	-3.21702028925992
			6.10212578677079	-3.22553092494579
			6.10212578677079	-3.23404156063166
			6.11063642245666	-3.24255219631753
			6.11063642245666	-3.25106283200341
			6.11914705814254	-3.25957346768928
			6.11914705814254	-3.26808410337515
			6.11914705814254	-3.27659473906102
			6.12765769382841	-3.2851053747469
			6.12765769382841	-3.29361601043277
			6.13616832951428	-3.30212664611864
			6.13616832951428	-3.31063728180452
			6.13616832951428	-3.31914791749039
			6.14467896520016	-3.32765855317626
			6.14467896520016	-3.33616918886213
			6.15318960088603	-3.34467982454801
			6.15318960088603	-3.35319046023388
			6.15318960088603	-3.36170109591975
			6.1617002365719	-3.37021173160563
			6.1617002365719	-3.3787223672915
			6.1617002365719	-3.38723300297737
			6.17021087225777	-3.39574363866324
			6.17021087225777	-3.40425427434912
			6.17872150794365	-3.41276491003499
			6.17872150794365	-3.42127554572086
			6.17872150794365	-3.42978618140673
			6.18723214362952	-3.43829681709261
			6.18723214362952	-3.44680745277848
			6.19574277931539	-3.45531808846435
			6.19574277931539	-3.46382872415023
			6.19574277931539	-3.4723393598361
			6.20425341500126	-3.48084999552197
			6.20425341500126	-3.48936063120784
			6.21276405068714	-3.49787126689372
			6.21276405068714	-3.50638190257959
			6.21276405068714	-3.51489253826546
			6.22127468637301	-3.52340317395134
			6.22127468637301	-3.53191380963721
			6.22978532205888	-3.54042444532308
			6.22978532205888	-3.54893508100895
			6.22978532205888	-3.55744571669483
			6.23829595774476	-3.55744571669483
			6.23829595774476	-3.5659563523807
			6.23829595774476	-3.57446698806657
			6.24680659343063	-3.57446698806657
			6.24680659343063	-3.58297762375245
			6.24680659343063	-3.59148825943832
			6.2553172291165	-3.59999889512419
			6.2553172291165	-3.60850953081006
			6.2553172291165	-3.61702016649594
			6.26382786480237	-3.62553080218181
			6.26382786480237	-3.63404143786768
			6.27233850048825	-3.64255207355355
			6.27233850048825	-3.65106270923943
			6.28084913617412	-3.6595733449253
			6.28084913617412	-3.66808398061117
			6.28084913617412	-3.67659461629705
			6.28935977185999	-3.68510525198292
			6.28935977185999	-3.69361588766879
			6.29787040754587	-3.70212652335466
			6.29787040754587	-3.71063715904054
			6.29787040754587	-3.71914779472641
			6.30638104323174	-3.72765843041228
			6.30638104323174	-3.73616906609816
			6.31489167891761	-3.74467970178403
			6.31489167891761	-3.7531903374699
			6.32340231460348	-3.76170097315577
			6.32340231460348	-3.77021160884165
			6.32340231460348	-3.77872224452752
			6.33191295028936	-3.78723288021339
			6.33191295028936	-3.79574351589926
			6.34042358597523	-3.80425415158514
			6.34042358597523	-3.81276478727101
			6.3489342216611	-3.82127542295688
			6.3489342216611	-3.82978605864276
			6.3489342216611	-3.83829669432863
			6.35744485734698	-3.83829669432863
			6.35744485734698	-3.8468073300145
			6.35744485734698	-3.85531796570037
			6.36595549303285	-3.86382860138625
			6.36595549303285	-3.87233923707212
			6.37446612871872	-3.88084987275799
			6.37446612871872	-3.88936050844387
			6.37446612871872	-3.89787114412974
			6.38297676440459	-3.90638177981561
			6.38297676440459	-3.91489241550148
			6.39148740009047	-3.91489241550148
			6.39148740009047	-3.92340305118736
			6.39148740009047	-3.93191368687323
			6.39999803577634	-3.9404243225591
			6.39999803577634	-3.94893495824498
			6.39999803577634	-3.95744559393085
			6.40850867146221	-3.96595622961672
			6.40850867146221	-3.97446686530259
			6.41701930714808	-3.98297750098847
			6.41701930714808	-3.99148813667434
			6.42552994283396	-3.99999877236021
			6.42552994283396	-4.00850940804609
			6.43404057851983	-4.01702004373196
			6.43404057851983	-4.02553067941783
			6.4425512142057	-4.0340413151037
			6.4425512142057	-4.04255195078958
			6.4425512142057	-4.05106258647545
			6.45106184989158	-4.05957322216132
			6.45106184989158	-4.06808385784719
			6.45957248557745	-4.07659449353307
			6.45957248557745	-4.08510512921894
			6.46808312126332	-4.09361576490481
			6.46808312126332	-4.10212640059069
			6.46808312126332	-4.11063703627656
			6.46808312126332	-4.11914767196243
			6.46808312126332	-4.1276583076483
			6.46808312126332	-4.13616894333418
			6.46808312126332	-4.14467957902005
			6.46808312126332	-4.15319021470592
			6.46808312126332	-4.16170085039179
			6.46808312126332	-4.17021148607767
			6.46808312126332	-4.17872212176354
			6.46808312126332	-4.18723275744941
			6.46808312126332	-4.19574339313529
			6.46808312126332	-4.20425402882116
			6.46808312126332	-4.21276466450703
			6.46808312126332	-4.2212753001929
			6.46808312126332	-4.22978593587878
			6.46808312126332	-4.23829657156465
			6.46808312126332	-4.24680720725052
			6.46808312126332	-4.2553178429364
			6.46808312126332	-4.26382847862227
			6.46808312126332	-4.27233911430814
			6.46808312126332	-4.28084974999401
			6.46808312126332	-4.28936038567989
			6.46808312126332	-4.29787102136576
			6.46808312126332	-4.30638165705163
			6.46808312126332	-4.31489229273751
			6.46808312126332	-4.32340292842338
			6.46808312126332	-4.33191356410925
			6.46808312126332	-4.34042419979512
			6.46808312126332	-4.348934835481
			6.46808312126332	-4.35744547116687
			6.46808312126332	-4.36595610685274
			6.46808312126332	-4.37446674253861
		</curveLM07>
		<curveLM08 type=matrix rownames=FALSE colnames=FALSE nrow=48 ncol=2 as.numeric=TRUE >
			6.46808312126332	-4.37446674253861
			6.45957248557745	-4.37446674253861
			6.45106184989158	-4.38297737822449
			6.4425512142057	-4.38297737822449
			6.43404057851983	-4.38297737822449
			6.42552994283396	-4.38297737822449
			6.41701930714808	-4.38297737822449
			6.40850867146221	-4.38297737822449
			6.39999803577634	-4.39148801391036
			6.39148740009047	-4.39148801391036
			6.38297676440459	-4.39148801391036
			6.37446612871872	-4.39148801391036
			6.36595549303285	-4.39148801391036
			6.35744485734698	-4.39148801391036
			6.3489342216611	-4.39148801391036
			6.34042358597523	-4.39148801391036
			6.33191295028936	-4.39148801391036
			6.32340231460348	-4.39148801391036
			6.31489167891761	-4.39148801391036
			6.30638104323174	-4.39148801391036
			6.29787040754587	-4.39148801391036
			6.28935977185999	-4.38297737822449
			6.28084913617412	-4.38297737822449
			6.27233850048825	-4.38297737822449
			6.26382786480237	-4.38297737822449
			6.2553172291165	-4.38297737822449
			6.24680659343063	-4.37446674253861
			6.23829595774476	-4.37446674253861
			6.22978532205888	-4.37446674253861
			6.22127468637301	-4.37446674253861
			6.21276405068714	-4.37446674253861
			6.20425341500126	-4.37446674253861
			6.19574277931539	-4.37446674253861
			6.19574277931539	-4.38297737822449
			6.18723214362952	-4.38297737822449
			6.17872150794365	-4.38297737822449
			6.17021087225777	-4.38297737822449
			6.1617002365719	-4.38297737822449
			6.15318960088603	-4.39148801391036
			6.14467896520016	-4.39148801391036
			6.13616832951428	-4.39148801391036
			6.12765769382841	-4.39148801391036
			6.12765769382841	-4.39999864959623
			6.11914705814254	-4.39999864959623
			6.11063642245666	-4.39999864959623
			6.11063642245666	-4.40850928528211
			6.10212578677079	-4.40850928528211
			6.09361515108492	-4.41701992096798
		</curveLM08>
		<curveLM09 type=matrix rownames=FALSE colnames=FALSE nrow=91 ncol=2 as.numeric=TRUE >
			6.09361515108492	-4.41701992096798
			6.08510451539905	-4.42553055665385
			6.07659387971317	-4.43404119233972
			6.07659387971317	-4.4425518280256
			6.07659387971317	-4.45106246371147
			6.0680832440273	-4.45957309939734
			6.0680832440273	-4.46808373508322
			6.0680832440273	-4.47659437076909
			6.05957260834143	-4.48510500645496
			6.05957260834143	-4.49361564214083
			6.05957260834143	-4.50212627782671
			6.05957260834143	-4.51063691351258
			6.05106197265556	-4.51914754919845
			6.05106197265556	-4.52765818488433
			6.05106197265556	-4.5361688205702
			6.05106197265556	-4.54467945625607
			6.05106197265556	-4.55319009194194
			6.05106197265556	-4.56170072762782
			6.04255133696968	-4.56170072762782
			6.04255133696968	-4.57021136331369
			6.04255133696968	-4.57872199899956
			6.04255133696968	-4.58723263468544
			6.04255133696968	-4.59574327037131
			6.04255133696968	-4.60425390605718
			6.04255133696968	-4.61276454174305
			6.03404070128381	-4.62127517742893
			6.03404070128381	-4.6297858131148
			6.03404070128381	-4.63829644880067
			6.03404070128381	-4.64680708448654
			6.03404070128381	-4.65531772017242
			6.03404070128381	-4.66382835585829
			6.03404070128381	-4.67233899154416
			6.03404070128381	-4.68084962723004
			6.03404070128381	-4.68936026291591
			6.03404070128381	-4.69787089860178
			6.02553006559794	-4.70638153428765
			6.02553006559794	-4.71489216997353
			6.02553006559794	-4.7234028056594
			6.02553006559794	-4.73191344134527
			6.02553006559794	-4.74042407703114
			6.02553006559794	-4.74893471271702
			6.02553006559794	-4.75744534840289
			6.02553006559794	-4.76595598408876
			6.02553006559794	-4.77446661977464
			6.02553006559794	-4.78297725546051
			6.02553006559794	-4.79148789114638
			6.02553006559794	-4.79999852683225
			6.02553006559794	-4.80850916251813
			6.02553006559794	-4.817019798204
			6.02553006559794	-4.82553043388987
			6.01701942991206	-4.83404106957575
			6.01701942991206	-4.84255170526162
			6.01701942991206	-4.85106234094749
			6.01701942991206	-4.85957297663336
			6.01701942991206	-4.86808361231924
			6.01701942991206	-4.87659424800511
			6.01701942991206	-4.88510488369098
			6.01701942991206	-4.89361551937685
			6.01701942991206	-4.90212615506273
			6.01701942991206	-4.9106367907486
			6.01701942991206	-4.91914742643447
			6.01701942991206	-4.92765806212035
			6.01701942991206	-4.93616869780622
			6.00850879422619	-4.94467933349209
			6.00850879422619	-4.95318996917796
			6.00850879422619	-4.96170060486384
			5.99999815854032	-4.97021124054971
			5.99999815854032	-4.97872187623558
			5.99148752285445	-4.98723251192146
			5.98297688716857	-4.99574314760733
			5.98297688716857	-5.0042537832932
			5.9744662514827	-5.01276441897907
			5.96595561579683	-5.02127505466495
			5.95744498011095	-5.02127505466495
			5.94893434442508	-5.02978569035082
			5.94042370873921	-5.03829632603669
			5.93191307305334	-5.04680696172257
			5.92340243736746	-5.05531759740844
			5.91489180168159	-5.06382823309431
			5.90638116599572	-5.07233886878018
			5.89787053030984	-5.08084950446606
			5.88935989462397	-5.08936014015193
			5.8808492589381	-5.08936014015193
			5.87233862325223	-5.0978707758378
			5.86382798756635	-5.0978707758378
			5.86382798756635	-5.10638141152367
			5.85531735188048	-5.11489204720955
			5.84680671619461	-5.11489204720955
			5.83829608050874	-5.12340268289542
			5.82978544482286	-5.13191331858129
			5.82127480913699	-5.13191331858129
		</curveLM09>
		<curveLM10 type=matrix rownames=FALSE colnames=FALSE nrow=100 ncol=2 as.numeric=TRUE >
			5.82127480913699	-5.13191331858129
			5.81276417345112	-5.13191331858129
			5.80425353776524	-5.13191331858129
			5.79574290207937	-5.12340268289542
			5.7872322663935	-5.12340268289542
			5.77872163070763	-5.11489204720955
			5.77021099502175	-5.11489204720955
			5.76170035933588	-5.11489204720955
			5.75318972365001	-5.10638141152367
			5.74467908796413	-5.10638141152367
			5.73616845227826	-5.0978707758378
			5.73616845227826	-5.08936014015193
			5.72765781659239	-5.08936014015193
			5.71914718090652	-5.08084950446606
			5.71063654522064	-5.07233886878018
			5.70212590953477	-5.06382823309431
			5.6936152738489	-5.05531759740844
			5.68510463816302	-5.04680696172257
			5.68510463816302	-5.03829632603669
			5.67659400247715	-5.02978569035082
			5.67659400247715	-5.02127505466495
			5.66808336679128	-5.02127505466495
			5.66808336679128	-5.01276441897907
			5.65957273110541	-5.0042537832932
			5.65957273110541	-4.99574314760733
			5.65106209541953	-4.98723251192146
			5.65106209541953	-4.97872187623558
			5.64255145973366	-4.97872187623558
			5.64255145973366	-4.97021124054971
			5.64255145973366	-4.96170060486384
			5.63404082404779	-4.95318996917796
			5.63404082404779	-4.94467933349209
			5.62553018836191	-4.93616869780622
			5.62553018836191	-4.92765806212035
			5.62553018836191	-4.91914742643447
			5.61701955267604	-4.9106367907486
			5.61701955267604	-4.90212615506273
			5.61701955267604	-4.89361551937685
			5.61701955267604	-4.88510488369098
			5.60850891699017	-4.88510488369098
			5.60850891699017	-4.87659424800511
			5.60850891699017	-4.86808361231924
			5.60850891699017	-4.85957297663336
			5.5999982813043	-4.85106234094749
			5.5999982813043	-4.84255170526162
			5.5999982813043	-4.83404106957575
			5.5999982813043	-4.82553043388987
			5.5999982813043	-4.817019798204
			5.59148764561842	-4.80850916251813
			5.59148764561842	-4.79999852683225
			5.59148764561842	-4.79148789114638
			5.59148764561842	-4.78297725546051
			5.59148764561842	-4.77446661977464
			5.58297700993255	-4.76595598408876
			5.58297700993255	-4.75744534840289
			5.58297700993255	-4.74893471271702
			5.58297700993255	-4.74042407703114
			5.58297700993255	-4.73191344134527
			5.58297700993255	-4.7234028056594
			5.58297700993255	-4.71489216997353
			5.57446637424668	-4.70638153428765
			5.57446637424668	-4.69787089860178
			5.57446637424668	-4.68936026291591
			5.57446637424668	-4.68084962723004
			5.57446637424668	-4.67233899154416
			5.57446637424668	-4.66382835585829
			5.56595573856081	-4.65531772017242
			5.56595573856081	-4.64680708448654
			5.56595573856081	-4.63829644880067
			5.56595573856081	-4.6297858131148
			5.55744510287493	-4.62127517742893
			5.55744510287493	-4.61276454174305
			5.55744510287493	-4.60425390605718
			5.55744510287493	-4.59574327037131
			5.54893446718906	-4.58723263468544
			5.54893446718906	-4.57872199899956
			5.54893446718906	-4.57021136331369
			5.54042383150319	-4.57021136331369
			5.54042383150319	-4.56170072762782
			5.54042383150319	-4.55319009194194
			5.54042383150319	-4.54467945625607
			5.53191319581731	-4.5361688205702
			5.53191319581731	-4.52765818488433
			5.53191319581731	-4.51914754919845
			5.52340256013144	-4.51063691351258
			5.51489192444557	-4.50212627782671
			5.51489192444557	-4.49361564214083
			5.51489192444557	-4.48510500645496
			5.5063812887597	-4.47659437076909
			5.5063812887597	-4.46808373508322
			5.49787065307382	-4.45957309939734
			5.49787065307382	-4.45106246371147
			5.48936001738795	-4.4425518280256
			5.48936001738795	-4.43404119233972
			5.48084938170208	-4.42553055665385
			5.4723387460162	-4.41701992096798
			5.4723387460162	-4.40850928528211
			5.46382811033033	-4.39999864959623
			5.46382811033033	-4.39148801391036
			5.45531747464446	-4.38297737822449
		</curveLM10>
		<curveLM11 type=matrix rownames=FALSE colnames=FALSE nrow=49 ncol=2 as.numeric=TRUE >
			5.45531747464446	-4.38297737822449
			5.44680683895859	-4.38297737822449
			5.43829620327271	-4.38297737822449
			5.42978556758684	-4.38297737822449
			5.42127493190097	-4.38297737822449
			5.4127642962151	-4.38297737822449
			5.40425366052922	-4.38297737822449
			5.39574302484335	-4.38297737822449
			5.38723238915748	-4.38297737822449
			5.3787217534716	-4.38297737822449
			5.37021111778573	-4.38297737822449
			5.36170048209986	-4.38297737822449
			5.35318984641399	-4.38297737822449
			5.34467921072811	-4.38297737822449
			5.33616857504224	-4.38297737822449
			5.32765793935637	-4.38297737822449
			5.3191473036705	-4.38297737822449
			5.31063666798462	-4.37446674253861
			5.30212603229875	-4.37446674253861
			5.29361539661288	-4.37446674253861
			5.285104760927	-4.37446674253861
			5.27659412524113	-4.37446674253861
			5.26808348955526	-4.37446674253861
			5.25957285386939	-4.37446674253861
			5.25106221818351	-4.37446674253861
			5.24255158249764	-4.37446674253861
			5.23404094681177	-4.37446674253861
			5.22553031112589	-4.37446674253861
			5.21701967544002	-4.36595610685274
			5.20850903975415	-4.36595610685274
			5.19999840406828	-4.36595610685274
			5.1914877683824	-4.36595610685274
			5.18297713269653	-4.36595610685274
			5.17446649701066	-4.36595610685274
			5.16595586132478	-4.36595610685274
			5.15744522563891	-4.36595610685274
			5.15744522563891	-4.35744547116687
			5.14893458995304	-4.35744547116687
			5.14042395426717	-4.35744547116687
			5.13191331858129	-4.35744547116687
			5.12340268289542	-4.35744547116687
			5.12340268289542	-4.348934835481
			5.11489204720955	-4.348934835481
			5.10638141152367	-4.34042419979512
			5.0978707758378	-4.33191356410925
			5.08936014015193	-4.33191356410925
			5.08084950446606	-4.32340292842338
			5.08084950446606	-4.31489229273751
			5.07233886878018	-4.30638165705163
		</curveLM11>
		<curveLM12 type=matrix rownames=FALSE colnames=FALSE nrow=203 ncol=2 as.numeric=TRUE >
			5.07233886878018	-4.30638165705163
			5.07233886878018	-4.29787102136576
			5.07233886878018	-4.28936038567989
			5.07233886878018	-4.28084974999401
			5.07233886878018	-4.27233911430814
			5.07233886878018	-4.26382847862227
			5.08084950446606	-4.2553178429364
			5.08084950446606	-4.24680720725052
			5.08084950446606	-4.23829657156465
			5.08084950446606	-4.22978593587878
			5.08084950446606	-4.2212753001929
			5.08936014015193	-4.21276466450703
			5.08936014015193	-4.20425402882116
			5.08936014015193	-4.19574339313529
			5.08936014015193	-4.18723275744941
			5.0978707758378	-4.17872212176354
			5.0978707758378	-4.17021148607767
			5.0978707758378	-4.16170085039179
			5.0978707758378	-4.15319021470592
			5.10638141152367	-4.14467957902005
			5.10638141152367	-4.13616894333418
			5.10638141152367	-4.1276583076483
			5.11489204720955	-4.11914767196243
			5.11489204720955	-4.11063703627656
			5.11489204720955	-4.10212640059069
			5.12340268289542	-4.09361576490481
			5.12340268289542	-4.08510512921894
			5.13191331858129	-4.07659449353307
			5.13191331858129	-4.06808385784719
			5.13191331858129	-4.05957322216132
			5.13191331858129	-4.05106258647545
			5.14042395426717	-4.05106258647545
			5.14042395426717	-4.04255195078958
			5.14042395426717	-4.0340413151037
			5.14042395426717	-4.02553067941783
			5.14893458995304	-4.02553067941783
			5.14893458995304	-4.01702004373196
			5.14893458995304	-4.00850940804609
			5.15744522563891	-3.99999877236021
			5.15744522563891	-3.99148813667434
			5.15744522563891	-3.98297750098847
			5.16595586132478	-3.97446686530259
			5.16595586132478	-3.96595622961672
			5.17446649701066	-3.95744559393085
			5.17446649701066	-3.94893495824498
			5.17446649701066	-3.9404243225591
			5.18297713269653	-3.93191368687323
			5.18297713269653	-3.92340305118736
			5.1914877683824	-3.91489241550148
			5.1914877683824	-3.90638177981561
			5.1914877683824	-3.89787114412974
			5.19999840406828	-3.88936050844387
			5.19999840406828	-3.88084987275799
			5.20850903975415	-3.87233923707212
			5.20850903975415	-3.86382860138625
			5.20850903975415	-3.85531796570037
			5.21701967544002	-3.8468073300145
			5.21701967544002	-3.83829669432863
			5.21701967544002	-3.82978605864276
			5.22553031112589	-3.82127542295688
			5.22553031112589	-3.81276478727101
			5.23404094681177	-3.80425415158514
			5.23404094681177	-3.79574351589926
			5.24255158249764	-3.78723288021339
			5.24255158249764	-3.77872224452752
			5.25106221818351	-3.77021160884165
			5.25106221818351	-3.76170097315577
			5.25106221818351	-3.7531903374699
			5.25957285386939	-3.74467970178403
			5.25957285386939	-3.73616906609816
			5.26808348955526	-3.72765843041228
			5.26808348955526	-3.71914779472641
			5.27659412524113	-3.71063715904054
			5.27659412524113	-3.70212652335466
			5.285104760927	-3.69361588766879
			5.285104760927	-3.68510525198292
			5.285104760927	-3.67659461629705
			5.29361539661288	-3.66808398061117
			5.29361539661288	-3.6595733449253
			5.30212603229875	-3.65106270923943
			5.30212603229875	-3.64255207355355
			5.30212603229875	-3.63404143786768
			5.31063666798462	-3.63404143786768
			5.31063666798462	-3.62553080218181
			5.3191473036705	-3.61702016649594
			5.3191473036705	-3.60850953081006
			5.3191473036705	-3.59999889512419
			5.32765793935637	-3.59148825943832
			5.32765793935637	-3.58297762375245
			5.33616857504224	-3.57446698806657
			5.33616857504224	-3.5659563523807
			5.34467921072811	-3.55744571669483
			5.34467921072811	-3.54893508100895
			5.35318984641399	-3.54042444532308
			5.35318984641399	-3.53191380963721
			5.36170048209986	-3.52340317395134
			5.36170048209986	-3.51489253826546
			5.36170048209986	-3.50638190257959
			5.37021111778573	-3.49787126689372
			5.37021111778573	-3.48936063120784
			5.3787217534716	-3.48084999552197
			5.3787217534716	-3.4723393598361
			5.38723238915748	-3.46382872415023
			5.38723238915748	-3.45531808846435
			5.38723238915748	-3.44680745277848
			5.39574302484335	-3.44680745277848
			5.39574302484335	-3.43829681709261
			5.39574302484335	-3.42978618140673
			5.40425366052922	-3.42978618140673
			5.40425366052922	-3.42127554572086
			5.40425366052922	-3.41276491003499
			5.4127642962151	-3.40425427434912
			5.4127642962151	-3.39574363866324
			5.42127493190097	-3.38723300297737
			5.42978556758684	-3.3787223672915
			5.42978556758684	-3.37021173160563
			5.42978556758684	-3.36170109591975
			5.43829620327271	-3.35319046023388
			5.43829620327271	-3.34467982454801
			5.44680683895859	-3.34467982454801
			5.44680683895859	-3.33616918886213
			5.44680683895859	-3.32765855317626
			5.45531747464446	-3.31914791749039
			5.45531747464446	-3.31063728180452
			5.45531747464446	-3.30212664611864
			5.46382811033033	-3.30212664611864
			5.46382811033033	-3.29361601043277
			5.4723387460162	-3.2851053747469
			5.4723387460162	-3.27659473906102
			5.4723387460162	-3.26808410337515
			5.48084938170208	-3.26808410337515
			5.48084938170208	-3.25957346768928
			5.48936001738795	-3.25106283200341
			5.48936001738795	-3.24255219631753
			5.48936001738795	-3.23404156063166
			5.49787065307382	-3.23404156063166
			5.49787065307382	-3.22553092494579
			5.5063812887597	-3.21702028925992
			5.5063812887597	-3.20850965357404
			5.51489192444557	-3.19999901788817
			5.51489192444557	-3.1914883822023
			5.52340256013144	-3.18297774651642
			5.52340256013144	-3.17446711083055
			5.53191319581731	-3.16595647514468
			5.53191319581731	-3.15744583945881
			5.53191319581731	-3.14893520377293
			5.54042383150319	-3.14042456808706
			5.54042383150319	-3.13191393240119
			5.54893446718906	-3.13191393240119
			5.54893446718906	-3.12340329671531
			5.55744510287493	-3.11489266102944
			5.55744510287493	-3.10638202534357
			5.56595573856081	-3.0978713896577
			5.56595573856081	-3.08936075397182
			5.57446637424668	-3.08085011828595
			5.57446637424668	-3.07233948260008
			5.57446637424668	-3.0638288469142
			5.58297700993255	-3.0638288469142
			5.58297700993255	-3.05531821122833
			5.59148764561842	-3.04680757554246
			5.59148764561842	-3.03829693985659
			5.5999982813043	-3.02978630417071
			5.5999982813043	-3.02127566848484
			5.60850891699017	-3.02127566848484
			5.60850891699017	-3.01276503279897
			5.60850891699017	-3.0042543971131
			5.61701955267604	-2.99574376142722
			5.61701955267604	-2.98723312574135
			5.62553018836191	-2.97872249005548
			5.63404082404779	-2.9702118543696
			5.63404082404779	-2.96170121868373
			5.64255145973366	-2.95319058299786
			5.65106209541953	-2.94467994731199
			5.65106209541953	-2.93616931162611
			5.65957273110541	-2.92765867594024
			5.65957273110541	-2.91914804025437
			5.66808336679128	-2.91063740456849
			5.67659400247715	-2.90212676888262
			5.67659400247715	-2.89361613319675
			5.68510463816302	-2.88510549751088
			5.6936152738489	-2.876594861825
			5.6936152738489	-2.86808422613913
			5.70212590953477	-2.85957359045326
			5.70212590953477	-2.85106295476739
			5.71063654522064	-2.85106295476739
			5.71063654522064	-2.84255231908151
			5.71914718090652	-2.83404168339564
			5.71914718090652	-2.82553104770977
			5.72765781659239	-2.81702041202389
			5.73616845227826	-2.80850977633802
			5.74467908796413	-2.79999914065215
			5.74467908796413	-2.79148850496628
			5.75318972365001	-2.7829778692804
			5.76170035933588	-2.7829778692804
			5.76170035933588	-2.77446723359453
			5.77021099502175	-2.76595659790866
			5.77872163070763	-2.75744596222278
			5.7872322663935	-2.74893532653691
			5.79574290207937	-2.74042469085104
			5.80425353776524	-2.73191405516517
			5.81276417345112	-2.73191405516517
			5.82127480913699	-2.72340341947929
			5.82978544482286	-2.72340341947929
		</curveLM12>
	</curves.scaled>
	<ruler.points type=matrix rownames=TRUE colnames=FALSE nrow=5 ncol=2 as.numeric=TRUE >
		Ruler point 1	211	814
		Ruler point 2	328	815
		Ruler point 3	446	814
		Ruler point 4	564	814
		Ruler point 5	681	813
	</ruler.points>
</shapes>

