<shapes type=list>
	<ruler.pixel type=vector names=FALSE length=1 as.numeric=TRUE >117</ruler.pixel>
	<ruler.interval type=vector names=FALSE length=1 as.numeric=TRUE >1</ruler.interval>
	<scaling.units type=vector names=FALSE length=1 as.numeric=FALSE >cm</scaling.units>
	<scaling type=vector names=FALSE length=1 as.numeric=TRUE >0.00854700854700855</scaling>
	<landmarks.pixel type=matrix rownames=TRUE colnames=FALSE nrow=6 ncol=2 as.numeric=TRUE >
		LM01	673	333
		LM02	741	533
		LM03	699	531
		LM04	670	602
		LM05	642	530
		LM06	605	525
	</landmarks.pixel>
	<landmarks.scaled type=matrix rownames=TRUE colnames=FALSE nrow=6 ncol=2 as.numeric=TRUE >
		LM01	5.75213675213675	-2.84615384615385
		LM02	6.33333333333333	-4.55555555555556
		LM03	5.97435897435898	-4.53846153846154
		LM04	5.72649572649573	-5.14529914529915
		LM05	5.48717948717949	-4.52991452991453
		LM06	5.17094017094017	-4.48717948717949
	</landmarks.scaled>
	<curves.control type=list>
		<curveLM07 type=matrix rownames=FALSE colnames=FALSE nrow=7 ncol=2 as.numeric=TRUE >
			673	333
			687	352
			717	420
			732	441
			748	515
			747	528
			741	533
		</curveLM07>
		<curveLM08 type=matrix rownames=FALSE colnames=FALSE nrow=5 ncol=2 as.numeric=TRUE >
			741	533
			723	535
			717	526
			704	528
			699	531
		</curveLM08>
		<curveLM09 type=matrix rownames=FALSE colnames=FALSE nrow=5 ncol=2 as.numeric=TRUE >
			699	531
			699	547
			692	592
			684	598
			670	602
		</curveLM09>
		<curveLM10 type=matrix rownames=FALSE colnames=FALSE nrow=5 ncol=2 as.numeric=TRUE >
			670	602
			652	575
			652	552
			651	537
			642	530
		</curveLM10>
		<curveLM11 type=matrix rownames=FALSE colnames=FALSE nrow=5 ncol=2 as.numeric=TRUE >
			642	530
			636	523
			621	529
			612	531
			605	525
		</curveLM11>
		<curveLM12 type=matrix rownames=FALSE colnames=FALSE nrow=7 ncol=2 as.numeric=TRUE >
			605	525
			590	512
			612	455
			635	387
			656	361
			670	332
			673	333
		</curveLM12>
	</curves.control>
	<curves.pixel type=list>
		<curveLM07 type=matrix rownames=FALSE colnames=FALSE nrow=213 ncol=2 as.numeric=TRUE >
			673	333
			673	334
			674	334
			674	335
			675	335
			675	336
			676	337
			677	338
			677	339
			678	340
			678	341
			679	342
			679	343
			680	344
			681	345
			681	346
			682	347
			682	348
			683	349
			684	350
			684	351
			685	352
			685	353
			685	354
			686	354
			686	355
			687	356
			687	357
			688	357
			688	358
			688	359
			689	360
			689	361
			690	361
			690	362
			690	363
			691	364
			691	365
			692	366
			692	367
			693	368
			694	369
			694	370
			694	371
			695	372
			695	373
			696	374
			696	375
			697	376
			697	377
			698	378
			698	379
			699	380
			699	381
			700	382
			700	383
			701	384
			701	385
			702	386
			702	387
			703	388
			703	389
			703	390
			704	391
			704	392
			705	393
			705	394
			706	395
			706	396
			707	397
			707	398
			708	399
			708	400
			708	401
			709	402
			709	403
			710	404
			710	405
			711	405
			711	406
			711	407
			712	408
			712	409
			712	410
			713	410
			713	411
			713	412
			714	413
			714	414
			715	415
			715	416
			716	417
			716	418
			717	419
			717	420
			718	421
			718	422
			719	423
			720	424
			720	425
			721	426
			721	427
			722	428
			722	429
			723	430
			723	431
			724	432
			724	433
			724	434
			725	434
			725	435
			726	436
			726	437
			726	438
			727	438
			727	439
			727	440
			728	441
			728	442
			728	443
			729	444
			729	445
			730	446
			730	447
			730	448
			731	449
			731	450
			731	451
			731	452
			732	453
			732	454
			733	455
			733	456
			733	457
			733	458
			734	459
			734	460
			734	461
			735	462
			735	463
			735	464
			735	465
			736	465
			736	466
			736	467
			736	468
			737	469
			737	470
			737	471
			738	472
			738	473
			738	474
			738	475
			739	476
			739	477
			739	478
			740	479
			740	480
			740	481
			740	482
			741	483
			741	484
			741	485
			741	486
			741	487
			742	488
			742	489
			742	490
			743	491
			743	492
			743	493
			743	494
			744	495
			744	496
			744	497
			744	498
			744	499
			745	499
			745	500
			745	501
			745	502
			745	503
			745	504
			746	505
			746	506
			746	507
			747	508
			747	509
			747	510
			747	511
			747	512
			748	513
			748	514
			748	515
			748	516
			748	517
			748	518
			748	519
			747	520
			747	521
			747	522
			747	523
			746	524
			746	525
			746	526
			745	527
			745	528
			744	529
			744	530
			743	530
			743	531
			742	532
			741	533
		</curveLM07>
		<curveLM08 type=matrix rownames=FALSE colnames=FALSE nrow=48 ncol=2 as.numeric=TRUE >
			741	533
			740	533
			739	533
			738	533
			737	533
			736	533
			735	533
			734	533
			733	533
			732	533
			731	533
			730	533
			729	533
			728	533
			727	533
			727	532
			726	532
			725	532
			724	532
			724	531
			723	531
			722	531
			722	530
			721	530
			720	529
			719	528
			718	527
			717	526
			716	526
			715	526
			714	527
			713	527
			712	527
			711	527
			710	527
			709	528
			708	528
			707	528
			706	528
			705	528
			705	529
			704	529
			703	529
			702	529
			702	530
			701	530
			700	530
			699	531
		</curveLM08>
		<curveLM09 type=matrix rownames=FALSE colnames=FALSE nrow=86 ncol=2 as.numeric=TRUE >
			699	531
			699	532
			699	533
			699	534
			699	535
			699	536
			699	537
			699	538
			699	539
			699	540
			699	541
			698	542
			698	543
			698	544
			698	545
			698	546
			698	547
			698	548
			698	549
			698	550
			698	551
			698	552
			697	553
			697	554
			697	555
			697	556
			697	557
			697	558
			697	559
			697	560
			696	561
			696	562
			696	563
			696	564
			696	565
			696	566
			696	567
			695	568
			695	569
			695	570
			695	571
			695	572
			695	573
			695	574
			694	575
			694	576
			694	577
			694	578
			694	579
			694	580
			694	581
			693	582
			693	583
			693	584
			693	585
			693	586
			693	587
			693	588
			692	589
			692	590
			692	591
			692	592
			691	592
			691	593
			690	593
			690	594
			689	594
			688	595
			687	595
			686	596
			685	596
			684	597
			683	597
			682	598
			681	598
			680	598
			679	599
			678	599
			677	600
			676	600
			675	600
			674	601
			673	601
			672	602
			671	602
			670	602
		</curveLM09>
		<curveLM10 type=matrix rownames=FALSE colnames=FALSE nrow=76 ncol=2 as.numeric=TRUE >
			670	602
			669	601
			669	600
			668	599
			668	598
			667	597
			666	596
			665	595
			665	594
			664	593
			664	592
			663	591
			663	590
			662	589
			662	588
			661	587
			661	586
			660	585
			660	584
			660	583
			659	582
			658	581
			658	580
			658	579
			657	579
			657	578
			657	577
			656	576
			656	575
			656	574
			656	573
			655	572
			655	571
			655	570
			654	569
			654	568
			654	567
			654	566
			653	565
			653	564
			653	563
			653	562
			653	561
			652	560
			652	559
			652	558
			652	557
			652	556
			652	555
			652	554
			652	553
			652	552
			652	551
			652	550
			652	549
			652	548
			651	548
			651	547
			651	546
			651	545
			651	544
			651	543
			650	542
			650	541
			649	540
			649	539
			649	538
			648	537
			647	536
			647	535
			646	534
			645	533
			645	532
			644	532
			643	531
			642	530
		</curveLM10>
		<curveLM11 type=matrix rownames=FALSE colnames=FALSE nrow=40 ncol=2 as.numeric=TRUE >
			642	530
			641	529
			640	528
			639	528
			638	527
			637	527
			636	527
			635	526
			634	526
			633	526
			632	526
			631	526
			630	526
			629	527
			628	527
			627	527
			626	527
			625	527
			625	528
			624	528
			623	528
			622	528
			622	529
			621	529
			620	529
			619	529
			618	529
			617	529
			616	529
			615	529
			614	529
			613	529
			612	529
			611	529
			610	528
			609	528
			608	527
			607	526
			606	526
			605	525
		</curveLM11>
		<curveLM12 type=matrix rownames=FALSE colnames=FALSE nrow=203 ncol=2 as.numeric=TRUE >
			605	525
			604	524
			603	523
			603	522
			602	521
			601	520
			601	519
			600	518
			600	517
			600	516
			600	515
			600	514
			599	513
			599	512
			599	511
			599	510
			599	509
			599	508
			599	507
			599	506
			599	505
			599	504
			599	503
			599	502
			599	501
			599	500
			599	499
			600	498
			600	497
			600	496
			600	495
			600	494
			600	493
			601	492
			601	491
			601	490
			601	489
			601	488
			602	487
			602	486
			602	485
			603	484
			603	483
			603	482
			603	481
			603	480
			604	479
			604	478
			604	477
			605	476
			605	475
			605	474
			606	473
			606	472
			606	471
			607	470
			607	469
			607	468
			608	467
			608	466
			608	465
			609	464
			609	463
			609	462
			610	461
			610	460
			611	459
			611	458
			611	457
			612	456
			612	455
			612	454
			613	453
			613	452
			613	451
			614	450
			614	449
			614	448
			615	447
			615	446
			616	445
			616	444
			616	443
			616	442
			617	442
			617	441
			617	440
			618	439
			618	438
			618	437
			619	436
			619	435
			620	434
			620	433
			620	432
			620	431
			621	430
			621	429
			622	428
			622	427
			623	426
			623	425
			623	424
			624	423
			624	422
			624	421
			625	420
			625	419
			626	418
			626	417
			626	416
			627	415
			627	414
			627	413
			628	412
			629	411
			629	410
			630	409
			630	408
			630	407
			631	406
			631	405
			632	404
			632	403
			632	402
			633	401
			633	400
			634	399
			634	398
			635	397
			635	396
			636	395
			636	394
			637	393
			637	392
			638	391
			638	390
			639	389
			639	388
			640	387
			640	386
			640	385
			641	385
			641	384
			642	383
			642	382
			643	381
			643	380
			644	380
			644	379
			645	378
			645	377
			646	376
			646	375
			647	374
			648	373
			648	372
			649	371
			650	370
			650	369
			651	368
			652	367
			652	366
			653	365
			654	364
			654	363
			655	362
			656	362
			656	361
			657	360
			657	359
			657	358
			658	357
			659	356
			659	355
			659	354
			660	353
			660	352
			661	351
			661	350
			662	350
			662	349
			663	348
			663	347
			663	346
			664	346
			664	345
			664	344
			665	344
			665	343
			666	342
			666	341
			667	340
			668	339
			668	338
			669	337
			669	336
			670	336
			670	335
			671	335
			671	334
			672	333
			673	333
		</curveLM12>
	</curves.pixel>
	<curves.scaled type=list>
		<curveLM07 type=matrix rownames=FALSE colnames=FALSE nrow=213 ncol=2 as.numeric=TRUE >
			5.75213675213675	-2.84615384615385
			5.75213675213675	-2.85470085470085
			5.76068376068376	-2.85470085470085
			5.76068376068376	-2.86324786324786
			5.76923076923077	-2.86324786324786
			5.76923076923077	-2.87179487179487
			5.77777777777778	-2.88034188034188
			5.78632478632479	-2.88888888888889
			5.78632478632479	-2.8974358974359
			5.7948717948718	-2.90598290598291
			5.7948717948718	-2.91452991452991
			5.8034188034188	-2.92307692307692
			5.8034188034188	-2.93162393162393
			5.81196581196581	-2.94017094017094
			5.82051282051282	-2.94871794871795
			5.82051282051282	-2.95726495726496
			5.82905982905983	-2.96581196581197
			5.82905982905983	-2.97435897435897
			5.83760683760684	-2.98290598290598
			5.84615384615385	-2.99145299145299
			5.84615384615385	-3
			5.85470085470086	-3.00854700854701
			5.85470085470086	-3.01709401709402
			5.85470085470086	-3.02564102564103
			5.86324786324786	-3.02564102564103
			5.86324786324786	-3.03418803418803
			5.87179487179487	-3.04273504273504
			5.87179487179487	-3.05128205128205
			5.88034188034188	-3.05128205128205
			5.88034188034188	-3.05982905982906
			5.88034188034188	-3.06837606837607
			5.88888888888889	-3.07692307692308
			5.88888888888889	-3.08547008547009
			5.8974358974359	-3.08547008547009
			5.8974358974359	-3.09401709401709
			5.8974358974359	-3.1025641025641
			5.90598290598291	-3.11111111111111
			5.90598290598291	-3.11965811965812
			5.91452991452991	-3.12820512820513
			5.91452991452991	-3.13675213675214
			5.92307692307692	-3.14529914529915
			5.93162393162393	-3.15384615384615
			5.93162393162393	-3.16239316239316
			5.93162393162393	-3.17094017094017
			5.94017094017094	-3.17948717948718
			5.94017094017094	-3.18803418803419
			5.94871794871795	-3.1965811965812
			5.94871794871795	-3.20512820512821
			5.95726495726496	-3.21367521367521
			5.95726495726496	-3.22222222222222
			5.96581196581197	-3.23076923076923
			5.96581196581197	-3.23931623931624
			5.97435897435898	-3.24786324786325
			5.97435897435898	-3.25641025641026
			5.98290598290598	-3.26495726495727
			5.98290598290598	-3.27350427350427
			5.99145299145299	-3.28205128205128
			5.99145299145299	-3.29059829059829
			6	-3.2991452991453
			6	-3.30769230769231
			6.00854700854701	-3.31623931623932
			6.00854700854701	-3.32478632478632
			6.00854700854701	-3.33333333333333
			6.01709401709402	-3.34188034188034
			6.01709401709402	-3.35042735042735
			6.02564102564103	-3.35897435897436
			6.02564102564103	-3.36752136752137
			6.03418803418803	-3.37606837606838
			6.03418803418803	-3.38461538461539
			6.04273504273504	-3.39316239316239
			6.04273504273504	-3.4017094017094
			6.05128205128205	-3.41025641025641
			6.05128205128205	-3.41880341880342
			6.05128205128205	-3.42735042735043
			6.05982905982906	-3.43589743589744
			6.05982905982906	-3.44444444444444
			6.06837606837607	-3.45299145299145
			6.06837606837607	-3.46153846153846
			6.07692307692308	-3.46153846153846
			6.07692307692308	-3.47008547008547
			6.07692307692308	-3.47863247863248
			6.08547008547009	-3.48717948717949
			6.08547008547009	-3.4957264957265
			6.08547008547009	-3.5042735042735
			6.09401709401709	-3.5042735042735
			6.09401709401709	-3.51282051282051
			6.09401709401709	-3.52136752136752
			6.1025641025641	-3.52991452991453
			6.1025641025641	-3.53846153846154
			6.11111111111111	-3.54700854700855
			6.11111111111111	-3.55555555555556
			6.11965811965812	-3.56410256410256
			6.11965811965812	-3.57264957264957
			6.12820512820513	-3.58119658119658
			6.12820512820513	-3.58974358974359
			6.13675213675214	-3.5982905982906
			6.13675213675214	-3.60683760683761
			6.14529914529915	-3.61538461538462
			6.15384615384615	-3.62393162393162
			6.15384615384615	-3.63247863247863
			6.16239316239316	-3.64102564102564
			6.16239316239316	-3.64957264957265
			6.17094017094017	-3.65811965811966
			6.17094017094017	-3.66666666666667
			6.17948717948718	-3.67521367521368
			6.17948717948718	-3.68376068376068
			6.18803418803419	-3.69230769230769
			6.18803418803419	-3.7008547008547
			6.18803418803419	-3.70940170940171
			6.1965811965812	-3.70940170940171
			6.1965811965812	-3.71794871794872
			6.20512820512821	-3.72649572649573
			6.20512820512821	-3.73504273504274
			6.20512820512821	-3.74358974358974
			6.21367521367521	-3.74358974358974
			6.21367521367521	-3.75213675213675
			6.21367521367521	-3.76068376068376
			6.22222222222222	-3.76923076923077
			6.22222222222222	-3.77777777777778
			6.22222222222222	-3.78632478632479
			6.23076923076923	-3.7948717948718
			6.23076923076923	-3.8034188034188
			6.23931623931624	-3.81196581196581
			6.23931623931624	-3.82051282051282
			6.23931623931624	-3.82905982905983
			6.24786324786325	-3.83760683760684
			6.24786324786325	-3.84615384615385
			6.24786324786325	-3.85470085470086
			6.24786324786325	-3.86324786324786
			6.25641025641026	-3.87179487179487
			6.25641025641026	-3.88034188034188
			6.26495726495727	-3.88888888888889
			6.26495726495727	-3.8974358974359
			6.26495726495727	-3.90598290598291
			6.26495726495727	-3.91452991452991
			6.27350427350427	-3.92307692307692
			6.27350427350427	-3.93162393162393
			6.27350427350427	-3.94017094017094
			6.28205128205128	-3.94871794871795
			6.28205128205128	-3.95726495726496
			6.28205128205128	-3.96581196581197
			6.28205128205128	-3.97435897435897
			6.29059829059829	-3.97435897435897
			6.29059829059829	-3.98290598290598
			6.29059829059829	-3.99145299145299
			6.29059829059829	-4
			6.2991452991453	-4.00854700854701
			6.2991452991453	-4.01709401709402
			6.2991452991453	-4.02564102564103
			6.30769230769231	-4.03418803418803
			6.30769230769231	-4.04273504273504
			6.30769230769231	-4.05128205128205
			6.30769230769231	-4.05982905982906
			6.31623931623932	-4.06837606837607
			6.31623931623932	-4.07692307692308
			6.31623931623932	-4.08547008547009
			6.32478632478633	-4.09401709401709
			6.32478632478633	-4.1025641025641
			6.32478632478633	-4.11111111111111
			6.32478632478633	-4.11965811965812
			6.33333333333333	-4.12820512820513
			6.33333333333333	-4.13675213675214
			6.33333333333333	-4.14529914529915
			6.33333333333333	-4.15384615384615
			6.33333333333333	-4.16239316239316
			6.34188034188034	-4.17094017094017
			6.34188034188034	-4.17948717948718
			6.34188034188034	-4.18803418803419
			6.35042735042735	-4.1965811965812
			6.35042735042735	-4.20512820512821
			6.35042735042735	-4.21367521367521
			6.35042735042735	-4.22222222222222
			6.35897435897436	-4.23076923076923
			6.35897435897436	-4.23931623931624
			6.35897435897436	-4.24786324786325
			6.35897435897436	-4.25641025641026
			6.35897435897436	-4.26495726495727
			6.36752136752137	-4.26495726495727
			6.36752136752137	-4.27350427350427
			6.36752136752137	-4.28205128205128
			6.36752136752137	-4.29059829059829
			6.36752136752137	-4.2991452991453
			6.36752136752137	-4.30769230769231
			6.37606837606838	-4.31623931623932
			6.37606837606838	-4.32478632478633
			6.37606837606838	-4.33333333333333
			6.38461538461539	-4.34188034188034
			6.38461538461539	-4.35042735042735
			6.38461538461539	-4.35897435897436
			6.38461538461539	-4.36752136752137
			6.38461538461539	-4.37606837606838
			6.39316239316239	-4.38461538461539
			6.39316239316239	-4.39316239316239
			6.39316239316239	-4.4017094017094
			6.39316239316239	-4.41025641025641
			6.39316239316239	-4.41880341880342
			6.39316239316239	-4.42735042735043
			6.39316239316239	-4.43589743589744
			6.38461538461539	-4.44444444444444
			6.38461538461539	-4.45299145299145
			6.38461538461539	-4.46153846153846
			6.38461538461539	-4.47008547008547
			6.37606837606838	-4.47863247863248
			6.37606837606838	-4.48717948717949
			6.37606837606838	-4.4957264957265
			6.36752136752137	-4.50427350427351
			6.36752136752137	-4.51282051282051
			6.35897435897436	-4.52136752136752
			6.35897435897436	-4.52991452991453
			6.35042735042735	-4.52991452991453
			6.35042735042735	-4.53846153846154
			6.34188034188034	-4.54700854700855
			6.33333333333333	-4.55555555555556
		</curveLM07>
		<curveLM08 type=matrix rownames=FALSE colnames=FALSE nrow=48 ncol=2 as.numeric=TRUE >
			6.33333333333333	-4.55555555555556
			6.32478632478633	-4.55555555555556
			6.31623931623932	-4.55555555555556
			6.30769230769231	-4.55555555555556
			6.2991452991453	-4.55555555555556
			6.29059829059829	-4.55555555555556
			6.28205128205128	-4.55555555555556
			6.27350427350427	-4.55555555555556
			6.26495726495727	-4.55555555555556
			6.25641025641026	-4.55555555555556
			6.24786324786325	-4.55555555555556
			6.23931623931624	-4.55555555555556
			6.23076923076923	-4.55555555555556
			6.22222222222222	-4.55555555555556
			6.21367521367521	-4.55555555555556
			6.21367521367521	-4.54700854700855
			6.20512820512821	-4.54700854700855
			6.1965811965812	-4.54700854700855
			6.18803418803419	-4.54700854700855
			6.18803418803419	-4.53846153846154
			6.17948717948718	-4.53846153846154
			6.17094017094017	-4.53846153846154
			6.17094017094017	-4.52991452991453
			6.16239316239316	-4.52991452991453
			6.15384615384615	-4.52136752136752
			6.14529914529915	-4.51282051282051
			6.13675213675214	-4.50427350427351
			6.12820512820513	-4.4957264957265
			6.11965811965812	-4.4957264957265
			6.11111111111111	-4.4957264957265
			6.1025641025641	-4.50427350427351
			6.09401709401709	-4.50427350427351
			6.08547008547009	-4.50427350427351
			6.07692307692308	-4.50427350427351
			6.06837606837607	-4.50427350427351
			6.05982905982906	-4.51282051282051
			6.05128205128205	-4.51282051282051
			6.04273504273504	-4.51282051282051
			6.03418803418803	-4.51282051282051
			6.02564102564103	-4.51282051282051
			6.02564102564103	-4.52136752136752
			6.01709401709402	-4.52136752136752
			6.00854700854701	-4.52136752136752
			6	-4.52136752136752
			6	-4.52991452991453
			5.99145299145299	-4.52991452991453
			5.98290598290598	-4.52991452991453
			5.97435897435898	-4.53846153846154
		</curveLM08>
		<curveLM09 type=matrix rownames=FALSE colnames=FALSE nrow=86 ncol=2 as.numeric=TRUE >
			5.97435897435898	-4.53846153846154
			5.97435897435898	-4.54700854700855
			5.97435897435898	-4.55555555555556
			5.97435897435898	-4.56410256410256
			5.97435897435898	-4.57264957264957
			5.97435897435898	-4.58119658119658
			5.97435897435898	-4.58974358974359
			5.97435897435898	-4.5982905982906
			5.97435897435898	-4.60683760683761
			5.97435897435898	-4.61538461538462
			5.97435897435898	-4.62393162393162
			5.96581196581197	-4.63247863247863
			5.96581196581197	-4.64102564102564
			5.96581196581197	-4.64957264957265
			5.96581196581197	-4.65811965811966
			5.96581196581197	-4.66666666666667
			5.96581196581197	-4.67521367521368
			5.96581196581197	-4.68376068376068
			5.96581196581197	-4.69230769230769
			5.96581196581197	-4.7008547008547
			5.96581196581197	-4.70940170940171
			5.96581196581197	-4.71794871794872
			5.95726495726496	-4.72649572649573
			5.95726495726496	-4.73504273504274
			5.95726495726496	-4.74358974358974
			5.95726495726496	-4.75213675213675
			5.95726495726496	-4.76068376068376
			5.95726495726496	-4.76923076923077
			5.95726495726496	-4.77777777777778
			5.95726495726496	-4.78632478632479
			5.94871794871795	-4.7948717948718
			5.94871794871795	-4.8034188034188
			5.94871794871795	-4.81196581196581
			5.94871794871795	-4.82051282051282
			5.94871794871795	-4.82905982905983
			5.94871794871795	-4.83760683760684
			5.94871794871795	-4.84615384615385
			5.94017094017094	-4.85470085470086
			5.94017094017094	-4.86324786324786
			5.94017094017094	-4.87179487179487
			5.94017094017094	-4.88034188034188
			5.94017094017094	-4.88888888888889
			5.94017094017094	-4.8974358974359
			5.94017094017094	-4.90598290598291
			5.93162393162393	-4.91452991452991
			5.93162393162393	-4.92307692307692
			5.93162393162393	-4.93162393162393
			5.93162393162393	-4.94017094017094
			5.93162393162393	-4.94871794871795
			5.93162393162393	-4.95726495726496
			5.93162393162393	-4.96581196581197
			5.92307692307692	-4.97435897435897
			5.92307692307692	-4.98290598290598
			5.92307692307692	-4.99145299145299
			5.92307692307692	-5
			5.92307692307692	-5.00854700854701
			5.92307692307692	-5.01709401709402
			5.92307692307692	-5.02564102564103
			5.91452991452991	-5.03418803418803
			5.91452991452991	-5.04273504273504
			5.91452991452991	-5.05128205128205
			5.91452991452991	-5.05982905982906
			5.90598290598291	-5.05982905982906
			5.90598290598291	-5.06837606837607
			5.8974358974359	-5.06837606837607
			5.8974358974359	-5.07692307692308
			5.88888888888889	-5.07692307692308
			5.88034188034188	-5.08547008547009
			5.87179487179487	-5.08547008547009
			5.86324786324786	-5.09401709401709
			5.85470085470086	-5.09401709401709
			5.84615384615385	-5.1025641025641
			5.83760683760684	-5.1025641025641
			5.82905982905983	-5.11111111111111
			5.82051282051282	-5.11111111111111
			5.81196581196581	-5.11111111111111
			5.8034188034188	-5.11965811965812
			5.7948717948718	-5.11965811965812
			5.78632478632479	-5.12820512820513
			5.77777777777778	-5.12820512820513
			5.76923076923077	-5.12820512820513
			5.76068376068376	-5.13675213675214
			5.75213675213675	-5.13675213675214
			5.74358974358974	-5.14529914529915
			5.73504273504274	-5.14529914529915
			5.72649572649573	-5.14529914529915
		</curveLM09>
		<curveLM10 type=matrix rownames=FALSE colnames=FALSE nrow=76 ncol=2 as.numeric=TRUE >
			5.72649572649573	-5.14529914529915
			5.71794871794872	-5.13675213675214
			5.71794871794872	-5.12820512820513
			5.70940170940171	-5.11965811965812
			5.70940170940171	-5.11111111111111
			5.7008547008547	-5.1025641025641
			5.69230769230769	-5.09401709401709
			5.68376068376068	-5.08547008547009
			5.68376068376068	-5.07692307692308
			5.67521367521368	-5.06837606837607
			5.67521367521368	-5.05982905982906
			5.66666666666667	-5.05128205128205
			5.66666666666667	-5.04273504273504
			5.65811965811966	-5.03418803418803
			5.65811965811966	-5.02564102564103
			5.64957264957265	-5.01709401709402
			5.64957264957265	-5.00854700854701
			5.64102564102564	-5
			5.64102564102564	-4.99145299145299
			5.64102564102564	-4.98290598290598
			5.63247863247863	-4.97435897435897
			5.62393162393162	-4.96581196581197
			5.62393162393162	-4.95726495726496
			5.62393162393162	-4.94871794871795
			5.61538461538462	-4.94871794871795
			5.61538461538462	-4.94017094017094
			5.61538461538462	-4.93162393162393
			5.60683760683761	-4.92307692307692
			5.60683760683761	-4.91452991452991
			5.60683760683761	-4.90598290598291
			5.60683760683761	-4.8974358974359
			5.5982905982906	-4.88888888888889
			5.5982905982906	-4.88034188034188
			5.5982905982906	-4.87179487179487
			5.58974358974359	-4.86324786324786
			5.58974358974359	-4.85470085470086
			5.58974358974359	-4.84615384615385
			5.58974358974359	-4.83760683760684
			5.58119658119658	-4.82905982905983
			5.58119658119658	-4.82051282051282
			5.58119658119658	-4.81196581196581
			5.58119658119658	-4.8034188034188
			5.58119658119658	-4.7948717948718
			5.57264957264957	-4.78632478632479
			5.57264957264957	-4.77777777777778
			5.57264957264957	-4.76923076923077
			5.57264957264957	-4.76068376068376
			5.57264957264957	-4.75213675213675
			5.57264957264957	-4.74358974358974
			5.57264957264957	-4.73504273504274
			5.57264957264957	-4.72649572649573
			5.57264957264957	-4.71794871794872
			5.57264957264957	-4.70940170940171
			5.57264957264957	-4.7008547008547
			5.57264957264957	-4.69230769230769
			5.57264957264957	-4.68376068376068
			5.56410256410256	-4.68376068376068
			5.56410256410256	-4.67521367521368
			5.56410256410256	-4.66666666666667
			5.56410256410256	-4.65811965811966
			5.56410256410256	-4.64957264957265
			5.56410256410256	-4.64102564102564
			5.55555555555556	-4.63247863247863
			5.55555555555556	-4.62393162393162
			5.54700854700855	-4.61538461538462
			5.54700854700855	-4.60683760683761
			5.54700854700855	-4.5982905982906
			5.53846153846154	-4.58974358974359
			5.52991452991453	-4.58119658119658
			5.52991452991453	-4.57264957264957
			5.52136752136752	-4.56410256410256
			5.51282051282051	-4.55555555555556
			5.51282051282051	-4.54700854700855
			5.50427350427351	-4.54700854700855
			5.4957264957265	-4.53846153846154
			5.48717948717949	-4.52991452991453
		</curveLM10>
		<curveLM11 type=matrix rownames=FALSE colnames=FALSE nrow=40 ncol=2 as.numeric=TRUE >
			5.48717948717949	-4.52991452991453
			5.47863247863248	-4.52136752136752
			5.47008547008547	-4.51282051282051
			5.46153846153846	-4.51282051282051
			5.45299145299145	-4.50427350427351
			5.44444444444444	-4.50427350427351
			5.43589743589744	-4.50427350427351
			5.42735042735043	-4.4957264957265
			5.41880341880342	-4.4957264957265
			5.41025641025641	-4.4957264957265
			5.4017094017094	-4.4957264957265
			5.39316239316239	-4.4957264957265
			5.38461538461539	-4.4957264957265
			5.37606837606838	-4.50427350427351
			5.36752136752137	-4.50427350427351
			5.35897435897436	-4.50427350427351
			5.35042735042735	-4.50427350427351
			5.34188034188034	-4.50427350427351
			5.34188034188034	-4.51282051282051
			5.33333333333333	-4.51282051282051
			5.32478632478633	-4.51282051282051
			5.31623931623932	-4.51282051282051
			5.31623931623932	-4.52136752136752
			5.30769230769231	-4.52136752136752
			5.2991452991453	-4.52136752136752
			5.29059829059829	-4.52136752136752
			5.28205128205128	-4.52136752136752
			5.27350427350427	-4.52136752136752
			5.26495726495727	-4.52136752136752
			5.25641025641026	-4.52136752136752
			5.24786324786325	-4.52136752136752
			5.23931623931624	-4.52136752136752
			5.23076923076923	-4.52136752136752
			5.22222222222222	-4.52136752136752
			5.21367521367521	-4.51282051282051
			5.20512820512821	-4.51282051282051
			5.1965811965812	-4.50427350427351
			5.18803418803419	-4.4957264957265
			5.17948717948718	-4.4957264957265
			5.17094017094017	-4.48717948717949
		</curveLM11>
		<curveLM12 type=matrix rownames=FALSE colnames=FALSE nrow=203 ncol=2 as.numeric=TRUE >
			5.17094017094017	-4.48717948717949
			5.16239316239316	-4.47863247863248
			5.15384615384615	-4.47008547008547
			5.15384615384615	-4.46153846153846
			5.14529914529915	-4.45299145299145
			5.13675213675214	-4.44444444444444
			5.13675213675214	-4.43589743589744
			5.12820512820513	-4.42735042735043
			5.12820512820513	-4.41880341880342
			5.12820512820513	-4.41025641025641
			5.12820512820513	-4.4017094017094
			5.12820512820513	-4.39316239316239
			5.11965811965812	-4.38461538461539
			5.11965811965812	-4.37606837606838
			5.11965811965812	-4.36752136752137
			5.11965811965812	-4.35897435897436
			5.11965811965812	-4.35042735042735
			5.11965811965812	-4.34188034188034
			5.11965811965812	-4.33333333333333
			5.11965811965812	-4.32478632478633
			5.11965811965812	-4.31623931623932
			5.11965811965812	-4.30769230769231
			5.11965811965812	-4.2991452991453
			5.11965811965812	-4.29059829059829
			5.11965811965812	-4.28205128205128
			5.11965811965812	-4.27350427350427
			5.11965811965812	-4.26495726495727
			5.12820512820513	-4.25641025641026
			5.12820512820513	-4.24786324786325
			5.12820512820513	-4.23931623931624
			5.12820512820513	-4.23076923076923
			5.12820512820513	-4.22222222222222
			5.12820512820513	-4.21367521367521
			5.13675213675214	-4.20512820512821
			5.13675213675214	-4.1965811965812
			5.13675213675214	-4.18803418803419
			5.13675213675214	-4.17948717948718
			5.13675213675214	-4.17094017094017
			5.14529914529915	-4.16239316239316
			5.14529914529915	-4.15384615384615
			5.14529914529915	-4.14529914529915
			5.15384615384615	-4.13675213675214
			5.15384615384615	-4.12820512820513
			5.15384615384615	-4.11965811965812
			5.15384615384615	-4.11111111111111
			5.15384615384615	-4.1025641025641
			5.16239316239316	-4.09401709401709
			5.16239316239316	-4.08547008547009
			5.16239316239316	-4.07692307692308
			5.17094017094017	-4.06837606837607
			5.17094017094017	-4.05982905982906
			5.17094017094017	-4.05128205128205
			5.17948717948718	-4.04273504273504
			5.17948717948718	-4.03418803418803
			5.17948717948718	-4.02564102564103
			5.18803418803419	-4.01709401709402
			5.18803418803419	-4.00854700854701
			5.18803418803419	-4
			5.1965811965812	-3.99145299145299
			5.1965811965812	-3.98290598290598
			5.1965811965812	-3.97435897435897
			5.20512820512821	-3.96581196581197
			5.20512820512821	-3.95726495726496
			5.20512820512821	-3.94871794871795
			5.21367521367521	-3.94017094017094
			5.21367521367521	-3.93162393162393
			5.22222222222222	-3.92307692307692
			5.22222222222222	-3.91452991452991
			5.22222222222222	-3.90598290598291
			5.23076923076923	-3.8974358974359
			5.23076923076923	-3.88888888888889
			5.23076923076923	-3.88034188034188
			5.23931623931624	-3.87179487179487
			5.23931623931624	-3.86324786324786
			5.23931623931624	-3.85470085470086
			5.24786324786325	-3.84615384615385
			5.24786324786325	-3.83760683760684
			5.24786324786325	-3.82905982905983
			5.25641025641026	-3.82051282051282
			5.25641025641026	-3.81196581196581
			5.26495726495727	-3.8034188034188
			5.26495726495727	-3.7948717948718
			5.26495726495727	-3.78632478632479
			5.26495726495727	-3.77777777777778
			5.27350427350427	-3.77777777777778
			5.27350427350427	-3.76923076923077
			5.27350427350427	-3.76068376068376
			5.28205128205128	-3.75213675213675
			5.28205128205128	-3.74358974358974
			5.28205128205128	-3.73504273504274
			5.29059829059829	-3.72649572649573
			5.29059829059829	-3.71794871794872
			5.2991452991453	-3.70940170940171
			5.2991452991453	-3.7008547008547
			5.2991452991453	-3.69230769230769
			5.2991452991453	-3.68376068376068
			5.30769230769231	-3.67521367521368
			5.30769230769231	-3.66666666666667
			5.31623931623932	-3.65811965811966
			5.31623931623932	-3.64957264957265
			5.32478632478633	-3.64102564102564
			5.32478632478633	-3.63247863247863
			5.32478632478633	-3.62393162393162
			5.33333333333333	-3.61538461538462
			5.33333333333333	-3.60683760683761
			5.33333333333333	-3.5982905982906
			5.34188034188034	-3.58974358974359
			5.34188034188034	-3.58119658119658
			5.35042735042735	-3.57264957264957
			5.35042735042735	-3.56410256410256
			5.35042735042735	-3.55555555555556
			5.35897435897436	-3.54700854700855
			5.35897435897436	-3.53846153846154
			5.35897435897436	-3.52991452991453
			5.36752136752137	-3.52136752136752
			5.37606837606838	-3.51282051282051
			5.37606837606838	-3.5042735042735
			5.38461538461539	-3.4957264957265
			5.38461538461539	-3.48717948717949
			5.38461538461539	-3.47863247863248
			5.39316239316239	-3.47008547008547
			5.39316239316239	-3.46153846153846
			5.4017094017094	-3.45299145299145
			5.4017094017094	-3.44444444444444
			5.4017094017094	-3.43589743589744
			5.41025641025641	-3.42735042735043
			5.41025641025641	-3.41880341880342
			5.41880341880342	-3.41025641025641
			5.41880341880342	-3.4017094017094
			5.42735042735043	-3.39316239316239
			5.42735042735043	-3.38461538461539
			5.43589743589744	-3.37606837606838
			5.43589743589744	-3.36752136752137
			5.44444444444444	-3.35897435897436
			5.44444444444444	-3.35042735042735
			5.45299145299145	-3.34188034188034
			5.45299145299145	-3.33333333333333
			5.46153846153846	-3.32478632478632
			5.46153846153846	-3.31623931623932
			5.47008547008547	-3.30769230769231
			5.47008547008547	-3.2991452991453
			5.47008547008547	-3.29059829059829
			5.47863247863248	-3.29059829059829
			5.47863247863248	-3.28205128205128
			5.48717948717949	-3.27350427350427
			5.48717948717949	-3.26495726495727
			5.4957264957265	-3.25641025641026
			5.4957264957265	-3.24786324786325
			5.50427350427351	-3.24786324786325
			5.50427350427351	-3.23931623931624
			5.51282051282051	-3.23076923076923
			5.51282051282051	-3.22222222222222
			5.52136752136752	-3.21367521367521
			5.52136752136752	-3.20512820512821
			5.52991452991453	-3.1965811965812
			5.53846153846154	-3.18803418803419
			5.53846153846154	-3.17948717948718
			5.54700854700855	-3.17094017094017
			5.55555555555556	-3.16239316239316
			5.55555555555556	-3.15384615384615
			5.56410256410256	-3.14529914529915
			5.57264957264957	-3.13675213675214
			5.57264957264957	-3.12820512820513
			5.58119658119658	-3.11965811965812
			5.58974358974359	-3.11111111111111
			5.58974358974359	-3.1025641025641
			5.5982905982906	-3.09401709401709
			5.60683760683761	-3.09401709401709
			5.60683760683761	-3.08547008547009
			5.61538461538462	-3.07692307692308
			5.61538461538462	-3.06837606837607
			5.61538461538462	-3.05982905982906
			5.62393162393162	-3.05128205128205
			5.63247863247863	-3.04273504273504
			5.63247863247863	-3.03418803418803
			5.63247863247863	-3.02564102564103
			5.64102564102564	-3.01709401709402
			5.64102564102564	-3.00854700854701
			5.64957264957265	-3
			5.64957264957265	-2.99145299145299
			5.65811965811966	-2.99145299145299
			5.65811965811966	-2.98290598290598
			5.66666666666667	-2.97435897435897
			5.66666666666667	-2.96581196581197
			5.66666666666667	-2.95726495726496
			5.67521367521368	-2.95726495726496
			5.67521367521368	-2.94871794871795
			5.67521367521368	-2.94017094017094
			5.68376068376068	-2.94017094017094
			5.68376068376068	-2.93162393162393
			5.69230769230769	-2.92307692307692
			5.69230769230769	-2.91452991452991
			5.7008547008547	-2.90598290598291
			5.70940170940171	-2.8974358974359
			5.70940170940171	-2.88888888888889
			5.71794871794872	-2.88034188034188
			5.71794871794872	-2.87179487179487
			5.72649572649573	-2.87179487179487
			5.72649572649573	-2.86324786324786
			5.73504273504274	-2.86324786324786
			5.73504273504274	-2.85470085470085
			5.74358974358974	-2.84615384615385
			5.75213675213675	-2.84615384615385
		</curveLM12>
	</curves.scaled>
	<ruler.points type=matrix rownames=TRUE colnames=FALSE nrow=5 ncol=2 as.numeric=TRUE >
		Ruler point 1	210	814
		Ruler point 2	327	814
		Ruler point 3	444	814
		Ruler point 4	561	814
		Ruler point 5	679	814
	</ruler.points>
</shapes>

