<shapes type=list>
	<ruler.pixel type=vector names=FALSE length=1 as.numeric=TRUE >117.000814130985</ruler.pixel>
	<ruler.interval type=vector names=FALSE length=1 as.numeric=TRUE >1</ruler.interval>
	<scaling.units type=vector names=FALSE length=1 as.numeric=FALSE >cm</scaling.units>
	<scaling type=vector names=FALSE length=1 as.numeric=TRUE >0.00854694907405071</scaling>
	<landmarks.pixel type=matrix rownames=TRUE colnames=FALSE nrow=6 ncol=2 as.numeric=TRUE >
		LM01	675	274
		LM02	749	544
		LM03	706	523
		LM04	675	602
		LM05	647	523
		LM06	604	538
	</landmarks.pixel>
	<landmarks.scaled type=matrix rownames=TRUE colnames=FALSE nrow=6 ncol=2 as.numeric=TRUE >
		LM01	5.76919062498423	-2.3418640462899
		LM02	6.40166485646398	-4.64954029628359
		LM03	6.0341460462798	-4.47005436572852
		LM04	5.76919062498423	-5.14526334257853
		LM05	5.52987605091081	-4.47005436572852
		LM06	5.16235724072663	-4.59825860183928
	</landmarks.scaled>
	<curves.control type=list>
		<curveLM07 type=matrix rownames=FALSE colnames=FALSE nrow=7 ncol=2 as.numeric=TRUE >
			675	274
			681	273
			722	379
			735	436
			746	499
			753	531
			749	544
		</curveLM07>
		<curveLM08 type=matrix rownames=FALSE colnames=FALSE nrow=5 ncol=2 as.numeric=TRUE >
			749	544
			744	553
			720	528
			714	521
			706	523
		</curveLM08>
		<curveLM09 type=matrix rownames=FALSE colnames=FALSE nrow=5 ncol=2 as.numeric=TRUE >
			706	523
			699	526
			698	550
			691	598
			675	602
		</curveLM09>
		<curveLM10 type=matrix rownames=FALSE colnames=FALSE nrow=5 ncol=2 as.numeric=TRUE >
			675	602
			657	586
			654	560
			652	528
			647	523
		</curveLM10>
		<curveLM11 type=matrix rownames=FALSE colnames=FALSE nrow=5 ncol=2 as.numeric=TRUE >
			647	523
			641	522
			615	536
			609	540
			604	538
		</curveLM11>
		<curveLM12 type=matrix rownames=FALSE colnames=FALSE nrow=7 ncol=2 as.numeric=TRUE >
			604	538
			598	532
			609	469
			631	383
			634	367
			671	273
			675	274
		</curveLM12>
	</curves.control>
	<curves.pixel type=list>
		<curveLM07 type=matrix rownames=FALSE colnames=FALSE nrow=277 ncol=2 as.numeric=TRUE >
			675	274
			676	274
			676	275
			677	275
			678	276
			678	277
			679	278
			680	279
			680	280
			681	281
			681	282
			682	283
			682	284
			683	285
			683	286
			684	287
			684	288
			685	289
			685	290
			686	291
			686	292
			687	293
			687	294
			688	295
			688	296
			689	297
			689	298
			689	299
			690	300
			690	301
			691	302
			691	303
			692	304
			692	305
			693	306
			693	307
			693	308
			694	309
			694	310
			695	311
			695	312
			695	313
			696	314
			696	315
			697	316
			697	317
			698	318
			698	319
			699	320
			699	321
			699	322
			700	323
			700	324
			701	325
			701	326
			701	327
			702	328
			702	329
			702	330
			703	331
			704	332
			704	333
			704	334
			705	335
			705	336
			705	337
			706	338
			706	339
			707	340
			707	341
			707	342
			708	343
			708	344
			709	345
			709	346
			710	347
			710	348
			710	349
			711	350
			711	351
			712	352
			712	353
			712	354
			712	355
			713	355
			713	356
			713	357
			714	358
			714	359
			715	360
			715	361
			715	362
			716	363
			716	364
			717	365
			717	366
			717	367
			718	368
			718	369
			719	370
			719	371
			719	372
			720	373
			720	374
			720	375
			721	375
			721	376
			721	377
			722	378
			722	379
			722	380
			722	381
			723	381
			723	382
			723	383
			723	384
			723	385
			724	386
			724	387
			724	388
			724	389
			724	390
			725	390
			725	391
			725	392
			725	393
			725	394
			726	395
			726	396
			726	397
			726	398
			727	399
			727	400
			727	401
			727	402
			727	403
			728	404
			728	405
			728	406
			728	407
			728	408
			729	409
			729	410
			729	411
			729	412
			729	413
			730	414
			730	415
			730	416
			730	417
			730	418
			731	419
			731	420
			731	421
			731	422
			732	423
			732	424
			732	425
			732	426
			732	427
			733	428
			733	429
			733	430
			733	431
			733	432
			734	433
			734	434
			734	435
			734	436
			734	437
			735	438
			735	439
			735	440
			735	441
			735	442
			736	443
			736	444
			736	445
			736	446
			736	447
			737	448
			737	449
			737	450
			737	451
			737	452
			738	453
			738	454
			738	455
			738	456
			738	457
			739	458
			739	459
			739	460
			739	461
			739	462
			740	463
			740	464
			740	465
			740	466
			740	467
			740	468
			741	469
			741	470
			741	471
			741	472
			741	473
			742	474
			742	475
			742	476
			742	477
			742	478
			743	479
			743	480
			743	481
			743	482
			743	483
			743	484
			744	485
			744	486
			744	487
			744	488
			744	489
			744	490
			745	491
			745	492
			745	493
			745	494
			745	495
			745	496
			746	497
			746	498
			746	499
			746	500
			746	501
			747	502
			747	503
			747	504
			747	505
			748	506
			748	507
			748	508
			748	509
			748	510
			748	511
			749	512
			749	513
			749	514
			749	515
			749	516
			749	517
			749	518
			750	519
			750	520
			750	521
			750	522
			750	523
			750	524
			750	525
			750	526
			750	527
			750	528
			750	529
			750	530
			750	531
			750	532
			750	533
			750	534
			750	535
			750	536
			750	537
			750	538
			750	539
			750	540
			750	541
			750	542
			749	543
			749	544
		</curveLM07>
		<curveLM08 type=matrix rownames=FALSE colnames=FALSE nrow=49 ncol=2 as.numeric=TRUE >
			749	544
			749	545
			748	545
			748	546
			747	546
			746	546
			745	546
			744	546
			743	546
			742	546
			741	545
			740	545
			739	544
			738	544
			737	543
			736	543
			736	542
			735	541
			734	541
			733	540
			732	539
			731	538
			730	537
			729	537
			728	536
			727	535
			726	534
			725	533
			724	532
			723	531
			722	530
			721	529
			720	528
			720	527
			719	527
			719	526
			718	526
			717	525
			716	524
			715	524
			714	523
			713	523
			712	523
			711	523
			710	523
			709	523
			708	523
			707	523
			706	523
		</curveLM08>
		<curveLM09 type=matrix rownames=FALSE colnames=FALSE nrow=89 ncol=2 as.numeric=TRUE >
			706	523
			705	523
			705	524
			704	524
			704	525
			703	525
			703	526
			702	527
			702	528
			701	529
			701	530
			701	531
			700	532
			700	533
			700	534
			700	535
			699	536
			699	537
			699	538
			699	539
			699	540
			699	541
			699	542
			698	543
			698	544
			698	545
			698	546
			698	547
			698	548
			698	549
			698	550
			698	551
			698	552
			698	553
			697	554
			697	555
			697	556
			697	557
			697	558
			697	559
			696	560
			696	561
			696	562
			696	563
			696	564
			695	565
			695	566
			695	567
			695	568
			694	569
			694	570
			694	571
			694	572
			694	573
			693	573
			693	574
			693	575
			693	576
			692	577
			692	578
			692	579
			691	580
			691	581
			691	582
			690	583
			690	584
			689	585
			689	586
			689	587
			688	588
			688	589
			687	590
			687	591
			686	592
			686	593
			685	594
			685	595
			684	595
			683	596
			683	597
			682	597
			682	598
			681	599
			680	600
			679	600
			678	601
			677	601
			676	602
			675	602
		</curveLM09>
		<curveLM10 type=matrix rownames=FALSE colnames=FALSE nrow=80 ncol=2 as.numeric=TRUE >
			675	602
			674	601
			673	600
			672	599
			671	598
			670	597
			669	596
			668	595
			667	594
			667	593
			666	592
			665	591
			664	590
			664	589
			663	588
			663	587
			662	586
			661	585
			661	584
			660	583
			660	582
			660	581
			659	580
			659	579
			658	578
			658	577
			657	576
			657	575
			657	574
			657	573
			656	572
			656	571
			656	570
			656	569
			655	568
			655	567
			655	566
			655	565
			654	564
			654	563
			654	562
			654	561
			654	560
			654	559
			654	558
			654	557
			654	556
			654	555
			654	554
			653	553
			653	552
			653	551
			653	550
			653	549
			653	548
			653	547
			653	546
			653	545
			653	544
			653	543
			652	542
			652	541
			652	540
			652	539
			652	538
			652	537
			652	536
			651	535
			651	534
			651	533
			651	532
			650	531
			650	530
			650	529
			649	528
			649	527
			649	526
			648	525
			648	524
			647	523
		</curveLM10>
		<curveLM11 type=matrix rownames=FALSE colnames=FALSE nrow=45 ncol=2 as.numeric=TRUE >
			647	523
			646	523
			645	523
			644	523
			643	523
			642	524
			641	524
			640	524
			639	525
			638	525
			637	525
			636	526
			635	526
			634	526
			633	527
			632	527
			631	528
			630	529
			629	529
			628	529
			627	530
			626	530
			625	531
			624	531
			623	532
			622	532
			621	533
			620	533
			619	534
			618	535
			617	535
			616	536
			615	536
			614	536
			614	537
			613	537
			612	538
			611	538
			610	538
			609	539
			608	539
			607	539
			606	539
			605	538
			604	538
		</curveLM11>
		<curveLM12 type=matrix rownames=FALSE colnames=FALSE nrow=270 ncol=2 as.numeric=TRUE >
			604	538
			604	537
			603	537
			603	536
			603	535
			602	534
			602	533
			602	532
			602	531
			602	530
			602	529
			602	528
			602	527
			602	526
			602	525
			602	524
			602	523
			602	522
			602	521
			602	520
			602	519
			602	518
			602	517
			602	516
			602	515
			603	514
			603	513
			603	512
			603	511
			603	510
			603	509
			603	508
			603	507
			603	506
			604	505
			604	504
			604	503
			604	502
			604	501
			604	500
			604	499
			604	498
			605	497
			605	496
			605	495
			605	494
			605	493
			605	492
			605	491
			606	490
			606	489
			606	488
			606	487
			606	486
			606	485
			607	484
			607	483
			607	482
			607	481
			607	480
			607	479
			607	478
			608	478
			608	477
			608	476
			608	475
			608	474
			608	473
			608	472
			609	471
			609	470
			609	469
			609	468
			609	467
			610	466
			610	465
			610	464
			611	463
			611	462
			611	461
			611	460
			612	459
			612	458
			612	457
			612	456
			613	455
			613	454
			613	453
			613	452
			614	451
			614	450
			614	449
			614	448
			615	447
			615	446
			615	445
			615	444
			616	443
			616	442
			616	441
			616	440
			617	439
			617	438
			617	437
			617	436
			618	435
			618	434
			618	433
			618	432
			619	431
			619	430
			619	429
			619	428
			620	427
			620	426
			620	425
			621	424
			621	423
			621	422
			621	421
			621	420
			622	419
			622	418
			622	417
			622	416
			623	415
			623	414
			623	413
			623	412
			624	411
			624	410
			624	409
			624	408
			625	407
			625	406
			625	405
			625	404
			626	403
			626	402
			626	401
			626	400
			627	399
			627	398
			627	397
			627	396
			628	395
			628	394
			628	393
			628	392
			629	391
			629	390
			629	389
			629	388
			630	387
			630	386
			630	385
			630	384
			630	383
			631	383
			631	382
			631	381
			631	380
			631	379
			632	378
			632	377
			632	376
			632	375
			632	374
			633	374
			633	373
			633	372
			633	371
			633	370
			634	369
			634	368
			634	367
			634	366
			635	365
			635	364
			636	363
			636	362
			636	361
			637	360
			637	359
			638	358
			638	357
			639	356
			639	355
			639	354
			640	353
			640	352
			641	351
			641	350
			641	349
			642	348
			642	347
			642	346
			643	345
			643	344
			644	343
			644	342
			644	341
			645	340
			645	339
			645	338
			646	337
			646	336
			647	335
			647	334
			648	333
			648	332
			649	331
			649	330
			649	329
			650	328
			650	327
			651	326
			651	325
			651	324
			652	323
			652	322
			653	321
			653	320
			653	319
			654	318
			654	317
			654	316
			655	315
			655	314
			656	313
			656	312
			657	311
			657	310
			658	309
			658	308
			658	307
			659	306
			659	305
			660	304
			660	303
			660	302
			661	301
			661	300
			662	299
			662	298
			663	297
			663	296
			664	295
			664	294
			664	293
			665	292
			665	291
			666	290
			666	289
			667	288
			667	287
			668	286
			668	285
			669	284
			669	283
			670	282
			670	281
			671	280
			671	279
			672	278
			672	277
			673	276
			674	275
			674	274
			675	274
		</curveLM12>
	</curves.pixel>
	<curves.scaled type=list>
		<curveLM07 type=matrix rownames=FALSE colnames=FALSE nrow=277 ncol=2 as.numeric=TRUE >
			5.76919062498423	-2.3418640462899
			5.77773757405828	-2.3418640462899
			5.77773757405828	-2.35041099536395
			5.78628452313233	-2.35041099536395
			5.79483147220638	-2.358957944438
			5.79483147220638	-2.36750489351205
			5.80337842128043	-2.3760518425861
			5.81192537035449	-2.38459879166015
			5.81192537035449	-2.3931457407342
			5.82047231942854	-2.40169268980825
			5.82047231942854	-2.4102396388823
			5.82901926850259	-2.41878658795635
			5.82901926850259	-2.4273335370304
			5.83756621757664	-2.43588048610445
			5.83756621757664	-2.4444274351785
			5.84611316665069	-2.45297438425255
			5.84611316665069	-2.46152133332661
			5.85466011572474	-2.47006828240066
			5.85466011572474	-2.47861523147471
			5.86320706479879	-2.48716218054876
			5.86320706479879	-2.49570912962281
			5.87175401387284	-2.50425607869686
			5.87175401387284	-2.51280302777091
			5.88030096294689	-2.52134997684496
			5.88030096294689	-2.52989692591901
			5.88884791202094	-2.53844387499306
			5.88884791202094	-2.54699082406711
			5.88884791202094	-2.55553777314116
			5.89739486109499	-2.56408472221521
			5.89739486109499	-2.57263167128926
			5.90594181016904	-2.58117862036332
			5.90594181016904	-2.58972556943737
			5.91448875924309	-2.59827251851142
			5.91448875924309	-2.60681946758547
			5.92303570831714	-2.61536641665952
			5.92303570831714	-2.62391336573357
			5.92303570831714	-2.63246031480762
			5.9315826573912	-2.64100726388167
			5.9315826573912	-2.64955421295572
			5.94012960646525	-2.65810116202977
			5.94012960646525	-2.66664811110382
			5.94012960646525	-2.67519506017787
			5.9486765555393	-2.68374200925192
			5.9486765555393	-2.69228895832597
			5.95722350461335	-2.70083590740003
			5.95722350461335	-2.70938285647408
			5.9657704536874	-2.71792980554813
			5.9657704536874	-2.72647675462218
			5.97431740276145	-2.73502370369623
			5.97431740276145	-2.74357065277028
			5.97431740276145	-2.75211760184433
			5.9828643518355	-2.76066455091838
			5.9828643518355	-2.76921149999243
			5.99141130090955	-2.77775844906648
			5.99141130090955	-2.78630539814053
			5.99141130090955	-2.79485234721458
			5.9999582499836	-2.80339929628863
			5.9999582499836	-2.81194624536268
			5.9999582499836	-2.82049319443674
			6.00850519905765	-2.82904014351079
			6.0170521481317	-2.83758709258484
			6.0170521481317	-2.84613404165889
			6.0170521481317	-2.85468099073294
			6.02559909720575	-2.86322793980699
			6.02559909720575	-2.87177488888104
			6.02559909720575	-2.88032183795509
			6.0341460462798	-2.88886878702914
			6.0341460462798	-2.89741573610319
			6.04269299535385	-2.90596268517724
			6.04269299535385	-2.91450963425129
			6.04269299535385	-2.92305658332534
			6.05123994442791	-2.93160353239939
			6.05123994442791	-2.94015048147345
			6.05978689350196	-2.9486974305475
			6.05978689350196	-2.95724437962155
			6.06833384257601	-2.9657913286956
			6.06833384257601	-2.97433827776965
			6.06833384257601	-2.9828852268437
			6.07688079165006	-2.99143217591775
			6.07688079165006	-2.9999791249918
			6.08542774072411	-3.00852607406585
			6.08542774072411	-3.0170730231399
			6.08542774072411	-3.02561997221395
			6.08542774072411	-3.034166921288
			6.09397468979816	-3.034166921288
			6.09397468979816	-3.04271387036205
			6.09397468979816	-3.0512608194361
			6.10252163887221	-3.05980776851016
			6.10252163887221	-3.06835471758421
			6.11106858794626	-3.07690166665826
			6.11106858794626	-3.08544861573231
			6.11106858794626	-3.09399556480636
			6.11961553702031	-3.10254251388041
			6.11961553702031	-3.11108946295446
			6.12816248609436	-3.11963641202851
			6.12816248609436	-3.12818336110256
			6.12816248609436	-3.13673031017661
			6.13670943516841	-3.14527725925066
			6.13670943516841	-3.15382420832471
			6.14525638424246	-3.16237115739876
			6.14525638424246	-3.17091810647281
			6.14525638424246	-3.17946505554687
			6.15380333331651	-3.18801200462092
			6.15380333331651	-3.19655895369497
			6.15380333331651	-3.20510590276902
			6.16235028239056	-3.20510590276902
			6.16235028239056	-3.21365285184307
			6.16235028239056	-3.22219980091712
			6.17089723146461	-3.23074674999117
			6.17089723146461	-3.23929369906522
			6.17089723146461	-3.24784064813927
			6.17089723146461	-3.25638759721332
			6.17944418053867	-3.25638759721332
			6.17944418053867	-3.26493454628737
			6.17944418053867	-3.27348149536142
			6.17944418053867	-3.28202844443547
			6.17944418053867	-3.29057539350952
			6.18799112961272	-3.29912234258358
			6.18799112961272	-3.30766929165763
			6.18799112961272	-3.31621624073168
			6.18799112961272	-3.32476318980573
			6.18799112961272	-3.33331013887978
			6.19653807868677	-3.33331013887978
			6.19653807868677	-3.34185708795383
			6.19653807868677	-3.35040403702788
			6.19653807868677	-3.35895098610193
			6.19653807868677	-3.36749793517598
			6.20508502776082	-3.37604488425003
			6.20508502776082	-3.38459183332408
			6.20508502776082	-3.39313878239813
			6.20508502776082	-3.40168573147218
			6.21363197683487	-3.41023268054623
			6.21363197683487	-3.41877962962029
			6.21363197683487	-3.42732657869434
			6.21363197683487	-3.43587352776839
			6.21363197683487	-3.44442047684244
			6.22217892590892	-3.45296742591649
			6.22217892590892	-3.46151437499054
			6.22217892590892	-3.47006132406459
			6.22217892590892	-3.47860827313864
			6.22217892590892	-3.48715522221269
			6.23072587498297	-3.49570217128674
			6.23072587498297	-3.50424912036079
			6.23072587498297	-3.51279606943484
			6.23072587498297	-3.52134301850889
			6.23072587498297	-3.52988996758294
			6.23927282405702	-3.538436916657
			6.23927282405702	-3.54698386573105
			6.23927282405702	-3.5555308148051
			6.23927282405702	-3.56407776387915
			6.23927282405702	-3.5726247129532
			6.24781977313107	-3.58117166202725
			6.24781977313107	-3.5897186111013
			6.24781977313107	-3.59826556017535
			6.24781977313107	-3.6068125092494
			6.25636672220512	-3.61535945832345
			6.25636672220512	-3.6239064073975
			6.25636672220512	-3.63245335647155
			6.25636672220512	-3.6410003055456
			6.25636672220512	-3.64954725461965
			6.26491367127917	-3.65809420369371
			6.26491367127917	-3.66664115276776
			6.26491367127917	-3.67518810184181
			6.26491367127917	-3.68373505091586
			6.26491367127917	-3.69228199998991
			6.27346062035322	-3.70082894906396
			6.27346062035322	-3.70937589813801
			6.27346062035322	-3.71792284721206
			6.27346062035322	-3.72646979628611
			6.27346062035322	-3.73501674536016
			6.28200756942727	-3.74356369443421
			6.28200756942727	-3.75211064350826
			6.28200756942727	-3.76065759258231
			6.28200756942727	-3.76920454165636
			6.28200756942727	-3.77775149073042
			6.29055451850132	-3.78629843980447
			6.29055451850132	-3.79484538887852
			6.29055451850132	-3.80339233795257
			6.29055451850132	-3.81193928702662
			6.29055451850132	-3.82048623610067
			6.29910146757538	-3.82903318517472
			6.29910146757538	-3.83758013424877
			6.29910146757538	-3.84612708332282
			6.29910146757538	-3.85467403239687
			6.29910146757538	-3.86322098147092
			6.30764841664943	-3.87176793054497
			6.30764841664943	-3.88031487961902
			6.30764841664943	-3.88886182869307
			6.30764841664943	-3.89740877776713
			6.30764841664943	-3.90595572684118
			6.31619536572348	-3.91450267591523
			6.31619536572348	-3.92304962498928
			6.31619536572348	-3.93159657406333
			6.31619536572348	-3.94014352313738
			6.31619536572348	-3.94869047221143
			6.32474231479753	-3.95723742128548
			6.32474231479753	-3.96578437035953
			6.32474231479753	-3.97433131943358
			6.32474231479753	-3.98287826850763
			6.32474231479753	-3.99142521758168
			6.32474231479753	-3.99997216665573
			6.33328926387158	-4.00851911572978
			6.33328926387158	-4.01706606480383
			6.33328926387158	-4.02561301387789
			6.33328926387158	-4.03415996295194
			6.33328926387158	-4.04270691202599
			6.34183621294563	-4.05125386110004
			6.34183621294563	-4.05980081017409
			6.34183621294563	-4.06834775924814
			6.34183621294563	-4.07689470832219
			6.34183621294563	-4.08544165739624
			6.35038316201968	-4.09398860647029
			6.35038316201968	-4.10253555554434
			6.35038316201968	-4.11108250461839
			6.35038316201968	-4.11962945369244
			6.35038316201968	-4.12817640276649
			6.35038316201968	-4.13672335184055
			6.35893011109373	-4.1452703009146
			6.35893011109373	-4.15381724998865
			6.35893011109373	-4.1623641990627
			6.35893011109373	-4.17091114813675
			6.35893011109373	-4.1794580972108
			6.35893011109373	-4.18800504628485
			6.36747706016778	-4.1965519953589
			6.36747706016778	-4.20509894443295
			6.36747706016778	-4.213645893507
			6.36747706016778	-4.22219284258105
			6.36747706016778	-4.2307397916551
			6.36747706016778	-4.23928674072915
			6.37602400924183	-4.2478336898032
			6.37602400924183	-4.25638063887726
			6.37602400924183	-4.26492758795131
			6.37602400924183	-4.27347453702536
			6.37602400924183	-4.28202148609941
			6.38457095831588	-4.29056843517346
			6.38457095831588	-4.29911538424751
			6.38457095831588	-4.30766233332156
			6.38457095831588	-4.31620928239561
			6.39311790738993	-4.32475623146966
			6.39311790738993	-4.33330318054371
			6.39311790738993	-4.34185012961776
			6.39311790738993	-4.35039707869181
			6.39311790738993	-4.35894402776586
			6.39311790738993	-4.36749097683991
			6.40166485646398	-4.37603792591397
			6.40166485646398	-4.38458487498802
			6.40166485646398	-4.39313182406207
			6.40166485646398	-4.40167877313612
			6.40166485646398	-4.41022572221017
			6.40166485646398	-4.41877267128422
			6.40166485646398	-4.42731962035827
			6.41021180553803	-4.43586656943232
			6.41021180553803	-4.44441351850637
			6.41021180553803	-4.45296046758042
			6.41021180553803	-4.46150741665447
			6.41021180553803	-4.47005436572852
			6.41021180553803	-4.47860131480257
			6.41021180553803	-4.48714826387662
			6.41021180553803	-4.49569521295068
			6.41021180553803	-4.50424216202473
			6.41021180553803	-4.51278911109878
			6.41021180553803	-4.52133606017283
			6.41021180553803	-4.52988300924688
			6.41021180553803	-4.53842995832093
			6.41021180553803	-4.54697690739498
			6.41021180553803	-4.55552385646903
			6.41021180553803	-4.56407080554308
			6.41021180553803	-4.57261775461713
			6.41021180553803	-4.58116470369118
			6.41021180553803	-4.58971165276523
			6.41021180553803	-4.59825860183928
			6.41021180553803	-4.60680555091333
			6.41021180553803	-4.61535249998739
			6.41021180553803	-4.62389944906144
			6.41021180553803	-4.63244639813549
			6.40166485646398	-4.64099334720954
			6.40166485646398	-4.64954029628359
		</curveLM07>
		<curveLM08 type=matrix rownames=FALSE colnames=FALSE nrow=49 ncol=2 as.numeric=TRUE >
			6.40166485646398	-4.64954029628359
			6.40166485646398	-4.65808724535764
			6.39311790738993	-4.65808724535764
			6.39311790738993	-4.66663419443169
			6.38457095831588	-4.66663419443169
			6.37602400924183	-4.66663419443169
			6.36747706016778	-4.66663419443169
			6.35893011109373	-4.66663419443169
			6.35038316201968	-4.66663419443169
			6.34183621294563	-4.66663419443169
			6.33328926387158	-4.65808724535764
			6.32474231479753	-4.65808724535764
			6.31619536572348	-4.64954029628359
			6.30764841664943	-4.64954029628359
			6.29910146757538	-4.64099334720954
			6.29055451850132	-4.64099334720954
			6.29055451850132	-4.63244639813549
			6.28200756942727	-4.62389944906144
			6.27346062035322	-4.62389944906144
			6.26491367127917	-4.61535249998739
			6.25636672220512	-4.60680555091333
			6.24781977313107	-4.59825860183928
			6.23927282405702	-4.58971165276523
			6.23072587498297	-4.58971165276523
			6.22217892590892	-4.58116470369118
			6.21363197683487	-4.57261775461713
			6.20508502776082	-4.56407080554308
			6.19653807868677	-4.55552385646903
			6.18799112961272	-4.54697690739498
			6.17944418053867	-4.53842995832093
			6.17089723146461	-4.52988300924688
			6.16235028239056	-4.52133606017283
			6.15380333331651	-4.51278911109878
			6.15380333331651	-4.50424216202473
			6.14525638424246	-4.50424216202473
			6.14525638424246	-4.49569521295068
			6.13670943516841	-4.49569521295068
			6.12816248609436	-4.48714826387662
			6.11961553702031	-4.47860131480257
			6.11106858794626	-4.47860131480257
			6.10252163887221	-4.47005436572852
			6.09397468979816	-4.47005436572852
			6.08542774072411	-4.47005436572852
			6.07688079165006	-4.47005436572852
			6.06833384257601	-4.47005436572852
			6.05978689350196	-4.47005436572852
			6.05123994442791	-4.47005436572852
			6.04269299535385	-4.47005436572852
			6.0341460462798	-4.47005436572852
		</curveLM08>
		<curveLM09 type=matrix rownames=FALSE colnames=FALSE nrow=89 ncol=2 as.numeric=TRUE >
			6.0341460462798	-4.47005436572852
			6.02559909720575	-4.47005436572852
			6.02559909720575	-4.47860131480257
			6.0170521481317	-4.47860131480257
			6.0170521481317	-4.48714826387662
			6.00850519905765	-4.48714826387662
			6.00850519905765	-4.49569521295068
			5.9999582499836	-4.50424216202473
			5.9999582499836	-4.51278911109878
			5.99141130090955	-4.52133606017283
			5.99141130090955	-4.52988300924688
			5.99141130090955	-4.53842995832093
			5.9828643518355	-4.54697690739498
			5.9828643518355	-4.55552385646903
			5.9828643518355	-4.56407080554308
			5.9828643518355	-4.57261775461713
			5.97431740276145	-4.58116470369118
			5.97431740276145	-4.58971165276523
			5.97431740276145	-4.59825860183928
			5.97431740276145	-4.60680555091333
			5.97431740276145	-4.61535249998739
			5.97431740276145	-4.62389944906144
			5.97431740276145	-4.63244639813549
			5.9657704536874	-4.64099334720954
			5.9657704536874	-4.64954029628359
			5.9657704536874	-4.65808724535764
			5.9657704536874	-4.66663419443169
			5.9657704536874	-4.67518114350574
			5.9657704536874	-4.68372809257979
			5.9657704536874	-4.69227504165384
			5.9657704536874	-4.70082199072789
			5.9657704536874	-4.70936893980194
			5.9657704536874	-4.71791588887599
			5.9657704536874	-4.72646283795004
			5.95722350461335	-4.7350097870241
			5.95722350461335	-4.74355673609815
			5.95722350461335	-4.7521036851722
			5.95722350461335	-4.76065063424625
			5.95722350461335	-4.7691975833203
			5.95722350461335	-4.77774453239435
			5.9486765555393	-4.7862914814684
			5.9486765555393	-4.79483843054245
			5.9486765555393	-4.8033853796165
			5.9486765555393	-4.81193232869055
			5.9486765555393	-4.8204792777646
			5.94012960646525	-4.82902622683865
			5.94012960646525	-4.8375731759127
			5.94012960646525	-4.84612012498675
			5.94012960646525	-4.85466707406081
			5.9315826573912	-4.86321402313486
			5.9315826573912	-4.87176097220891
			5.9315826573912	-4.88030792128296
			5.9315826573912	-4.88885487035701
			5.9315826573912	-4.89740181943106
			5.92303570831714	-4.89740181943106
			5.92303570831714	-4.90594876850511
			5.92303570831714	-4.91449571757916
			5.92303570831714	-4.92304266665321
			5.91448875924309	-4.93158961572726
			5.91448875924309	-4.94013656480131
			5.91448875924309	-4.94868351387536
			5.90594181016904	-4.95723046294941
			5.90594181016904	-4.96577741202346
			5.90594181016904	-4.97432436109751
			5.89739486109499	-4.98287131017157
			5.89739486109499	-4.99141825924562
			5.88884791202094	-4.99996520831967
			5.88884791202094	-5.00851215739372
			5.88884791202094	-5.01705910646777
			5.88030096294689	-5.02560605554182
			5.88030096294689	-5.03415300461587
			5.87175401387284	-5.04269995368992
			5.87175401387284	-5.05124690276397
			5.86320706479879	-5.05979385183802
			5.86320706479879	-5.06834080091207
			5.85466011572474	-5.07688774998612
			5.85466011572474	-5.08543469906017
			5.84611316665069	-5.08543469906017
			5.83756621757664	-5.09398164813422
			5.83756621757664	-5.10252859720828
			5.82901926850259	-5.10252859720828
			5.82901926850259	-5.11107554628233
			5.82047231942854	-5.11962249535638
			5.81192537035449	-5.12816944443043
			5.80337842128043	-5.12816944443043
			5.79483147220638	-5.13671639350448
			5.78628452313233	-5.13671639350448
			5.77773757405828	-5.14526334257853
			5.76919062498423	-5.14526334257853
		</curveLM09>
		<curveLM10 type=matrix rownames=FALSE colnames=FALSE nrow=80 ncol=2 as.numeric=TRUE >
			5.76919062498423	-5.14526334257853
			5.76064367591018	-5.13671639350448
			5.75209672683613	-5.12816944443043
			5.74354977776208	-5.11962249535638
			5.73500282868803	-5.11107554628233
			5.72645587961398	-5.10252859720828
			5.71790893053993	-5.09398164813422
			5.70936198146588	-5.08543469906017
			5.70081503239183	-5.07688774998612
			5.70081503239183	-5.06834080091207
			5.69226808331778	-5.05979385183802
			5.68372113424372	-5.05124690276397
			5.67517418516967	-5.04269995368992
			5.67517418516967	-5.03415300461587
			5.66662723609562	-5.02560605554182
			5.66662723609562	-5.01705910646777
			5.65808028702157	-5.00851215739372
			5.64953333794752	-4.99996520831967
			5.64953333794752	-4.99141825924562
			5.64098638887347	-4.98287131017157
			5.64098638887347	-4.97432436109751
			5.64098638887347	-4.96577741202346
			5.63243943979942	-4.95723046294941
			5.63243943979942	-4.94868351387536
			5.62389249072537	-4.94013656480131
			5.62389249072537	-4.93158961572726
			5.61534554165132	-4.92304266665321
			5.61534554165132	-4.91449571757916
			5.61534554165132	-4.90594876850511
			5.61534554165132	-4.89740181943106
			5.60679859257727	-4.88885487035701
			5.60679859257727	-4.88030792128296
			5.60679859257727	-4.87176097220891
			5.60679859257727	-4.86321402313486
			5.59825164350322	-4.85466707406081
			5.59825164350322	-4.84612012498675
			5.59825164350322	-4.8375731759127
			5.59825164350322	-4.82902622683865
			5.58970469442917	-4.8204792777646
			5.58970469442917	-4.81193232869055
			5.58970469442917	-4.8033853796165
			5.58970469442917	-4.79483843054245
			5.58970469442917	-4.7862914814684
			5.58970469442917	-4.77774453239435
			5.58970469442917	-4.7691975833203
			5.58970469442917	-4.76065063424625
			5.58970469442917	-4.7521036851722
			5.58970469442917	-4.74355673609815
			5.58970469442917	-4.7350097870241
			5.58115774535512	-4.72646283795004
			5.58115774535512	-4.71791588887599
			5.58115774535512	-4.70936893980194
			5.58115774535512	-4.70082199072789
			5.58115774535512	-4.69227504165384
			5.58115774535512	-4.68372809257979
			5.58115774535512	-4.67518114350574
			5.58115774535512	-4.66663419443169
			5.58115774535512	-4.65808724535764
			5.58115774535512	-4.64954029628359
			5.58115774535512	-4.64099334720954
			5.57261079628107	-4.63244639813549
			5.57261079628107	-4.62389944906144
			5.57261079628107	-4.61535249998739
			5.57261079628107	-4.60680555091333
			5.57261079628107	-4.59825860183928
			5.57261079628107	-4.58971165276523
			5.57261079628107	-4.58116470369118
			5.56406384720701	-4.57261775461713
			5.56406384720701	-4.56407080554308
			5.56406384720701	-4.55552385646903
			5.56406384720701	-4.54697690739498
			5.55551689813296	-4.53842995832093
			5.55551689813296	-4.52988300924688
			5.55551689813296	-4.52133606017283
			5.54696994905891	-4.51278911109878
			5.54696994905891	-4.50424216202473
			5.54696994905891	-4.49569521295068
			5.53842299998486	-4.48714826387662
			5.53842299998486	-4.47860131480257
			5.52987605091081	-4.47005436572852
		</curveLM10>
		<curveLM11 type=matrix rownames=FALSE colnames=FALSE nrow=45 ncol=2 as.numeric=TRUE >
			5.52987605091081	-4.47005436572852
			5.52132910183676	-4.47005436572852
			5.51278215276271	-4.47005436572852
			5.50423520368866	-4.47005436572852
			5.49568825461461	-4.47005436572852
			5.48714130554056	-4.47860131480257
			5.47859435646651	-4.47860131480257
			5.47004740739246	-4.47860131480257
			5.46150045831841	-4.48714826387662
			5.45295350924436	-4.48714826387662
			5.4444065601703	-4.48714826387662
			5.43585961109625	-4.49569521295068
			5.4273126620222	-4.49569521295068
			5.41876571294815	-4.49569521295068
			5.4102187638741	-4.50424216202473
			5.40167181480005	-4.50424216202473
			5.393124865726	-4.51278911109878
			5.38457791665195	-4.52133606017283
			5.3760309675779	-4.52133606017283
			5.36748401850385	-4.52133606017283
			5.3589370694298	-4.52988300924688
			5.35039012035575	-4.52988300924688
			5.3418431712817	-4.53842995832093
			5.33329622220764	-4.53842995832093
			5.32474927313359	-4.54697690739498
			5.31620232405954	-4.54697690739498
			5.30765537498549	-4.55552385646903
			5.29910842591144	-4.55552385646903
			5.29056147683739	-4.56407080554308
			5.28201452776334	-4.57261775461713
			5.27346757868929	-4.57261775461713
			5.26492062961524	-4.58116470369118
			5.25637368054119	-4.58116470369118
			5.24782673146714	-4.58116470369118
			5.24782673146714	-4.58971165276523
			5.23927978239309	-4.58971165276523
			5.23073283331904	-4.59825860183928
			5.22218588424499	-4.59825860183928
			5.21363893517093	-4.59825860183928
			5.20509198609688	-4.60680555091333
			5.19654503702283	-4.60680555091333
			5.18799808794878	-4.60680555091333
			5.17945113887473	-4.60680555091333
			5.17090418980068	-4.59825860183928
			5.16235724072663	-4.59825860183928
		</curveLM11>
		<curveLM12 type=matrix rownames=FALSE colnames=FALSE nrow=270 ncol=2 as.numeric=TRUE >
			5.16235724072663	-4.59825860183928
			5.16235724072663	-4.58971165276523
			5.15381029165258	-4.58971165276523
			5.15381029165258	-4.58116470369118
			5.15381029165258	-4.57261775461713
			5.14526334257853	-4.56407080554308
			5.14526334257853	-4.55552385646903
			5.14526334257853	-4.54697690739498
			5.14526334257853	-4.53842995832093
			5.14526334257853	-4.52988300924688
			5.14526334257853	-4.52133606017283
			5.14526334257853	-4.51278911109878
			5.14526334257853	-4.50424216202473
			5.14526334257853	-4.49569521295068
			5.14526334257853	-4.48714826387662
			5.14526334257853	-4.47860131480257
			5.14526334257853	-4.47005436572852
			5.14526334257853	-4.46150741665447
			5.14526334257853	-4.45296046758042
			5.14526334257853	-4.44441351850637
			5.14526334257853	-4.43586656943232
			5.14526334257853	-4.42731962035827
			5.14526334257853	-4.41877267128422
			5.14526334257853	-4.41022572221017
			5.14526334257853	-4.40167877313612
			5.15381029165258	-4.39313182406207
			5.15381029165258	-4.38458487498802
			5.15381029165258	-4.37603792591397
			5.15381029165258	-4.36749097683991
			5.15381029165258	-4.35894402776586
			5.15381029165258	-4.35039707869181
			5.15381029165258	-4.34185012961776
			5.15381029165258	-4.33330318054371
			5.15381029165258	-4.32475623146966
			5.16235724072663	-4.31620928239561
			5.16235724072663	-4.30766233332156
			5.16235724072663	-4.29911538424751
			5.16235724072663	-4.29056843517346
			5.16235724072663	-4.28202148609941
			5.16235724072663	-4.27347453702536
			5.16235724072663	-4.26492758795131
			5.16235724072663	-4.25638063887726
			5.17090418980068	-4.2478336898032
			5.17090418980068	-4.23928674072915
			5.17090418980068	-4.2307397916551
			5.17090418980068	-4.22219284258105
			5.17090418980068	-4.213645893507
			5.17090418980068	-4.20509894443295
			5.17090418980068	-4.1965519953589
			5.17945113887473	-4.18800504628485
			5.17945113887473	-4.1794580972108
			5.17945113887473	-4.17091114813675
			5.17945113887473	-4.1623641990627
			5.17945113887473	-4.15381724998865
			5.17945113887473	-4.1452703009146
			5.18799808794878	-4.13672335184055
			5.18799808794878	-4.12817640276649
			5.18799808794878	-4.11962945369244
			5.18799808794878	-4.11108250461839
			5.18799808794878	-4.10253555554434
			5.18799808794878	-4.09398860647029
			5.18799808794878	-4.08544165739624
			5.19654503702283	-4.08544165739624
			5.19654503702283	-4.07689470832219
			5.19654503702283	-4.06834775924814
			5.19654503702283	-4.05980081017409
			5.19654503702283	-4.05125386110004
			5.19654503702283	-4.04270691202599
			5.19654503702283	-4.03415996295194
			5.20509198609688	-4.02561301387789
			5.20509198609688	-4.01706606480383
			5.20509198609688	-4.00851911572978
			5.20509198609688	-3.99997216665573
			5.20509198609688	-3.99142521758168
			5.21363893517093	-3.98287826850763
			5.21363893517093	-3.97433131943358
			5.21363893517093	-3.96578437035953
			5.22218588424499	-3.95723742128548
			5.22218588424499	-3.94869047221143
			5.22218588424499	-3.94014352313738
			5.22218588424499	-3.93159657406333
			5.23073283331904	-3.92304962498928
			5.23073283331904	-3.91450267591523
			5.23073283331904	-3.90595572684118
			5.23073283331904	-3.89740877776713
			5.23927978239309	-3.88886182869307
			5.23927978239309	-3.88031487961902
			5.23927978239309	-3.87176793054497
			5.23927978239309	-3.86322098147092
			5.24782673146714	-3.85467403239687
			5.24782673146714	-3.84612708332282
			5.24782673146714	-3.83758013424877
			5.24782673146714	-3.82903318517472
			5.25637368054119	-3.82048623610067
			5.25637368054119	-3.81193928702662
			5.25637368054119	-3.80339233795257
			5.25637368054119	-3.79484538887852
			5.26492062961524	-3.78629843980447
			5.26492062961524	-3.77775149073042
			5.26492062961524	-3.76920454165636
			5.26492062961524	-3.76065759258231
			5.27346757868929	-3.75211064350826
			5.27346757868929	-3.74356369443421
			5.27346757868929	-3.73501674536016
			5.27346757868929	-3.72646979628611
			5.28201452776334	-3.71792284721206
			5.28201452776334	-3.70937589813801
			5.28201452776334	-3.70082894906396
			5.28201452776334	-3.69228199998991
			5.29056147683739	-3.68373505091586
			5.29056147683739	-3.67518810184181
			5.29056147683739	-3.66664115276776
			5.29056147683739	-3.65809420369371
			5.29910842591144	-3.64954725461965
			5.29910842591144	-3.6410003055456
			5.29910842591144	-3.63245335647155
			5.30765537498549	-3.6239064073975
			5.30765537498549	-3.61535945832345
			5.30765537498549	-3.6068125092494
			5.30765537498549	-3.59826556017535
			5.30765537498549	-3.5897186111013
			5.31620232405954	-3.58117166202725
			5.31620232405954	-3.5726247129532
			5.31620232405954	-3.56407776387915
			5.31620232405954	-3.5555308148051
			5.32474927313359	-3.54698386573105
			5.32474927313359	-3.538436916657
			5.32474927313359	-3.52988996758294
			5.32474927313359	-3.52134301850889
			5.33329622220764	-3.51279606943484
			5.33329622220764	-3.50424912036079
			5.33329622220764	-3.49570217128674
			5.33329622220764	-3.48715522221269
			5.3418431712817	-3.47860827313864
			5.3418431712817	-3.47006132406459
			5.3418431712817	-3.46151437499054
			5.3418431712817	-3.45296742591649
			5.35039012035575	-3.44442047684244
			5.35039012035575	-3.43587352776839
			5.35039012035575	-3.42732657869434
			5.35039012035575	-3.41877962962029
			5.3589370694298	-3.41023268054623
			5.3589370694298	-3.40168573147218
			5.3589370694298	-3.39313878239813
			5.3589370694298	-3.38459183332408
			5.36748401850385	-3.37604488425003
			5.36748401850385	-3.36749793517598
			5.36748401850385	-3.35895098610193
			5.36748401850385	-3.35040403702788
			5.3760309675779	-3.34185708795383
			5.3760309675779	-3.33331013887978
			5.3760309675779	-3.32476318980573
			5.3760309675779	-3.31621624073168
			5.38457791665195	-3.30766929165763
			5.38457791665195	-3.29912234258358
			5.38457791665195	-3.29057539350952
			5.38457791665195	-3.28202844443547
			5.38457791665195	-3.27348149536142
			5.393124865726	-3.27348149536142
			5.393124865726	-3.26493454628737
			5.393124865726	-3.25638759721332
			5.393124865726	-3.24784064813927
			5.393124865726	-3.23929369906522
			5.40167181480005	-3.23074674999117
			5.40167181480005	-3.22219980091712
			5.40167181480005	-3.21365285184307
			5.40167181480005	-3.20510590276902
			5.40167181480005	-3.19655895369497
			5.4102187638741	-3.19655895369497
			5.4102187638741	-3.18801200462092
			5.4102187638741	-3.17946505554687
			5.4102187638741	-3.17091810647281
			5.4102187638741	-3.16237115739876
			5.41876571294815	-3.15382420832471
			5.41876571294815	-3.14527725925066
			5.41876571294815	-3.13673031017661
			5.41876571294815	-3.12818336110256
			5.4273126620222	-3.11963641202851
			5.4273126620222	-3.11108946295446
			5.43585961109625	-3.10254251388041
			5.43585961109625	-3.09399556480636
			5.43585961109625	-3.08544861573231
			5.4444065601703	-3.07690166665826
			5.4444065601703	-3.06835471758421
			5.45295350924436	-3.05980776851016
			5.45295350924436	-3.0512608194361
			5.46150045831841	-3.04271387036205
			5.46150045831841	-3.034166921288
			5.46150045831841	-3.02561997221395
			5.47004740739246	-3.0170730231399
			5.47004740739246	-3.00852607406585
			5.47859435646651	-2.9999791249918
			5.47859435646651	-2.99143217591775
			5.47859435646651	-2.9828852268437
			5.48714130554056	-2.97433827776965
			5.48714130554056	-2.9657913286956
			5.48714130554056	-2.95724437962155
			5.49568825461461	-2.9486974305475
			5.49568825461461	-2.94015048147345
			5.50423520368866	-2.93160353239939
			5.50423520368866	-2.92305658332534
			5.50423520368866	-2.91450963425129
			5.51278215276271	-2.90596268517724
			5.51278215276271	-2.89741573610319
			5.51278215276271	-2.88886878702914
			5.52132910183676	-2.88032183795509
			5.52132910183676	-2.87177488888104
			5.52987605091081	-2.86322793980699
			5.52987605091081	-2.85468099073294
			5.53842299998486	-2.84613404165889
			5.53842299998486	-2.83758709258484
			5.54696994905891	-2.82904014351079
			5.54696994905891	-2.82049319443674
			5.54696994905891	-2.81194624536268
			5.55551689813296	-2.80339929628863
			5.55551689813296	-2.79485234721458
			5.56406384720701	-2.78630539814053
			5.56406384720701	-2.77775844906648
			5.56406384720701	-2.76921149999243
			5.57261079628107	-2.76066455091838
			5.57261079628107	-2.75211760184433
			5.58115774535512	-2.74357065277028
			5.58115774535512	-2.73502370369623
			5.58115774535512	-2.72647675462218
			5.58970469442917	-2.71792980554813
			5.58970469442917	-2.70938285647408
			5.58970469442917	-2.70083590740003
			5.59825164350322	-2.69228895832597
			5.59825164350322	-2.68374200925192
			5.60679859257727	-2.67519506017787
			5.60679859257727	-2.66664811110382
			5.61534554165132	-2.65810116202977
			5.61534554165132	-2.64955421295572
			5.62389249072537	-2.64100726388167
			5.62389249072537	-2.63246031480762
			5.62389249072537	-2.62391336573357
			5.63243943979942	-2.61536641665952
			5.63243943979942	-2.60681946758547
			5.64098638887347	-2.59827251851142
			5.64098638887347	-2.58972556943737
			5.64098638887347	-2.58117862036332
			5.64953333794752	-2.57263167128926
			5.64953333794752	-2.56408472221521
			5.65808028702157	-2.55553777314116
			5.65808028702157	-2.54699082406711
			5.66662723609562	-2.53844387499306
			5.66662723609562	-2.52989692591901
			5.67517418516967	-2.52134997684496
			5.67517418516967	-2.51280302777091
			5.67517418516967	-2.50425607869686
			5.68372113424372	-2.49570912962281
			5.68372113424372	-2.48716218054876
			5.69226808331778	-2.47861523147471
			5.69226808331778	-2.47006828240066
			5.70081503239183	-2.46152133332661
			5.70081503239183	-2.45297438425255
			5.70936198146588	-2.4444274351785
			5.70936198146588	-2.43588048610445
			5.71790893053993	-2.4273335370304
			5.71790893053993	-2.41878658795635
			5.72645587961398	-2.4102396388823
			5.72645587961398	-2.40169268980825
			5.73500282868803	-2.3931457407342
			5.73500282868803	-2.38459879166015
			5.74354977776208	-2.3760518425861
			5.74354977776208	-2.36750489351205
			5.75209672683613	-2.358957944438
			5.76064367591018	-2.35041099536395
			5.76064367591018	-2.3418640462899
			5.76919062498423	-2.3418640462899
		</curveLM12>
	</curves.scaled>
	<ruler.points type=matrix rownames=TRUE colnames=FALSE nrow=5 ncol=2 as.numeric=TRUE >
		Ruler point 1	210	813
		Ruler point 2	327	814
		Ruler point 3	444	814
		Ruler point 4	561	815
		Ruler point 5	678	814
	</ruler.points>
</shapes>

