<shapes type=list>
	<ruler.pixel type=vector names=FALSE length=1 as.numeric=TRUE >117</ruler.pixel>
	<ruler.interval type=vector names=FALSE length=1 as.numeric=TRUE >1</ruler.interval>
	<scaling.units type=vector names=FALSE length=1 as.numeric=FALSE >cm</scaling.units>
	<scaling type=vector names=FALSE length=1 as.numeric=TRUE >0.00854700854700855</scaling>
	<landmarks.pixel type=matrix rownames=TRUE colnames=FALSE nrow=6 ncol=2 as.numeric=TRUE >
		LM01	902	828
		LM02	1001	1162
		LM03	937	1123
		LM04	901	1196
		LM05	867	1128
		LM06	802	1155
	</landmarks.pixel>
	<landmarks.scaled type=matrix rownames=TRUE colnames=FALSE nrow=6 ncol=2 as.numeric=TRUE >
		LM01	7.70940170940171	-7.07692307692308
		LM02	8.55555555555556	-9.93162393162393
		LM03	8.00854700854701	-9.5982905982906
		LM04	7.7008547008547	-10.2222222222222
		LM05	7.41025641025641	-9.64102564102564
		LM06	6.85470085470086	-9.87179487179487
	</landmarks.scaled>
	<curves.control type=list>
		<curveLM07 type=matrix rownames=FALSE colnames=FALSE nrow=7 ncol=2 as.numeric=TRUE >
			902	828
			934	875
			957	972
			979	1053
			999	1112
			1006	1161
			1001	1162
		</curveLM07>
		<curveLM08 type=matrix rownames=FALSE colnames=FALSE nrow=3 ncol=2 as.numeric=TRUE >
			1001	1162
			993	1170
			937	1123
		</curveLM08>
		<curveLM09 type=matrix rownames=FALSE colnames=FALSE nrow=5 ncol=2 as.numeric=TRUE >
			937	1123
			928	1130
			919	1176
			913	1198
			901	1196
		</curveLM09>
		<curveLM10 type=matrix rownames=FALSE colnames=FALSE nrow=5 ncol=2 as.numeric=TRUE >
			901	1196
			881	1199
			877	1154
			875	1137
			867	1128
		</curveLM10>
		<curveLM11 type=matrix rownames=FALSE colnames=FALSE nrow=5 ncol=2 as.numeric=TRUE >
			867	1128
			853	1127
			834	1143
			810	1160
			802	1155
		</curveLM11>
		<curveLM12 type=matrix rownames=FALSE colnames=FALSE nrow=5 ncol=2 as.numeric=TRUE >
			802	1155
			793	1155
			815	1075
			837	914
			902	828
		</curveLM12>
	</curves.control>
	<curves.pixel type=list>
		<curveLM07 type=matrix rownames=FALSE colnames=FALSE nrow=344 ncol=2 as.numeric=TRUE >
			902	828
			903	829
			903	830
			904	830
			904	831
			905	832
			905	833
			906	834
			906	835
			907	836
			908	837
			909	838
			909	839
			910	840
			910	841
			911	842
			911	843
			912	844
			913	845
			913	846
			913	847
			914	848
			914	849
			915	849
			915	850
			916	851
			916	852
			917	853
			917	854
			917	855
			918	855
			918	856
			919	857
			919	858
			920	859
			920	860
			920	861
			921	862
			921	863
			922	864
			922	865
			923	865
			923	866
			923	867
			924	868
			924	869
			925	870
			925	871
			926	872
			926	873
			926	874
			927	875
			927	876
			928	877
			928	878
			928	879
			929	880
			929	881
			930	882
			930	883
			931	884
			931	885
			931	886
			932	887
			932	888
			932	889
			933	890
			933	891
			933	892
			934	893
			934	894
			935	895
			935	896
			935	897
			936	898
			936	899
			936	900
			937	901
			937	902
			937	903
			938	904
			938	905
			938	906
			939	907
			939	908
			939	909
			940	910
			940	911
			940	912
			941	913
			941	914
			941	915
			942	916
			942	917
			942	918
			943	919
			943	920
			943	921
			944	922
			944	923
			944	924
			945	925
			945	926
			945	927
			945	928
			946	929
			946	930
			946	931
			946	932
			947	932
			947	933
			947	934
			947	935
			948	936
			948	937
			948	938
			949	939
			949	940
			949	941
			949	942
			950	943
			950	944
			950	945
			950	946
			951	947
			951	948
			951	949
			952	950
			952	951
			952	952
			952	953
			953	954
			953	955
			953	956
			953	957
			954	958
			954	959
			954	960
			954	961
			955	962
			955	963
			955	964
			955	965
			956	966
			956	967
			956	968
			956	969
			957	970
			957	971
			957	972
			957	973
			957	974
			958	974
			958	975
			958	976
			958	977
			959	978
			959	979
			959	980
			959	981
			960	982
			960	983
			960	984
			961	985
			961	986
			961	987
			961	988
			962	989
			962	990
			962	991
			963	992
			963	993
			963	994
			963	995
			964	996
			964	997
			964	998
			964	999
			965	999
			965	1000
			965	1001
			965	1002
			966	1003
			966	1004
			966	1005
			966	1006
			967	1007
			967	1008
			967	1009
			968	1010
			968	1011
			968	1012
			968	1013
			969	1014
			969	1015
			969	1016
			970	1017
			970	1018
			970	1019
			970	1020
			971	1021
			971	1022
			971	1023
			971	1024
			972	1025
			972	1026
			973	1027
			973	1028
			973	1029
			973	1030
			974	1031
			974	1032
			974	1033
			975	1034
			975	1035
			975	1036
			975	1037
			976	1038
			976	1039
			976	1040
			976	1041
			977	1042
			977	1043
			978	1044
			978	1045
			978	1046
			978	1047
			979	1048
			979	1049
			979	1050
			980	1051
			980	1052
			980	1053
			981	1054
			981	1055
			981	1056
			981	1057
			982	1058
			982	1059
			982	1060
			983	1061
			983	1062
			983	1063
			984	1064
			984	1065
			984	1066
			985	1067
			985	1068
			985	1069
			985	1070
			986	1071
			986	1072
			986	1073
			987	1074
			987	1075
			987	1076
			988	1077
			988	1078
			988	1079
			989	1080
			989	1081
			989	1082
			990	1083
			990	1084
			990	1085
			990	1086
			991	1086
			991	1087
			991	1088
			991	1089
			992	1090
			992	1091
			992	1092
			993	1093
			993	1094
			993	1095
			994	1096
			994	1097
			994	1098
			995	1099
			995	1100
			995	1101
			996	1102
			996	1103
			996	1104
			997	1105
			997	1106
			997	1107
			998	1108
			998	1109
			998	1110
			999	1111
			999	1112
			999	1113
			999	1114
			999	1115
			1000	1116
			1000	1117
			1000	1118
			1000	1119
			1000	1120
			1000	1121
			1000	1122
			1000	1123
			1001	1124
			1001	1125
			1001	1126
			1001	1127
			1001	1128
			1001	1129
			1001	1130
			1002	1131
			1002	1132
			1002	1133
			1002	1134
			1002	1135
			1002	1136
			1002	1137
			1002	1138
			1002	1139
			1002	1140
			1002	1141
			1003	1142
			1003	1143
			1003	1144
			1003	1145
			1003	1146
			1003	1147
			1003	1148
			1003	1149
			1003	1150
			1003	1151
			1003	1152
			1003	1153
			1003	1154
			1003	1155
			1003	1156
			1003	1157
			1003	1158
			1003	1159
			1002	1160
			1002	1161
			1002	1162
			1001	1162
		</curveLM07>
		<curveLM08 type=matrix rownames=FALSE colnames=FALSE nrow=68 ncol=2 as.numeric=TRUE >
			1001	1162
			1000	1163
			999	1163
			998	1163
			997	1163
			996	1163
			995	1163
			994	1162
			993	1162
			992	1162
			991	1162
			990	1161
			989	1161
			988	1160
			987	1160
			986	1159
			985	1159
			984	1158
			983	1158
			982	1157
			981	1156
			980	1155
			979	1155
			978	1154
			977	1154
			977	1153
			976	1153
			975	1152
			974	1152
			973	1151
			972	1151
			972	1150
			971	1149
			970	1149
			969	1148
			968	1148
			967	1147
			966	1146
			965	1145
			964	1145
			963	1144
			962	1143
			961	1143
			960	1142
			959	1141
			958	1140
			957	1139
			956	1139
			955	1138
			954	1137
			953	1136
			952	1135
			951	1134
			950	1133
			949	1133
			948	1132
			947	1131
			946	1131
			946	1130
			945	1130
			944	1129
			943	1128
			942	1127
			941	1126
			940	1125
			939	1125
			938	1124
			937	1123
		</curveLM08>
		<curveLM09 type=matrix rownames=FALSE colnames=FALSE nrow=83 ncol=2 as.numeric=TRUE >
			937	1123
			936	1124
			935	1125
			934	1126
			934	1127
			933	1128
			932	1129
			932	1130
			931	1131
			931	1132
			931	1133
			930	1134
			930	1135
			929	1136
			929	1137
			929	1138
			928	1139
			928	1140
			928	1141
			927	1142
			927	1143
			927	1144
			926	1145
			926	1146
			926	1147
			925	1148
			925	1149
			925	1150
			925	1151
			924	1152
			924	1153
			924	1154
			924	1155
			923	1156
			923	1157
			923	1158
			923	1159
			922	1160
			922	1161
			922	1162
			922	1163
			922	1164
			921	1164
			921	1165
			921	1166
			921	1167
			921	1168
			920	1169
			920	1170
			920	1171
			920	1172
			920	1173
			919	1174
			919	1175
			919	1176
			919	1177
			918	1178
			918	1179
			918	1180
			917	1181
			917	1182
			917	1183
			916	1184
			916	1185
			915	1186
			915	1187
			914	1188
			914	1189
			913	1190
			912	1191
			912	1192
			911	1192
			910	1193
			910	1194
			909	1194
			908	1195
			907	1195
			906	1196
			905	1196
			904	1196
			903	1196
			902	1196
			901	1196
		</curveLM09>
		<curveLM10 type=matrix rownames=FALSE colnames=FALSE nrow=81 ncol=2 as.numeric=TRUE >
			901	1196
			900	1196
			899	1196
			898	1196
			897	1196
			896	1196
			895	1196
			894	1195
			893	1195
			892	1194
			891	1194
			890	1193
			889	1192
			888	1192
			888	1191
			887	1190
			886	1189
			885	1188
			885	1187
			884	1186
			884	1185
			884	1184
			883	1184
			883	1183
			883	1182
			882	1181
			882	1180
			882	1179
			881	1178
			881	1177
			881	1176
			880	1175
			880	1174
			880	1173
			880	1172
			879	1171
			879	1170
			879	1169
			879	1168
			879	1167
			879	1166
			878	1165
			878	1164
			878	1163
			878	1162
			878	1161
			878	1160
			878	1159
			877	1158
			877	1157
			877	1156
			877	1155
			877	1154
			877	1153
			877	1152
			877	1151
			876	1150
			876	1149
			876	1148
			876	1147
			876	1146
			875	1145
			875	1144
			875	1143
			874	1142
			874	1141
			874	1140
			873	1139
			873	1138
			873	1137
			872	1136
			872	1135
			871	1134
			871	1133
			870	1133
			870	1132
			869	1131
			869	1130
			868	1130
			868	1129
			867	1128
		</curveLM10>
		<curveLM11 type=matrix rownames=FALSE colnames=FALSE nrow=67 ncol=2 as.numeric=TRUE >
			867	1128
			866	1128
			865	1128
			864	1128
			863	1128
			862	1128
			861	1128
			860	1129
			859	1129
			858	1129
			857	1129
			856	1130
			855	1130
			854	1130
			853	1131
			852	1131
			851	1132
			850	1132
			849	1133
			848	1133
			847	1134
			846	1134
			845	1135
			844	1135
			843	1136
			842	1137
			841	1138
			840	1139
			839	1139
			838	1140
			837	1141
			836	1141
			836	1142
			835	1142
			834	1143
			833	1144
			832	1145
			831	1145
			830	1146
			829	1146
			828	1147
			827	1148
			826	1148
			825	1149
			824	1150
			823	1150
			822	1151
			821	1151
			820	1152
			819	1152
			818	1153
			817	1153
			816	1154
			815	1154
			814	1155
			813	1155
			812	1155
			811	1155
			810	1156
			809	1156
			808	1156
			807	1156
			806	1156
			805	1156
			804	1156
			803	1155
			802	1155
		</curveLM11>
		<curveLM12 type=matrix rownames=FALSE colnames=FALSE nrow=338 ncol=2 as.numeric=TRUE >
			802	1155
			801	1155
			801	1154
			800	1153
			800	1152
			799	1151
			799	1150
			799	1149
			799	1148
			799	1147
			799	1146
			800	1145
			800	1144
			800	1143
			800	1142
			800	1141
			800	1140
			800	1139
			800	1138
			800	1137
			801	1136
			801	1135
			801	1134
			801	1133
			801	1132
			801	1131
			802	1130
			802	1129
			802	1128
			802	1127
			802	1126
			803	1125
			803	1124
			803	1123
			803	1122
			803	1121
			804	1120
			804	1119
			804	1118
			804	1117
			805	1116
			805	1115
			805	1114
			805	1113
			806	1112
			806	1111
			806	1110
			806	1109
			806	1108
			807	1107
			807	1106
			807	1105
			807	1104
			808	1103
			808	1102
			808	1101
			808	1100
			809	1099
			809	1098
			809	1097
			809	1096
			810	1095
			810	1094
			810	1093
			810	1092
			811	1091
			811	1090
			811	1089
			811	1088
			812	1087
			812	1086
			812	1085
			813	1084
			813	1083
			813	1082
			813	1081
			814	1080
			814	1079
			814	1078
			814	1077
			815	1076
			815	1075
			815	1074
			815	1073
			815	1072
			816	1071
			816	1070
			816	1069
			816	1068
			816	1067
			816	1066
			816	1065
			817	1064
			817	1063
			817	1062
			817	1061
			817	1060
			817	1059
			818	1058
			818	1057
			818	1056
			818	1055
			818	1054
			818	1053
			818	1052
			819	1051
			819	1050
			819	1049
			819	1048
			819	1047
			819	1046
			820	1045
			820	1044
			820	1043
			820	1042
			820	1041
			820	1040
			821	1039
			821	1038
			821	1037
			821	1036
			821	1035
			822	1034
			822	1033
			822	1032
			822	1031
			822	1030
			822	1029
			823	1028
			823	1027
			823	1026
			823	1025
			823	1024
			824	1023
			824	1022
			824	1021
			824	1020
			824	1019
			825	1018
			825	1017
			825	1016
			825	1015
			825	1014
			826	1013
			826	1012
			826	1011
			826	1010
			827	1009
			827	1008
			827	1007
			827	1006
			827	1005
			828	1004
			828	1003
			828	1002
			828	1001
			828	1000
			829	999
			829	998
			829	997
			830	996
			830	995
			830	994
			830	993
			830	992
			831	991
			831	990
			831	989
			831	988
			832	987
			832	986
			832	985
			832	984
			833	983
			833	982
			833	981
			833	980
			834	979
			834	978
			834	977
			834	976
			835	975
			835	974
			835	973
			836	972
			836	971
			836	970
			836	969
			837	968
			837	967
			837	966
			838	965
			838	964
			838	963
			838	962
			839	961
			839	960
			839	959
			840	958
			840	957
			840	956
			840	955
			841	954
			841	953
			841	952
			842	952
			842	951
			842	950
			842	949
			843	948
			843	947
			843	946
			844	945
			844	944
			844	943
			844	942
			845	941
			845	940
			846	939
			846	938
			846	937
			847	936
			847	935
			847	934
			848	933
			848	932
			848	931
			849	930
			849	929
			849	928
			850	927
			850	926
			850	925
			851	924
			851	923
			852	922
			852	921
			852	920
			853	919
			853	918
			854	917
			854	916
			854	915
			855	914
			855	913
			856	912
			856	911
			856	910
			857	909
			857	908
			858	907
			858	906
			859	905
			859	904
			859	903
			860	902
			860	901
			861	900
			861	899
			862	898
			862	897
			862	896
			863	896
			863	895
			863	894
			864	893
			864	892
			865	891
			865	890
			866	889
			866	888
			866	887
			867	887
			867	886
			868	885
			868	884
			868	883
			869	882
			869	881
			870	881
			870	880
			871	879
			871	878
			871	877
			872	876
			873	875
			873	874
			874	873
			874	872
			875	871
			875	870
			876	869
			876	868
			877	867
			877	866
			878	865
			879	864
			879	863
			880	862
			880	861
			881	860
			881	859
			882	858
			882	857
			883	856
			883	855
			884	855
			885	854
			885	853
			886	852
			886	851
			887	850
			887	849
			888	848
			889	847
			889	846
			890	845
			891	844
			892	843
			892	842
			893	841
			893	840
			894	840
			894	839
			894	838
			895	838
			895	837
			896	837
			896	836
			897	835
			898	834
			898	833
			899	832
			900	831
			900	830
			901	830
			901	829
			902	828
		</curveLM12>
	</curves.pixel>
	<curves.scaled type=list>
		<curveLM07 type=matrix rownames=FALSE colnames=FALSE nrow=344 ncol=2 as.numeric=TRUE >
			7.70940170940171	-7.07692307692308
			7.71794871794872	-7.08547008547009
			7.71794871794872	-7.09401709401709
			7.72649572649573	-7.09401709401709
			7.72649572649573	-7.1025641025641
			7.73504273504274	-7.11111111111111
			7.73504273504274	-7.11965811965812
			7.74358974358974	-7.12820512820513
			7.74358974358974	-7.13675213675214
			7.75213675213675	-7.14529914529915
			7.76068376068376	-7.15384615384615
			7.76923076923077	-7.16239316239316
			7.76923076923077	-7.17094017094017
			7.77777777777778	-7.17948717948718
			7.77777777777778	-7.18803418803419
			7.78632478632479	-7.1965811965812
			7.78632478632479	-7.20512820512821
			7.7948717948718	-7.21367521367521
			7.8034188034188	-7.22222222222222
			7.8034188034188	-7.23076923076923
			7.8034188034188	-7.23931623931624
			7.81196581196581	-7.24786324786325
			7.81196581196581	-7.25641025641026
			7.82051282051282	-7.25641025641026
			7.82051282051282	-7.26495726495727
			7.82905982905983	-7.27350427350427
			7.82905982905983	-7.28205128205128
			7.83760683760684	-7.29059829059829
			7.83760683760684	-7.2991452991453
			7.83760683760684	-7.30769230769231
			7.84615384615385	-7.30769230769231
			7.84615384615385	-7.31623931623932
			7.85470085470086	-7.32478632478633
			7.85470085470086	-7.33333333333333
			7.86324786324786	-7.34188034188034
			7.86324786324786	-7.35042735042735
			7.86324786324786	-7.35897435897436
			7.87179487179487	-7.36752136752137
			7.87179487179487	-7.37606837606838
			7.88034188034188	-7.38461538461539
			7.88034188034188	-7.39316239316239
			7.88888888888889	-7.39316239316239
			7.88888888888889	-7.4017094017094
			7.88888888888889	-7.41025641025641
			7.8974358974359	-7.41880341880342
			7.8974358974359	-7.42735042735043
			7.90598290598291	-7.43589743589744
			7.90598290598291	-7.44444444444445
			7.91452991452992	-7.45299145299145
			7.91452991452992	-7.46153846153846
			7.91452991452992	-7.47008547008547
			7.92307692307692	-7.47863247863248
			7.92307692307692	-7.48717948717949
			7.93162393162393	-7.4957264957265
			7.93162393162393	-7.50427350427351
			7.93162393162393	-7.51282051282051
			7.94017094017094	-7.52136752136752
			7.94017094017094	-7.52991452991453
			7.94871794871795	-7.53846153846154
			7.94871794871795	-7.54700854700855
			7.95726495726496	-7.55555555555556
			7.95726495726496	-7.56410256410256
			7.95726495726496	-7.57264957264957
			7.96581196581197	-7.58119658119658
			7.96581196581197	-7.58974358974359
			7.96581196581197	-7.5982905982906
			7.97435897435898	-7.60683760683761
			7.97435897435898	-7.61538461538462
			7.97435897435898	-7.62393162393162
			7.98290598290598	-7.63247863247863
			7.98290598290598	-7.64102564102564
			7.99145299145299	-7.64957264957265
			7.99145299145299	-7.65811965811966
			7.99145299145299	-7.66666666666667
			8	-7.67521367521368
			8	-7.68376068376068
			8	-7.69230769230769
			8.00854700854701	-7.7008547008547
			8.00854700854701	-7.70940170940171
			8.00854700854701	-7.71794871794872
			8.01709401709402	-7.72649572649573
			8.01709401709402	-7.73504273504274
			8.01709401709402	-7.74358974358974
			8.02564102564103	-7.75213675213675
			8.02564102564103	-7.76068376068376
			8.02564102564103	-7.76923076923077
			8.03418803418804	-7.77777777777778
			8.03418803418804	-7.78632478632479
			8.03418803418804	-7.7948717948718
			8.04273504273504	-7.8034188034188
			8.04273504273504	-7.81196581196581
			8.04273504273504	-7.82051282051282
			8.05128205128205	-7.82905982905983
			8.05128205128205	-7.83760683760684
			8.05128205128205	-7.84615384615385
			8.05982905982906	-7.85470085470086
			8.05982905982906	-7.86324786324786
			8.05982905982906	-7.87179487179487
			8.06837606837607	-7.88034188034188
			8.06837606837607	-7.88888888888889
			8.06837606837607	-7.8974358974359
			8.07692307692308	-7.90598290598291
			8.07692307692308	-7.91452991452992
			8.07692307692308	-7.92307692307692
			8.07692307692308	-7.93162393162393
			8.08547008547009	-7.94017094017094
			8.08547008547009	-7.94871794871795
			8.08547008547009	-7.95726495726496
			8.08547008547009	-7.96581196581197
			8.0940170940171	-7.96581196581197
			8.0940170940171	-7.97435897435898
			8.0940170940171	-7.98290598290598
			8.0940170940171	-7.99145299145299
			8.1025641025641	-8
			8.1025641025641	-8.00854700854701
			8.1025641025641	-8.01709401709402
			8.11111111111111	-8.02564102564103
			8.11111111111111	-8.03418803418804
			8.11111111111111	-8.04273504273504
			8.11111111111111	-8.05128205128205
			8.11965811965812	-8.05982905982906
			8.11965811965812	-8.06837606837607
			8.11965811965812	-8.07692307692308
			8.11965811965812	-8.08547008547009
			8.12820512820513	-8.0940170940171
			8.12820512820513	-8.1025641025641
			8.12820512820513	-8.11111111111111
			8.13675213675214	-8.11965811965812
			8.13675213675214	-8.12820512820513
			8.13675213675214	-8.13675213675214
			8.13675213675214	-8.14529914529915
			8.14529914529915	-8.15384615384616
			8.14529914529915	-8.16239316239316
			8.14529914529915	-8.17094017094017
			8.14529914529915	-8.17948717948718
			8.15384615384616	-8.18803418803419
			8.15384615384616	-8.1965811965812
			8.15384615384616	-8.20512820512821
			8.15384615384616	-8.21367521367521
			8.16239316239316	-8.22222222222222
			8.16239316239316	-8.23076923076923
			8.16239316239316	-8.23931623931624
			8.16239316239316	-8.24786324786325
			8.17094017094017	-8.25641025641026
			8.17094017094017	-8.26495726495727
			8.17094017094017	-8.27350427350427
			8.17094017094017	-8.28205128205128
			8.17948717948718	-8.29059829059829
			8.17948717948718	-8.2991452991453
			8.17948717948718	-8.30769230769231
			8.17948717948718	-8.31623931623932
			8.17948717948718	-8.32478632478633
			8.18803418803419	-8.32478632478633
			8.18803418803419	-8.33333333333333
			8.18803418803419	-8.34188034188034
			8.18803418803419	-8.35042735042735
			8.1965811965812	-8.35897435897436
			8.1965811965812	-8.36752136752137
			8.1965811965812	-8.37606837606838
			8.1965811965812	-8.38461538461539
			8.20512820512821	-8.39316239316239
			8.20512820512821	-8.4017094017094
			8.20512820512821	-8.41025641025641
			8.21367521367521	-8.41880341880342
			8.21367521367521	-8.42735042735043
			8.21367521367521	-8.43589743589744
			8.21367521367521	-8.44444444444444
			8.22222222222222	-8.45299145299145
			8.22222222222222	-8.46153846153846
			8.22222222222222	-8.47008547008547
			8.23076923076923	-8.47863247863248
			8.23076923076923	-8.48717948717949
			8.23076923076923	-8.4957264957265
			8.23076923076923	-8.5042735042735
			8.23931623931624	-8.51282051282051
			8.23931623931624	-8.52136752136752
			8.23931623931624	-8.52991452991453
			8.23931623931624	-8.53846153846154
			8.24786324786325	-8.53846153846154
			8.24786324786325	-8.54700854700855
			8.24786324786325	-8.55555555555556
			8.24786324786325	-8.56410256410257
			8.25641025641026	-8.57264957264957
			8.25641025641026	-8.58119658119658
			8.25641025641026	-8.58974358974359
			8.25641025641026	-8.5982905982906
			8.26495726495727	-8.60683760683761
			8.26495726495727	-8.61538461538462
			8.26495726495727	-8.62393162393163
			8.27350427350427	-8.63247863247863
			8.27350427350427	-8.64102564102564
			8.27350427350427	-8.64957264957265
			8.27350427350427	-8.65811965811966
			8.28205128205128	-8.66666666666667
			8.28205128205128	-8.67521367521368
			8.28205128205128	-8.68376068376068
			8.29059829059829	-8.69230769230769
			8.29059829059829	-8.7008547008547
			8.29059829059829	-8.70940170940171
			8.29059829059829	-8.71794871794872
			8.2991452991453	-8.72649572649573
			8.2991452991453	-8.73504273504274
			8.2991452991453	-8.74358974358974
			8.2991452991453	-8.75213675213675
			8.30769230769231	-8.76068376068376
			8.30769230769231	-8.76923076923077
			8.31623931623932	-8.77777777777778
			8.31623931623932	-8.78632478632479
			8.31623931623932	-8.7948717948718
			8.31623931623932	-8.8034188034188
			8.32478632478633	-8.81196581196581
			8.32478632478633	-8.82051282051282
			8.32478632478633	-8.82905982905983
			8.33333333333333	-8.83760683760684
			8.33333333333333	-8.84615384615385
			8.33333333333333	-8.85470085470086
			8.33333333333333	-8.86324786324786
			8.34188034188034	-8.87179487179487
			8.34188034188034	-8.88034188034188
			8.34188034188034	-8.88888888888889
			8.34188034188034	-8.8974358974359
			8.35042735042735	-8.90598290598291
			8.35042735042735	-8.91452991452991
			8.35897435897436	-8.92307692307692
			8.35897435897436	-8.93162393162393
			8.35897435897436	-8.94017094017094
			8.35897435897436	-8.94871794871795
			8.36752136752137	-8.95726495726496
			8.36752136752137	-8.96581196581197
			8.36752136752137	-8.97435897435897
			8.37606837606838	-8.98290598290598
			8.37606837606838	-8.99145299145299
			8.37606837606838	-9
			8.38461538461539	-9.00854700854701
			8.38461538461539	-9.01709401709402
			8.38461538461539	-9.02564102564103
			8.38461538461539	-9.03418803418804
			8.39316239316239	-9.04273504273504
			8.39316239316239	-9.05128205128205
			8.39316239316239	-9.05982905982906
			8.4017094017094	-9.06837606837607
			8.4017094017094	-9.07692307692308
			8.4017094017094	-9.08547008547009
			8.41025641025641	-9.0940170940171
			8.41025641025641	-9.1025641025641
			8.41025641025641	-9.11111111111111
			8.41880341880342	-9.11965811965812
			8.41880341880342	-9.12820512820513
			8.41880341880342	-9.13675213675214
			8.41880341880342	-9.14529914529915
			8.42735042735043	-9.15384615384616
			8.42735042735043	-9.16239316239316
			8.42735042735043	-9.17094017094017
			8.43589743589744	-9.17948717948718
			8.43589743589744	-9.18803418803419
			8.43589743589744	-9.1965811965812
			8.44444444444444	-9.20512820512821
			8.44444444444444	-9.21367521367521
			8.44444444444444	-9.22222222222222
			8.45299145299145	-9.23076923076923
			8.45299145299145	-9.23931623931624
			8.45299145299145	-9.24786324786325
			8.46153846153846	-9.25641025641026
			8.46153846153846	-9.26495726495727
			8.46153846153846	-9.27350427350427
			8.46153846153846	-9.28205128205128
			8.47008547008547	-9.28205128205128
			8.47008547008547	-9.29059829059829
			8.47008547008547	-9.2991452991453
			8.47008547008547	-9.30769230769231
			8.47863247863248	-9.31623931623932
			8.47863247863248	-9.32478632478633
			8.47863247863248	-9.33333333333333
			8.48717948717949	-9.34188034188034
			8.48717948717949	-9.35042735042735
			8.48717948717949	-9.35897435897436
			8.4957264957265	-9.36752136752137
			8.4957264957265	-9.37606837606838
			8.4957264957265	-9.38461538461539
			8.5042735042735	-9.39316239316239
			8.5042735042735	-9.4017094017094
			8.5042735042735	-9.41025641025641
			8.51282051282051	-9.41880341880342
			8.51282051282051	-9.42735042735043
			8.51282051282051	-9.43589743589744
			8.52136752136752	-9.44444444444444
			8.52136752136752	-9.45299145299145
			8.52136752136752	-9.46153846153846
			8.52991452991453	-9.47008547008547
			8.52991452991453	-9.47863247863248
			8.52991452991453	-9.48717948717949
			8.53846153846154	-9.4957264957265
			8.53846153846154	-9.50427350427351
			8.53846153846154	-9.51282051282051
			8.53846153846154	-9.52136752136752
			8.53846153846154	-9.52991452991453
			8.54700854700855	-9.53846153846154
			8.54700854700855	-9.54700854700855
			8.54700854700855	-9.55555555555556
			8.54700854700855	-9.56410256410257
			8.54700854700855	-9.57264957264957
			8.54700854700855	-9.58119658119658
			8.54700854700855	-9.58974358974359
			8.54700854700855	-9.5982905982906
			8.55555555555556	-9.60683760683761
			8.55555555555556	-9.61538461538462
			8.55555555555556	-9.62393162393163
			8.55555555555556	-9.63247863247863
			8.55555555555556	-9.64102564102564
			8.55555555555556	-9.64957264957265
			8.55555555555556	-9.65811965811966
			8.56410256410257	-9.66666666666667
			8.56410256410257	-9.67521367521368
			8.56410256410257	-9.68376068376068
			8.56410256410257	-9.69230769230769
			8.56410256410257	-9.7008547008547
			8.56410256410257	-9.70940170940171
			8.56410256410257	-9.71794871794872
			8.56410256410257	-9.72649572649573
			8.56410256410257	-9.73504273504274
			8.56410256410257	-9.74358974358974
			8.56410256410257	-9.75213675213675
			8.57264957264957	-9.76068376068376
			8.57264957264957	-9.76923076923077
			8.57264957264957	-9.77777777777778
			8.57264957264957	-9.78632478632479
			8.57264957264957	-9.7948717948718
			8.57264957264957	-9.8034188034188
			8.57264957264957	-9.81196581196581
			8.57264957264957	-9.82051282051282
			8.57264957264957	-9.82905982905983
			8.57264957264957	-9.83760683760684
			8.57264957264957	-9.84615384615385
			8.57264957264957	-9.85470085470086
			8.57264957264957	-9.86324786324786
			8.57264957264957	-9.87179487179487
			8.57264957264957	-9.88034188034188
			8.57264957264957	-9.88888888888889
			8.57264957264957	-9.8974358974359
			8.57264957264957	-9.90598290598291
			8.56410256410257	-9.91452991452991
			8.56410256410257	-9.92307692307692
			8.56410256410257	-9.93162393162393
			8.55555555555556	-9.93162393162393
		</curveLM07>
		<curveLM08 type=matrix rownames=FALSE colnames=FALSE nrow=68 ncol=2 as.numeric=TRUE >
			8.55555555555556	-9.93162393162393
			8.54700854700855	-9.94017094017094
			8.53846153846154	-9.94017094017094
			8.52991452991453	-9.94017094017094
			8.52136752136752	-9.94017094017094
			8.51282051282051	-9.94017094017094
			8.5042735042735	-9.94017094017094
			8.4957264957265	-9.93162393162393
			8.48717948717949	-9.93162393162393
			8.47863247863248	-9.93162393162393
			8.47008547008547	-9.93162393162393
			8.46153846153846	-9.92307692307692
			8.45299145299145	-9.92307692307692
			8.44444444444444	-9.91452991452991
			8.43589743589744	-9.91452991452991
			8.42735042735043	-9.90598290598291
			8.41880341880342	-9.90598290598291
			8.41025641025641	-9.8974358974359
			8.4017094017094	-9.8974358974359
			8.39316239316239	-9.88888888888889
			8.38461538461539	-9.88034188034188
			8.37606837606838	-9.87179487179487
			8.36752136752137	-9.87179487179487
			8.35897435897436	-9.86324786324786
			8.35042735042735	-9.86324786324786
			8.35042735042735	-9.85470085470086
			8.34188034188034	-9.85470085470086
			8.33333333333333	-9.84615384615385
			8.32478632478633	-9.84615384615385
			8.31623931623932	-9.83760683760684
			8.30769230769231	-9.83760683760684
			8.30769230769231	-9.82905982905983
			8.2991452991453	-9.82051282051282
			8.29059829059829	-9.82051282051282
			8.28205128205128	-9.81196581196581
			8.27350427350427	-9.81196581196581
			8.26495726495727	-9.8034188034188
			8.25641025641026	-9.7948717948718
			8.24786324786325	-9.78632478632479
			8.23931623931624	-9.78632478632479
			8.23076923076923	-9.77777777777778
			8.22222222222222	-9.76923076923077
			8.21367521367521	-9.76923076923077
			8.20512820512821	-9.76068376068376
			8.1965811965812	-9.75213675213675
			8.18803418803419	-9.74358974358974
			8.17948717948718	-9.73504273504274
			8.17094017094017	-9.73504273504274
			8.16239316239316	-9.72649572649573
			8.15384615384616	-9.71794871794872
			8.14529914529915	-9.70940170940171
			8.13675213675214	-9.7008547008547
			8.12820512820513	-9.69230769230769
			8.11965811965812	-9.68376068376068
			8.11111111111111	-9.68376068376068
			8.1025641025641	-9.67521367521368
			8.0940170940171	-9.66666666666667
			8.08547008547009	-9.66666666666667
			8.08547008547009	-9.65811965811966
			8.07692307692308	-9.65811965811966
			8.06837606837607	-9.64957264957265
			8.05982905982906	-9.64102564102564
			8.05128205128205	-9.63247863247863
			8.04273504273504	-9.62393162393163
			8.03418803418804	-9.61538461538462
			8.02564102564103	-9.61538461538462
			8.01709401709402	-9.60683760683761
			8.00854700854701	-9.5982905982906
		</curveLM08>
		<curveLM09 type=matrix rownames=FALSE colnames=FALSE nrow=83 ncol=2 as.numeric=TRUE >
			8.00854700854701	-9.5982905982906
			8	-9.60683760683761
			7.99145299145299	-9.61538461538462
			7.98290598290598	-9.62393162393163
			7.98290598290598	-9.63247863247863
			7.97435897435898	-9.64102564102564
			7.96581196581197	-9.64957264957265
			7.96581196581197	-9.65811965811966
			7.95726495726496	-9.66666666666667
			7.95726495726496	-9.67521367521368
			7.95726495726496	-9.68376068376068
			7.94871794871795	-9.69230769230769
			7.94871794871795	-9.7008547008547
			7.94017094017094	-9.70940170940171
			7.94017094017094	-9.71794871794872
			7.94017094017094	-9.72649572649573
			7.93162393162393	-9.73504273504274
			7.93162393162393	-9.74358974358974
			7.93162393162393	-9.75213675213675
			7.92307692307692	-9.76068376068376
			7.92307692307692	-9.76923076923077
			7.92307692307692	-9.77777777777778
			7.91452991452992	-9.78632478632479
			7.91452991452992	-9.7948717948718
			7.91452991452992	-9.8034188034188
			7.90598290598291	-9.81196581196581
			7.90598290598291	-9.82051282051282
			7.90598290598291	-9.82905982905983
			7.90598290598291	-9.83760683760684
			7.8974358974359	-9.84615384615385
			7.8974358974359	-9.85470085470086
			7.8974358974359	-9.86324786324786
			7.8974358974359	-9.87179487179487
			7.88888888888889	-9.88034188034188
			7.88888888888889	-9.88888888888889
			7.88888888888889	-9.8974358974359
			7.88888888888889	-9.90598290598291
			7.88034188034188	-9.91452991452991
			7.88034188034188	-9.92307692307692
			7.88034188034188	-9.93162393162393
			7.88034188034188	-9.94017094017094
			7.88034188034188	-9.94871794871795
			7.87179487179487	-9.94871794871795
			7.87179487179487	-9.95726495726496
			7.87179487179487	-9.96581196581197
			7.87179487179487	-9.97435897435898
			7.87179487179487	-9.98290598290598
			7.86324786324786	-9.99145299145299
			7.86324786324786	-10
			7.86324786324786	-10.008547008547
			7.86324786324786	-10.017094017094
			7.86324786324786	-10.025641025641
			7.85470085470086	-10.034188034188
			7.85470085470086	-10.042735042735
			7.85470085470086	-10.0512820512821
			7.85470085470086	-10.0598290598291
			7.84615384615385	-10.0683760683761
			7.84615384615385	-10.0769230769231
			7.84615384615385	-10.0854700854701
			7.83760683760684	-10.0940170940171
			7.83760683760684	-10.1025641025641
			7.83760683760684	-10.1111111111111
			7.82905982905983	-10.1196581196581
			7.82905982905983	-10.1282051282051
			7.82051282051282	-10.1367521367521
			7.82051282051282	-10.1452991452991
			7.81196581196581	-10.1538461538462
			7.81196581196581	-10.1623931623932
			7.8034188034188	-10.1709401709402
			7.7948717948718	-10.1794871794872
			7.7948717948718	-10.1880341880342
			7.78632478632479	-10.1880341880342
			7.77777777777778	-10.1965811965812
			7.77777777777778	-10.2051282051282
			7.76923076923077	-10.2051282051282
			7.76068376068376	-10.2136752136752
			7.75213675213675	-10.2136752136752
			7.74358974358974	-10.2222222222222
			7.73504273504274	-10.2222222222222
			7.72649572649573	-10.2222222222222
			7.71794871794872	-10.2222222222222
			7.70940170940171	-10.2222222222222
			7.7008547008547	-10.2222222222222
		</curveLM09>
		<curveLM10 type=matrix rownames=FALSE colnames=FALSE nrow=81 ncol=2 as.numeric=TRUE >
			7.7008547008547	-10.2222222222222
			7.69230769230769	-10.2222222222222
			7.68376068376068	-10.2222222222222
			7.67521367521368	-10.2222222222222
			7.66666666666667	-10.2222222222222
			7.65811965811966	-10.2222222222222
			7.64957264957265	-10.2222222222222
			7.64102564102564	-10.2136752136752
			7.63247863247863	-10.2136752136752
			7.62393162393162	-10.2051282051282
			7.61538461538462	-10.2051282051282
			7.60683760683761	-10.1965811965812
			7.5982905982906	-10.1880341880342
			7.58974358974359	-10.1880341880342
			7.58974358974359	-10.1794871794872
			7.58119658119658	-10.1709401709402
			7.57264957264957	-10.1623931623932
			7.56410256410256	-10.1538461538462
			7.56410256410256	-10.1452991452991
			7.55555555555556	-10.1367521367521
			7.55555555555556	-10.1282051282051
			7.55555555555556	-10.1196581196581
			7.54700854700855	-10.1196581196581
			7.54700854700855	-10.1111111111111
			7.54700854700855	-10.1025641025641
			7.53846153846154	-10.0940170940171
			7.53846153846154	-10.0854700854701
			7.53846153846154	-10.0769230769231
			7.52991452991453	-10.0683760683761
			7.52991452991453	-10.0598290598291
			7.52991452991453	-10.0512820512821
			7.52136752136752	-10.042735042735
			7.52136752136752	-10.034188034188
			7.52136752136752	-10.025641025641
			7.52136752136752	-10.017094017094
			7.51282051282051	-10.008547008547
			7.51282051282051	-10
			7.51282051282051	-9.99145299145299
			7.51282051282051	-9.98290598290598
			7.51282051282051	-9.97435897435898
			7.51282051282051	-9.96581196581197
			7.50427350427351	-9.95726495726496
			7.50427350427351	-9.94871794871795
			7.50427350427351	-9.94017094017094
			7.50427350427351	-9.93162393162393
			7.50427350427351	-9.92307692307692
			7.50427350427351	-9.91452991452991
			7.50427350427351	-9.90598290598291
			7.4957264957265	-9.8974358974359
			7.4957264957265	-9.88888888888889
			7.4957264957265	-9.88034188034188
			7.4957264957265	-9.87179487179487
			7.4957264957265	-9.86324786324786
			7.4957264957265	-9.85470085470086
			7.4957264957265	-9.84615384615385
			7.4957264957265	-9.83760683760684
			7.48717948717949	-9.82905982905983
			7.48717948717949	-9.82051282051282
			7.48717948717949	-9.81196581196581
			7.48717948717949	-9.8034188034188
			7.48717948717949	-9.7948717948718
			7.47863247863248	-9.78632478632479
			7.47863247863248	-9.77777777777778
			7.47863247863248	-9.76923076923077
			7.47008547008547	-9.76068376068376
			7.47008547008547	-9.75213675213675
			7.47008547008547	-9.74358974358974
			7.46153846153846	-9.73504273504274
			7.46153846153846	-9.72649572649573
			7.46153846153846	-9.71794871794872
			7.45299145299145	-9.70940170940171
			7.45299145299145	-9.7008547008547
			7.44444444444445	-9.69230769230769
			7.44444444444445	-9.68376068376068
			7.43589743589744	-9.68376068376068
			7.43589743589744	-9.67521367521368
			7.42735042735043	-9.66666666666667
			7.42735042735043	-9.65811965811966
			7.41880341880342	-9.65811965811966
			7.41880341880342	-9.64957264957265
			7.41025641025641	-9.64102564102564
		</curveLM10>
		<curveLM11 type=matrix rownames=FALSE colnames=FALSE nrow=67 ncol=2 as.numeric=TRUE >
			7.41025641025641	-9.64102564102564
			7.4017094017094	-9.64102564102564
			7.39316239316239	-9.64102564102564
			7.38461538461539	-9.64102564102564
			7.37606837606838	-9.64102564102564
			7.36752136752137	-9.64102564102564
			7.35897435897436	-9.64102564102564
			7.35042735042735	-9.64957264957265
			7.34188034188034	-9.64957264957265
			7.33333333333333	-9.64957264957265
			7.32478632478633	-9.64957264957265
			7.31623931623932	-9.65811965811966
			7.30769230769231	-9.65811965811966
			7.2991452991453	-9.65811965811966
			7.29059829059829	-9.66666666666667
			7.28205128205128	-9.66666666666667
			7.27350427350427	-9.67521367521368
			7.26495726495727	-9.67521367521368
			7.25641025641026	-9.68376068376068
			7.24786324786325	-9.68376068376068
			7.23931623931624	-9.69230769230769
			7.23076923076923	-9.69230769230769
			7.22222222222222	-9.7008547008547
			7.21367521367521	-9.7008547008547
			7.20512820512821	-9.70940170940171
			7.1965811965812	-9.71794871794872
			7.18803418803419	-9.72649572649573
			7.17948717948718	-9.73504273504274
			7.17094017094017	-9.73504273504274
			7.16239316239316	-9.74358974358974
			7.15384615384615	-9.75213675213675
			7.14529914529915	-9.75213675213675
			7.14529914529915	-9.76068376068376
			7.13675213675214	-9.76068376068376
			7.12820512820513	-9.76923076923077
			7.11965811965812	-9.77777777777778
			7.11111111111111	-9.78632478632479
			7.1025641025641	-9.78632478632479
			7.09401709401709	-9.7948717948718
			7.08547008547009	-9.7948717948718
			7.07692307692308	-9.8034188034188
			7.06837606837607	-9.81196581196581
			7.05982905982906	-9.81196581196581
			7.05128205128205	-9.82051282051282
			7.04273504273504	-9.82905982905983
			7.03418803418803	-9.82905982905983
			7.02564102564103	-9.83760683760684
			7.01709401709402	-9.83760683760684
			7.00854700854701	-9.84615384615385
			7	-9.84615384615385
			6.99145299145299	-9.85470085470086
			6.98290598290598	-9.85470085470086
			6.97435897435898	-9.86324786324786
			6.96581196581197	-9.86324786324786
			6.95726495726496	-9.87179487179487
			6.94871794871795	-9.87179487179487
			6.94017094017094	-9.87179487179487
			6.93162393162393	-9.87179487179487
			6.92307692307692	-9.88034188034188
			6.91452991452991	-9.88034188034188
			6.90598290598291	-9.88034188034188
			6.8974358974359	-9.88034188034188
			6.88888888888889	-9.88034188034188
			6.88034188034188	-9.88034188034188
			6.87179487179487	-9.88034188034188
			6.86324786324786	-9.87179487179487
			6.85470085470086	-9.87179487179487
		</curveLM11>
		<curveLM12 type=matrix rownames=FALSE colnames=FALSE nrow=338 ncol=2 as.numeric=TRUE >
			6.85470085470086	-9.87179487179487
			6.84615384615385	-9.87179487179487
			6.84615384615385	-9.86324786324786
			6.83760683760684	-9.85470085470086
			6.83760683760684	-9.84615384615385
			6.82905982905983	-9.83760683760684
			6.82905982905983	-9.82905982905983
			6.82905982905983	-9.82051282051282
			6.82905982905983	-9.81196581196581
			6.82905982905983	-9.8034188034188
			6.82905982905983	-9.7948717948718
			6.83760683760684	-9.78632478632479
			6.83760683760684	-9.77777777777778
			6.83760683760684	-9.76923076923077
			6.83760683760684	-9.76068376068376
			6.83760683760684	-9.75213675213675
			6.83760683760684	-9.74358974358974
			6.83760683760684	-9.73504273504274
			6.83760683760684	-9.72649572649573
			6.83760683760684	-9.71794871794872
			6.84615384615385	-9.70940170940171
			6.84615384615385	-9.7008547008547
			6.84615384615385	-9.69230769230769
			6.84615384615385	-9.68376068376068
			6.84615384615385	-9.67521367521368
			6.84615384615385	-9.66666666666667
			6.85470085470086	-9.65811965811966
			6.85470085470086	-9.64957264957265
			6.85470085470086	-9.64102564102564
			6.85470085470086	-9.63247863247863
			6.85470085470086	-9.62393162393163
			6.86324786324786	-9.61538461538462
			6.86324786324786	-9.60683760683761
			6.86324786324786	-9.5982905982906
			6.86324786324786	-9.58974358974359
			6.86324786324786	-9.58119658119658
			6.87179487179487	-9.57264957264957
			6.87179487179487	-9.56410256410257
			6.87179487179487	-9.55555555555556
			6.87179487179487	-9.54700854700855
			6.88034188034188	-9.53846153846154
			6.88034188034188	-9.52991452991453
			6.88034188034188	-9.52136752136752
			6.88034188034188	-9.51282051282051
			6.88888888888889	-9.50427350427351
			6.88888888888889	-9.4957264957265
			6.88888888888889	-9.48717948717949
			6.88888888888889	-9.47863247863248
			6.88888888888889	-9.47008547008547
			6.8974358974359	-9.46153846153846
			6.8974358974359	-9.45299145299145
			6.8974358974359	-9.44444444444444
			6.8974358974359	-9.43589743589744
			6.90598290598291	-9.42735042735043
			6.90598290598291	-9.41880341880342
			6.90598290598291	-9.41025641025641
			6.90598290598291	-9.4017094017094
			6.91452991452991	-9.39316239316239
			6.91452991452991	-9.38461538461539
			6.91452991452991	-9.37606837606838
			6.91452991452991	-9.36752136752137
			6.92307692307692	-9.35897435897436
			6.92307692307692	-9.35042735042735
			6.92307692307692	-9.34188034188034
			6.92307692307692	-9.33333333333333
			6.93162393162393	-9.32478632478633
			6.93162393162393	-9.31623931623932
			6.93162393162393	-9.30769230769231
			6.93162393162393	-9.2991452991453
			6.94017094017094	-9.29059829059829
			6.94017094017094	-9.28205128205128
			6.94017094017094	-9.27350427350427
			6.94871794871795	-9.26495726495727
			6.94871794871795	-9.25641025641026
			6.94871794871795	-9.24786324786325
			6.94871794871795	-9.23931623931624
			6.95726495726496	-9.23076923076923
			6.95726495726496	-9.22222222222222
			6.95726495726496	-9.21367521367521
			6.95726495726496	-9.20512820512821
			6.96581196581197	-9.1965811965812
			6.96581196581197	-9.18803418803419
			6.96581196581197	-9.17948717948718
			6.96581196581197	-9.17094017094017
			6.96581196581197	-9.16239316239316
			6.97435897435898	-9.15384615384616
			6.97435897435898	-9.14529914529915
			6.97435897435898	-9.13675213675214
			6.97435897435898	-9.12820512820513
			6.97435897435898	-9.11965811965812
			6.97435897435898	-9.11111111111111
			6.97435897435898	-9.1025641025641
			6.98290598290598	-9.0940170940171
			6.98290598290598	-9.08547008547009
			6.98290598290598	-9.07692307692308
			6.98290598290598	-9.06837606837607
			6.98290598290598	-9.05982905982906
			6.98290598290598	-9.05128205128205
			6.99145299145299	-9.04273504273504
			6.99145299145299	-9.03418803418804
			6.99145299145299	-9.02564102564103
			6.99145299145299	-9.01709401709402
			6.99145299145299	-9.00854700854701
			6.99145299145299	-9
			6.99145299145299	-8.99145299145299
			7	-8.98290598290598
			7	-8.97435897435897
			7	-8.96581196581197
			7	-8.95726495726496
			7	-8.94871794871795
			7	-8.94017094017094
			7.00854700854701	-8.93162393162393
			7.00854700854701	-8.92307692307692
			7.00854700854701	-8.91452991452991
			7.00854700854701	-8.90598290598291
			7.00854700854701	-8.8974358974359
			7.00854700854701	-8.88888888888889
			7.01709401709402	-8.88034188034188
			7.01709401709402	-8.87179487179487
			7.01709401709402	-8.86324786324786
			7.01709401709402	-8.85470085470086
			7.01709401709402	-8.84615384615385
			7.02564102564103	-8.83760683760684
			7.02564102564103	-8.82905982905983
			7.02564102564103	-8.82051282051282
			7.02564102564103	-8.81196581196581
			7.02564102564103	-8.8034188034188
			7.02564102564103	-8.7948717948718
			7.03418803418803	-8.78632478632479
			7.03418803418803	-8.77777777777778
			7.03418803418803	-8.76923076923077
			7.03418803418803	-8.76068376068376
			7.03418803418803	-8.75213675213675
			7.04273504273504	-8.74358974358974
			7.04273504273504	-8.73504273504274
			7.04273504273504	-8.72649572649573
			7.04273504273504	-8.71794871794872
			7.04273504273504	-8.70940170940171
			7.05128205128205	-8.7008547008547
			7.05128205128205	-8.69230769230769
			7.05128205128205	-8.68376068376068
			7.05128205128205	-8.67521367521368
			7.05128205128205	-8.66666666666667
			7.05982905982906	-8.65811965811966
			7.05982905982906	-8.64957264957265
			7.05982905982906	-8.64102564102564
			7.05982905982906	-8.63247863247863
			7.06837606837607	-8.62393162393163
			7.06837606837607	-8.61538461538462
			7.06837606837607	-8.60683760683761
			7.06837606837607	-8.5982905982906
			7.06837606837607	-8.58974358974359
			7.07692307692308	-8.58119658119658
			7.07692307692308	-8.57264957264957
			7.07692307692308	-8.56410256410257
			7.07692307692308	-8.55555555555556
			7.07692307692308	-8.54700854700855
			7.08547008547009	-8.53846153846154
			7.08547008547009	-8.52991452991453
			7.08547008547009	-8.52136752136752
			7.09401709401709	-8.51282051282051
			7.09401709401709	-8.5042735042735
			7.09401709401709	-8.4957264957265
			7.09401709401709	-8.48717948717949
			7.09401709401709	-8.47863247863248
			7.1025641025641	-8.47008547008547
			7.1025641025641	-8.46153846153846
			7.1025641025641	-8.45299145299145
			7.1025641025641	-8.44444444444444
			7.11111111111111	-8.43589743589744
			7.11111111111111	-8.42735042735043
			7.11111111111111	-8.41880341880342
			7.11111111111111	-8.41025641025641
			7.11965811965812	-8.4017094017094
			7.11965811965812	-8.39316239316239
			7.11965811965812	-8.38461538461539
			7.11965811965812	-8.37606837606838
			7.12820512820513	-8.36752136752137
			7.12820512820513	-8.35897435897436
			7.12820512820513	-8.35042735042735
			7.12820512820513	-8.34188034188034
			7.13675213675214	-8.33333333333333
			7.13675213675214	-8.32478632478633
			7.13675213675214	-8.31623931623932
			7.14529914529915	-8.30769230769231
			7.14529914529915	-8.2991452991453
			7.14529914529915	-8.29059829059829
			7.14529914529915	-8.28205128205128
			7.15384615384615	-8.27350427350427
			7.15384615384615	-8.26495726495727
			7.15384615384615	-8.25641025641026
			7.16239316239316	-8.24786324786325
			7.16239316239316	-8.23931623931624
			7.16239316239316	-8.23076923076923
			7.16239316239316	-8.22222222222222
			7.17094017094017	-8.21367521367521
			7.17094017094017	-8.20512820512821
			7.17094017094017	-8.1965811965812
			7.17948717948718	-8.18803418803419
			7.17948717948718	-8.17948717948718
			7.17948717948718	-8.17094017094017
			7.17948717948718	-8.16239316239316
			7.18803418803419	-8.15384615384616
			7.18803418803419	-8.14529914529915
			7.18803418803419	-8.13675213675214
			7.1965811965812	-8.13675213675214
			7.1965811965812	-8.12820512820513
			7.1965811965812	-8.11965811965812
			7.1965811965812	-8.11111111111111
			7.20512820512821	-8.1025641025641
			7.20512820512821	-8.0940170940171
			7.20512820512821	-8.08547008547009
			7.21367521367521	-8.07692307692308
			7.21367521367521	-8.06837606837607
			7.21367521367521	-8.05982905982906
			7.21367521367521	-8.05128205128205
			7.22222222222222	-8.04273504273504
			7.22222222222222	-8.03418803418804
			7.23076923076923	-8.02564102564103
			7.23076923076923	-8.01709401709402
			7.23076923076923	-8.00854700854701
			7.23931623931624	-8
			7.23931623931624	-7.99145299145299
			7.23931623931624	-7.98290598290598
			7.24786324786325	-7.97435897435898
			7.24786324786325	-7.96581196581197
			7.24786324786325	-7.95726495726496
			7.25641025641026	-7.94871794871795
			7.25641025641026	-7.94017094017094
			7.25641025641026	-7.93162393162393
			7.26495726495727	-7.92307692307692
			7.26495726495727	-7.91452991452992
			7.26495726495727	-7.90598290598291
			7.27350427350427	-7.8974358974359
			7.27350427350427	-7.88888888888889
			7.28205128205128	-7.88034188034188
			7.28205128205128	-7.87179487179487
			7.28205128205128	-7.86324786324786
			7.29059829059829	-7.85470085470086
			7.29059829059829	-7.84615384615385
			7.2991452991453	-7.83760683760684
			7.2991452991453	-7.82905982905983
			7.2991452991453	-7.82051282051282
			7.30769230769231	-7.81196581196581
			7.30769230769231	-7.8034188034188
			7.31623931623932	-7.7948717948718
			7.31623931623932	-7.78632478632479
			7.31623931623932	-7.77777777777778
			7.32478632478633	-7.76923076923077
			7.32478632478633	-7.76068376068376
			7.33333333333333	-7.75213675213675
			7.33333333333333	-7.74358974358974
			7.34188034188034	-7.73504273504274
			7.34188034188034	-7.72649572649573
			7.34188034188034	-7.71794871794872
			7.35042735042735	-7.70940170940171
			7.35042735042735	-7.7008547008547
			7.35897435897436	-7.69230769230769
			7.35897435897436	-7.68376068376068
			7.36752136752137	-7.67521367521368
			7.36752136752137	-7.66666666666667
			7.36752136752137	-7.65811965811966
			7.37606837606838	-7.65811965811966
			7.37606837606838	-7.64957264957265
			7.37606837606838	-7.64102564102564
			7.38461538461539	-7.63247863247863
			7.38461538461539	-7.62393162393162
			7.39316239316239	-7.61538461538462
			7.39316239316239	-7.60683760683761
			7.4017094017094	-7.5982905982906
			7.4017094017094	-7.58974358974359
			7.4017094017094	-7.58119658119658
			7.41025641025641	-7.58119658119658
			7.41025641025641	-7.57264957264957
			7.41880341880342	-7.56410256410256
			7.41880341880342	-7.55555555555556
			7.41880341880342	-7.54700854700855
			7.42735042735043	-7.53846153846154
			7.42735042735043	-7.52991452991453
			7.43589743589744	-7.52991452991453
			7.43589743589744	-7.52136752136752
			7.44444444444445	-7.51282051282051
			7.44444444444445	-7.50427350427351
			7.44444444444445	-7.4957264957265
			7.45299145299145	-7.48717948717949
			7.46153846153846	-7.47863247863248
			7.46153846153846	-7.47008547008547
			7.47008547008547	-7.46153846153846
			7.47008547008547	-7.45299145299145
			7.47863247863248	-7.44444444444445
			7.47863247863248	-7.43589743589744
			7.48717948717949	-7.42735042735043
			7.48717948717949	-7.41880341880342
			7.4957264957265	-7.41025641025641
			7.4957264957265	-7.4017094017094
			7.50427350427351	-7.39316239316239
			7.51282051282051	-7.38461538461539
			7.51282051282051	-7.37606837606838
			7.52136752136752	-7.36752136752137
			7.52136752136752	-7.35897435897436
			7.52991452991453	-7.35042735042735
			7.52991452991453	-7.34188034188034
			7.53846153846154	-7.33333333333333
			7.53846153846154	-7.32478632478633
			7.54700854700855	-7.31623931623932
			7.54700854700855	-7.30769230769231
			7.55555555555556	-7.30769230769231
			7.56410256410256	-7.2991452991453
			7.56410256410256	-7.29059829059829
			7.57264957264957	-7.28205128205128
			7.57264957264957	-7.27350427350427
			7.58119658119658	-7.26495726495727
			7.58119658119658	-7.25641025641026
			7.58974358974359	-7.24786324786325
			7.5982905982906	-7.23931623931624
			7.5982905982906	-7.23076923076923
			7.60683760683761	-7.22222222222222
			7.61538461538462	-7.21367521367521
			7.62393162393162	-7.20512820512821
			7.62393162393162	-7.1965811965812
			7.63247863247863	-7.18803418803419
			7.63247863247863	-7.17948717948718
			7.64102564102564	-7.17948717948718
			7.64102564102564	-7.17094017094017
			7.64102564102564	-7.16239316239316
			7.64957264957265	-7.16239316239316
			7.64957264957265	-7.15384615384615
			7.65811965811966	-7.15384615384615
			7.65811965811966	-7.14529914529915
			7.66666666666667	-7.13675213675214
			7.67521367521368	-7.12820512820513
			7.67521367521368	-7.11965811965812
			7.68376068376068	-7.11111111111111
			7.69230769230769	-7.1025641025641
			7.69230769230769	-7.09401709401709
			7.7008547008547	-7.09401709401709
			7.7008547008547	-7.08547008547009
			7.70940170940171	-7.07692307692308
		</curveLM12>
	</curves.scaled>
	<ruler.points type=matrix rownames=TRUE colnames=FALSE nrow=5 ncol=2 as.numeric=TRUE >
		Ruler point 1	434	1409
		Ruler point 2	551	1409
		Ruler point 3	668	1409
		Ruler point 4	785	1409
		Ruler point 5	903	1409
	</ruler.points>
</shapes>

