<shapes type=list>
	<ruler.pixel type=vector names=FALSE length=1 as.numeric=TRUE >117</ruler.pixel>
	<ruler.interval type=vector names=FALSE length=1 as.numeric=TRUE >1</ruler.interval>
	<scaling.units type=vector names=FALSE length=1 as.numeric=FALSE >cm</scaling.units>
	<scaling type=vector names=FALSE length=1 as.numeric=TRUE >0.00854700854700855</scaling>
	<landmarks.pixel type=matrix rownames=TRUE colnames=FALSE nrow=6 ncol=2 as.numeric=TRUE >
		LM01	901	948
		LM02	994	1216
		LM03	926	1169
		LM04	899	1194
		LM05	875	1169
		LM06	822	1211
	</landmarks.pixel>
	<landmarks.scaled type=matrix rownames=TRUE colnames=FALSE nrow=6 ncol=2 as.numeric=TRUE >
		LM01	7.7008547008547	-8.1025641025641
		LM02	8.4957264957265	-10.3931623931624
		LM03	7.91452991452992	-9.99145299145299
		LM04	7.68376068376068	-10.2051282051282
		LM05	7.47863247863248	-9.99145299145299
		LM06	7.02564102564103	-10.3504273504274
	</landmarks.scaled>
	<curves.control type=list>
		<curveLM07 type=matrix rownames=FALSE colnames=FALSE nrow=5 ncol=2 as.numeric=TRUE >
			901	948
			931	985
			962	1048
			1007	1209
			994	1216
		</curveLM07>
		<curveLM08 type=matrix rownames=FALSE colnames=FALSE nrow=5 ncol=2 as.numeric=TRUE >
			994	1216
			985	1223
			951	1183
			940	1165
			926	1169
		</curveLM08>
		<curveLM09 type=matrix rownames=FALSE colnames=FALSE nrow=7 ncol=2 as.numeric=TRUE >
			926	1169
			917	1175
			914	1186
			911	1192
			906	1194
			902	1195
			899	1194
		</curveLM09>
		<curveLM10 type=matrix rownames=FALSE colnames=FALSE nrow=5 ncol=2 as.numeric=TRUE >
			899	1194
			890	1198
			885	1177
			880	1170
			875	1169
		</curveLM10>
		<curveLM11 type=matrix rownames=FALSE colnames=FALSE nrow=5 ncol=2 as.numeric=TRUE >
			875	1169
			861	1174
			845	1198
			835	1212
			822	1211
		</curveLM11>
		<curveLM12 type=matrix rownames=FALSE colnames=FALSE nrow=5 ncol=2 as.numeric=TRUE >
			822	1211
			810	1207
			826	1120
			845	1018
			901	948
		</curveLM12>
	</curves.control>
	<curves.pixel type=list>
		<curveLM07 type=matrix rownames=FALSE colnames=FALSE nrow=279 ncol=2 as.numeric=TRUE >
			901	948
			901	949
			902	949
			902	950
			903	950
			903	951
			904	952
			905	953
			906	954
			906	955
			907	956
			908	957
			909	958
			910	959
			911	960
			911	961
			912	962
			913	963
			913	964
			914	965
			914	966
			915	967
			916	967
			916	968
			917	969
			917	970
			918	971
			919	972
			919	973
			920	974
			921	975
			922	976
			922	977
			923	978
			923	979
			924	979
			924	980
			925	981
			925	982
			926	983
			926	984
			927	985
			928	985
			928	986
			929	987
			929	988
			930	989
			930	990
			931	991
			932	992
			932	993
			933	994
			934	995
			934	996
			935	997
			935	998
			936	999
			936	1000
			937	1001
			938	1002
			938	1003
			938	1004
			939	1004
			939	1005
			940	1006
			940	1007
			941	1008
			942	1009
			942	1010
			943	1011
			943	1012
			944	1013
			944	1014
			945	1015
			945	1016
			946	1017
			947	1018
			947	1019
			948	1020
			948	1021
			949	1022
			949	1023
			950	1024
			950	1025
			951	1026
			951	1027
			952	1028
			953	1029
			953	1030
			953	1031
			954	1032
			954	1033
			955	1034
			955	1035
			956	1036
			956	1037
			957	1037
			957	1038
			957	1039
			958	1040
			958	1041
			959	1041
			959	1042
			959	1043
			960	1044
			961	1045
			961	1046
			962	1047
			962	1048
			962	1049
			963	1050
			963	1051
			963	1052
			963	1053
			964	1054
			964	1055
			964	1056
			965	1057
			965	1058
			965	1059
			965	1060
			966	1061
			966	1062
			966	1063
			966	1064
			967	1064
			967	1065
			967	1066
			967	1067
			968	1068
			968	1069
			968	1070
			968	1071
			969	1072
			969	1073
			969	1074
			969	1075
			970	1076
			970	1077
			970	1078
			971	1079
			971	1080
			971	1081
			971	1082
			972	1083
			972	1084
			972	1085
			972	1086
			973	1087
			973	1088
			973	1089
			973	1090
			974	1091
			974	1092
			974	1093
			974	1094
			975	1095
			975	1096
			975	1097
			975	1098
			976	1099
			976	1100
			976	1101
			977	1102
			977	1103
			977	1104
			977	1105
			978	1106
			978	1107
			978	1108
			978	1109
			979	1110
			979	1111
			979	1112
			979	1113
			980	1114
			980	1115
			980	1116
			980	1117
			981	1118
			981	1119
			981	1120
			981	1121
			982	1122
			982	1123
			982	1124
			982	1125
			983	1126
			983	1127
			983	1128
			983	1129
			984	1130
			984	1131
			984	1132
			984	1133
			985	1134
			985	1135
			985	1136
			985	1137
			986	1138
			986	1139
			986	1140
			986	1141
			986	1142
			987	1143
			987	1144
			987	1145
			987	1146
			988	1147
			988	1148
			988	1149
			988	1150
			989	1151
			989	1152
			989	1153
			989	1154
			989	1155
			990	1156
			990	1157
			990	1158
			990	1159
			990	1160
			991	1161
			991	1162
			991	1163
			991	1164
			991	1165
			992	1166
			992	1167
			992	1168
			992	1169
			992	1170
			993	1171
			993	1172
			993	1173
			993	1174
			993	1175
			994	1176
			994	1177
			994	1178
			994	1179
			994	1180
			994	1181
			995	1182
			995	1183
			995	1184
			995	1185
			995	1186
			995	1187
			995	1188
			996	1189
			996	1190
			996	1191
			996	1192
			996	1193
			996	1194
			996	1195
			996	1196
			996	1197
			997	1198
			997	1199
			997	1200
			997	1201
			997	1202
			997	1203
			997	1204
			997	1205
			997	1206
			997	1207
			997	1208
			997	1209
			997	1210
			996	1211
			996	1212
			996	1213
			996	1214
			995	1215
			995	1216
			994	1216
		</curveLM07>
		<curveLM08 type=matrix rownames=FALSE colnames=FALSE nrow=76 ncol=2 as.numeric=TRUE >
			994	1216
			993	1217
			992	1217
			991	1217
			990	1217
			989	1217
			988	1217
			987	1216
			986	1216
			985	1215
			984	1215
			983	1214
			982	1214
			981	1213
			980	1212
			979	1211
			978	1211
			977	1210
			976	1209
			975	1208
			974	1207
			973	1206
			972	1206
			971	1205
			970	1204
			969	1203
			968	1202
			967	1201
			966	1200
			966	1199
			965	1198
			964	1198
			964	1197
			963	1196
			962	1196
			961	1195
			961	1194
			960	1193
			959	1192
			958	1191
			957	1190
			956	1189
			955	1188
			954	1187
			953	1186
			952	1185
			952	1184
			951	1183
			951	1182
			950	1182
			950	1181
			949	1180
			948	1179
			948	1178
			947	1177
			946	1176
			945	1175
			944	1174
			943	1173
			942	1172
			941	1171
			940	1171
			939	1170
			938	1170
			937	1169
			936	1169
			935	1169
			934	1168
			933	1168
			932	1168
			931	1168
			930	1168
			929	1168
			928	1169
			927	1169
			926	1169
		</curveLM08>
		<curveLM09 type=matrix rownames=FALSE colnames=FALSE nrow=35 ncol=2 as.numeric=TRUE >
			926	1169
			925	1170
			924	1171
			923	1171
			922	1172
			921	1173
			920	1174
			919	1175
			919	1176
			918	1177
			917	1178
			917	1179
			916	1180
			916	1181
			915	1182
			915	1183
			915	1184
			914	1185
			914	1186
			914	1187
			913	1188
			912	1189
			911	1190
			910	1191
			909	1192
			908	1193
			907	1194
			906	1194
			905	1194
			904	1194
			903	1194
			902	1194
			901	1194
			900	1194
			899	1194
		</curveLM09>
		<curveLM10 type=matrix rownames=FALSE colnames=FALSE nrow=37 ncol=2 as.numeric=TRUE >
			899	1194
			898	1194
			897	1195
			896	1195
			895	1195
			895	1194
			894	1194
			893	1194
			892	1193
			891	1192
			891	1191
			890	1190
			889	1189
			889	1188
			888	1187
			888	1186
			887	1185
			887	1184
			887	1183
			886	1182
			886	1181
			886	1180
			885	1179
			885	1178
			885	1177
			884	1176
			884	1175
			883	1174
			882	1173
			881	1173
			881	1172
			880	1171
			879	1171
			878	1170
			877	1170
			876	1169
			875	1169
		</curveLM10>
		<curveLM11 type=matrix rownames=FALSE colnames=FALSE nrow=64 ncol=2 as.numeric=TRUE >
			875	1169
			874	1169
			873	1170
			872	1170
			871	1171
			870	1171
			869	1172
			868	1173
			867	1173
			866	1174
			865	1175
			864	1176
			863	1177
			862	1178
			861	1178
			860	1179
			859	1180
			859	1181
			858	1181
			857	1182
			857	1183
			856	1183
			855	1184
			855	1185
			854	1186
			853	1186
			853	1187
			852	1188
			852	1189
			851	1190
			850	1191
			849	1192
			848	1193
			847	1194
			847	1195
			846	1196
			846	1197
			845	1198
			844	1199
			844	1200
			843	1201
			842	1201
			842	1202
			841	1203
			840	1203
			840	1204
			839	1205
			838	1206
			837	1207
			836	1207
			835	1208
			834	1208
			833	1209
			832	1210
			831	1210
			830	1210
			829	1210
			828	1211
			827	1211
			826	1211
			825	1211
			824	1211
			823	1211
			822	1211
		</curveLM11>
		<curveLM12 type=matrix rownames=FALSE colnames=FALSE nrow=272 ncol=2 as.numeric=TRUE >
			822	1211
			821	1211
			821	1210
			820	1210
			820	1209
			819	1208
			819	1207
			818	1206
			818	1205
			818	1204
			818	1203
			817	1202
			817	1201
			817	1200
			817	1199
			817	1198
			817	1197
			817	1196
			817	1195
			817	1194
			817	1193
			817	1192
			817	1191
			817	1190
			817	1189
			817	1188
			817	1187
			817	1186
			817	1185
			817	1184
			817	1183
			817	1182
			817	1181
			817	1180
			817	1179
			818	1178
			818	1177
			818	1176
			818	1175
			818	1174
			818	1173
			818	1172
			818	1171
			818	1170
			818	1169
			818	1168
			819	1167
			819	1166
			819	1165
			819	1164
			819	1163
			819	1162
			819	1161
			820	1160
			820	1159
			820	1158
			820	1157
			820	1156
			820	1155
			820	1154
			821	1153
			821	1152
			821	1151
			821	1150
			821	1149
			821	1148
			821	1147
			822	1146
			822	1145
			822	1144
			822	1143
			822	1142
			822	1141
			823	1140
			823	1139
			823	1138
			823	1137
			823	1136
			823	1135
			824	1134
			824	1133
			824	1132
			824	1131
			824	1130
			824	1129
			825	1128
			825	1127
			825	1126
			825	1125
			825	1124
			825	1123
			826	1122
			826	1121
			826	1120
			826	1119
			826	1118
			827	1117
			827	1116
			827	1115
			827	1114
			827	1113
			828	1112
			828	1111
			828	1110
			828	1109
			828	1108
			829	1107
			829	1106
			829	1105
			829	1104
			829	1103
			830	1102
			830	1101
			830	1100
			830	1099
			831	1098
			831	1097
			831	1096
			831	1095
			832	1094
			832	1093
			832	1092
			832	1091
			832	1090
			833	1089
			833	1088
			833	1087
			834	1086
			834	1085
			834	1084
			835	1083
			835	1082
			835	1081
			835	1080
			835	1079
			836	1078
			836	1077
			836	1076
			837	1075
			837	1074
			837	1073
			838	1072
			838	1071
			838	1070
			838	1069
			839	1068
			839	1067
			839	1066
			840	1065
			840	1064
			840	1063
			841	1062
			841	1061
			841	1060
			842	1059
			842	1058
			842	1057
			843	1056
			843	1055
			843	1054
			844	1053
			844	1052
			844	1051
			845	1050
			845	1049
			845	1048
			846	1047
			846	1046
			847	1045
			847	1044
			847	1043
			848	1042
			848	1041
			848	1040
			849	1040
			849	1039
			849	1038
			850	1037
			850	1036
			851	1035
			851	1034
			851	1033
			852	1032
			852	1031
			852	1030
			853	1029
			853	1028
			854	1028
			854	1027
			854	1026
			855	1025
			855	1024
			856	1023
			856	1022
			856	1021
			857	1020
			857	1019
			858	1019
			858	1018
			858	1017
			859	1016
			859	1015
			860	1014
			860	1013
			861	1012
			861	1011
			862	1010
			862	1009
			863	1008
			863	1007
			864	1006
			864	1005
			865	1004
			865	1003
			866	1002
			867	1001
			867	1000
			867	999
			868	998
			869	997
			869	996
			869	995
			870	994
			870	993
			871	993
			871	992
			872	991
			872	990
			873	989
			873	988
			874	987
			874	986
			875	986
			875	985
			876	984
			876	983
			877	982
			878	981
			879	980
			879	979
			880	978
			880	977
			881	976
			882	975
			882	974
			883	973
			884	972
			884	971
			885	970
			886	969
			886	968
			887	967
			888	966
			888	965
			889	964
			890	963
			890	962
			891	961
			892	960
			892	959
			893	958
			894	957
			895	956
			895	955
			896	954
			897	953
			898	952
			899	951
			899	950
			900	950
			900	949
			901	948
		</curveLM12>
	</curves.pixel>
	<curves.scaled type=list>
		<curveLM07 type=matrix rownames=FALSE colnames=FALSE nrow=279 ncol=2 as.numeric=TRUE >
			7.7008547008547	-8.1025641025641
			7.7008547008547	-8.11111111111111
			7.70940170940171	-8.11111111111111
			7.70940170940171	-8.11965811965812
			7.71794871794872	-8.11965811965812
			7.71794871794872	-8.12820512820513
			7.72649572649573	-8.13675213675214
			7.73504273504274	-8.14529914529915
			7.74358974358974	-8.15384615384616
			7.74358974358974	-8.16239316239316
			7.75213675213675	-8.17094017094017
			7.76068376068376	-8.17948717948718
			7.76923076923077	-8.18803418803419
			7.77777777777778	-8.1965811965812
			7.78632478632479	-8.20512820512821
			7.78632478632479	-8.21367521367521
			7.7948717948718	-8.22222222222222
			7.8034188034188	-8.23076923076923
			7.8034188034188	-8.23931623931624
			7.81196581196581	-8.24786324786325
			7.81196581196581	-8.25641025641026
			7.82051282051282	-8.26495726495727
			7.82905982905983	-8.26495726495727
			7.82905982905983	-8.27350427350427
			7.83760683760684	-8.28205128205128
			7.83760683760684	-8.29059829059829
			7.84615384615385	-8.2991452991453
			7.85470085470086	-8.30769230769231
			7.85470085470086	-8.31623931623932
			7.86324786324786	-8.32478632478633
			7.87179487179487	-8.33333333333333
			7.88034188034188	-8.34188034188034
			7.88034188034188	-8.35042735042735
			7.88888888888889	-8.35897435897436
			7.88888888888889	-8.36752136752137
			7.8974358974359	-8.36752136752137
			7.8974358974359	-8.37606837606838
			7.90598290598291	-8.38461538461539
			7.90598290598291	-8.39316239316239
			7.91452991452992	-8.4017094017094
			7.91452991452992	-8.41025641025641
			7.92307692307692	-8.41880341880342
			7.93162393162393	-8.41880341880342
			7.93162393162393	-8.42735042735043
			7.94017094017094	-8.43589743589744
			7.94017094017094	-8.44444444444444
			7.94871794871795	-8.45299145299145
			7.94871794871795	-8.46153846153846
			7.95726495726496	-8.47008547008547
			7.96581196581197	-8.47863247863248
			7.96581196581197	-8.48717948717949
			7.97435897435898	-8.4957264957265
			7.98290598290598	-8.5042735042735
			7.98290598290598	-8.51282051282051
			7.99145299145299	-8.52136752136752
			7.99145299145299	-8.52991452991453
			8	-8.53846153846154
			8	-8.54700854700855
			8.00854700854701	-8.55555555555556
			8.01709401709402	-8.56410256410257
			8.01709401709402	-8.57264957264957
			8.01709401709402	-8.58119658119658
			8.02564102564103	-8.58119658119658
			8.02564102564103	-8.58974358974359
			8.03418803418804	-8.5982905982906
			8.03418803418804	-8.60683760683761
			8.04273504273504	-8.61538461538462
			8.05128205128205	-8.62393162393163
			8.05128205128205	-8.63247863247863
			8.05982905982906	-8.64102564102564
			8.05982905982906	-8.64957264957265
			8.06837606837607	-8.65811965811966
			8.06837606837607	-8.66666666666667
			8.07692307692308	-8.67521367521368
			8.07692307692308	-8.68376068376068
			8.08547008547009	-8.69230769230769
			8.0940170940171	-8.7008547008547
			8.0940170940171	-8.70940170940171
			8.1025641025641	-8.71794871794872
			8.1025641025641	-8.72649572649573
			8.11111111111111	-8.73504273504274
			8.11111111111111	-8.74358974358974
			8.11965811965812	-8.75213675213675
			8.11965811965812	-8.76068376068376
			8.12820512820513	-8.76923076923077
			8.12820512820513	-8.77777777777778
			8.13675213675214	-8.78632478632479
			8.14529914529915	-8.7948717948718
			8.14529914529915	-8.8034188034188
			8.14529914529915	-8.81196581196581
			8.15384615384616	-8.82051282051282
			8.15384615384616	-8.82905982905983
			8.16239316239316	-8.83760683760684
			8.16239316239316	-8.84615384615385
			8.17094017094017	-8.85470085470086
			8.17094017094017	-8.86324786324786
			8.17948717948718	-8.86324786324786
			8.17948717948718	-8.87179487179487
			8.17948717948718	-8.88034188034188
			8.18803418803419	-8.88888888888889
			8.18803418803419	-8.8974358974359
			8.1965811965812	-8.8974358974359
			8.1965811965812	-8.90598290598291
			8.1965811965812	-8.91452991452991
			8.20512820512821	-8.92307692307692
			8.21367521367521	-8.93162393162393
			8.21367521367521	-8.94017094017094
			8.22222222222222	-8.94871794871795
			8.22222222222222	-8.95726495726496
			8.22222222222222	-8.96581196581197
			8.23076923076923	-8.97435897435897
			8.23076923076923	-8.98290598290598
			8.23076923076923	-8.99145299145299
			8.23076923076923	-9
			8.23931623931624	-9.00854700854701
			8.23931623931624	-9.01709401709402
			8.23931623931624	-9.02564102564103
			8.24786324786325	-9.03418803418804
			8.24786324786325	-9.04273504273504
			8.24786324786325	-9.05128205128205
			8.24786324786325	-9.05982905982906
			8.25641025641026	-9.06837606837607
			8.25641025641026	-9.07692307692308
			8.25641025641026	-9.08547008547009
			8.25641025641026	-9.0940170940171
			8.26495726495727	-9.0940170940171
			8.26495726495727	-9.1025641025641
			8.26495726495727	-9.11111111111111
			8.26495726495727	-9.11965811965812
			8.27350427350427	-9.12820512820513
			8.27350427350427	-9.13675213675214
			8.27350427350427	-9.14529914529915
			8.27350427350427	-9.15384615384616
			8.28205128205128	-9.16239316239316
			8.28205128205128	-9.17094017094017
			8.28205128205128	-9.17948717948718
			8.28205128205128	-9.18803418803419
			8.29059829059829	-9.1965811965812
			8.29059829059829	-9.20512820512821
			8.29059829059829	-9.21367521367521
			8.2991452991453	-9.22222222222222
			8.2991452991453	-9.23076923076923
			8.2991452991453	-9.23931623931624
			8.2991452991453	-9.24786324786325
			8.30769230769231	-9.25641025641026
			8.30769230769231	-9.26495726495727
			8.30769230769231	-9.27350427350427
			8.30769230769231	-9.28205128205128
			8.31623931623932	-9.29059829059829
			8.31623931623932	-9.2991452991453
			8.31623931623932	-9.30769230769231
			8.31623931623932	-9.31623931623932
			8.32478632478633	-9.32478632478633
			8.32478632478633	-9.33333333333333
			8.32478632478633	-9.34188034188034
			8.32478632478633	-9.35042735042735
			8.33333333333333	-9.35897435897436
			8.33333333333333	-9.36752136752137
			8.33333333333333	-9.37606837606838
			8.33333333333333	-9.38461538461539
			8.34188034188034	-9.39316239316239
			8.34188034188034	-9.4017094017094
			8.34188034188034	-9.41025641025641
			8.35042735042735	-9.41880341880342
			8.35042735042735	-9.42735042735043
			8.35042735042735	-9.43589743589744
			8.35042735042735	-9.44444444444444
			8.35897435897436	-9.45299145299145
			8.35897435897436	-9.46153846153846
			8.35897435897436	-9.47008547008547
			8.35897435897436	-9.47863247863248
			8.36752136752137	-9.48717948717949
			8.36752136752137	-9.4957264957265
			8.36752136752137	-9.50427350427351
			8.36752136752137	-9.51282051282051
			8.37606837606838	-9.52136752136752
			8.37606837606838	-9.52991452991453
			8.37606837606838	-9.53846153846154
			8.37606837606838	-9.54700854700855
			8.38461538461539	-9.55555555555556
			8.38461538461539	-9.56410256410257
			8.38461538461539	-9.57264957264957
			8.38461538461539	-9.58119658119658
			8.39316239316239	-9.58974358974359
			8.39316239316239	-9.5982905982906
			8.39316239316239	-9.60683760683761
			8.39316239316239	-9.61538461538462
			8.4017094017094	-9.62393162393163
			8.4017094017094	-9.63247863247863
			8.4017094017094	-9.64102564102564
			8.4017094017094	-9.64957264957265
			8.41025641025641	-9.65811965811966
			8.41025641025641	-9.66666666666667
			8.41025641025641	-9.67521367521368
			8.41025641025641	-9.68376068376068
			8.41880341880342	-9.69230769230769
			8.41880341880342	-9.7008547008547
			8.41880341880342	-9.70940170940171
			8.41880341880342	-9.71794871794872
			8.42735042735043	-9.72649572649573
			8.42735042735043	-9.73504273504274
			8.42735042735043	-9.74358974358974
			8.42735042735043	-9.75213675213675
			8.42735042735043	-9.76068376068376
			8.43589743589744	-9.76923076923077
			8.43589743589744	-9.77777777777778
			8.43589743589744	-9.78632478632479
			8.43589743589744	-9.7948717948718
			8.44444444444444	-9.8034188034188
			8.44444444444444	-9.81196581196581
			8.44444444444444	-9.82051282051282
			8.44444444444444	-9.82905982905983
			8.45299145299145	-9.83760683760684
			8.45299145299145	-9.84615384615385
			8.45299145299145	-9.85470085470086
			8.45299145299145	-9.86324786324786
			8.45299145299145	-9.87179487179487
			8.46153846153846	-9.88034188034188
			8.46153846153846	-9.88888888888889
			8.46153846153846	-9.8974358974359
			8.46153846153846	-9.90598290598291
			8.46153846153846	-9.91452991452991
			8.47008547008547	-9.92307692307692
			8.47008547008547	-9.93162393162393
			8.47008547008547	-9.94017094017094
			8.47008547008547	-9.94871794871795
			8.47008547008547	-9.95726495726496
			8.47863247863248	-9.96581196581197
			8.47863247863248	-9.97435897435898
			8.47863247863248	-9.98290598290598
			8.47863247863248	-9.99145299145299
			8.47863247863248	-10
			8.48717948717949	-10.008547008547
			8.48717948717949	-10.017094017094
			8.48717948717949	-10.025641025641
			8.48717948717949	-10.034188034188
			8.48717948717949	-10.042735042735
			8.4957264957265	-10.0512820512821
			8.4957264957265	-10.0598290598291
			8.4957264957265	-10.0683760683761
			8.4957264957265	-10.0769230769231
			8.4957264957265	-10.0854700854701
			8.4957264957265	-10.0940170940171
			8.5042735042735	-10.1025641025641
			8.5042735042735	-10.1111111111111
			8.5042735042735	-10.1196581196581
			8.5042735042735	-10.1282051282051
			8.5042735042735	-10.1367521367521
			8.5042735042735	-10.1452991452991
			8.5042735042735	-10.1538461538462
			8.51282051282051	-10.1623931623932
			8.51282051282051	-10.1709401709402
			8.51282051282051	-10.1794871794872
			8.51282051282051	-10.1880341880342
			8.51282051282051	-10.1965811965812
			8.51282051282051	-10.2051282051282
			8.51282051282051	-10.2136752136752
			8.51282051282051	-10.2222222222222
			8.51282051282051	-10.2307692307692
			8.52136752136752	-10.2393162393162
			8.52136752136752	-10.2478632478632
			8.52136752136752	-10.2564102564103
			8.52136752136752	-10.2649572649573
			8.52136752136752	-10.2735042735043
			8.52136752136752	-10.2820512820513
			8.52136752136752	-10.2905982905983
			8.52136752136752	-10.2991452991453
			8.52136752136752	-10.3076923076923
			8.52136752136752	-10.3162393162393
			8.52136752136752	-10.3247863247863
			8.52136752136752	-10.3333333333333
			8.52136752136752	-10.3418803418803
			8.51282051282051	-10.3504273504274
			8.51282051282051	-10.3589743589744
			8.51282051282051	-10.3675213675214
			8.51282051282051	-10.3760683760684
			8.5042735042735	-10.3846153846154
			8.5042735042735	-10.3931623931624
			8.4957264957265	-10.3931623931624
		</curveLM07>
		<curveLM08 type=matrix rownames=FALSE colnames=FALSE nrow=76 ncol=2 as.numeric=TRUE >
			8.4957264957265	-10.3931623931624
			8.48717948717949	-10.4017094017094
			8.47863247863248	-10.4017094017094
			8.47008547008547	-10.4017094017094
			8.46153846153846	-10.4017094017094
			8.45299145299145	-10.4017094017094
			8.44444444444444	-10.4017094017094
			8.43589743589744	-10.3931623931624
			8.42735042735043	-10.3931623931624
			8.41880341880342	-10.3846153846154
			8.41025641025641	-10.3846153846154
			8.4017094017094	-10.3760683760684
			8.39316239316239	-10.3760683760684
			8.38461538461539	-10.3675213675214
			8.37606837606838	-10.3589743589744
			8.36752136752137	-10.3504273504274
			8.35897435897436	-10.3504273504274
			8.35042735042735	-10.3418803418803
			8.34188034188034	-10.3333333333333
			8.33333333333333	-10.3247863247863
			8.32478632478633	-10.3162393162393
			8.31623931623932	-10.3076923076923
			8.30769230769231	-10.3076923076923
			8.2991452991453	-10.2991452991453
			8.29059829059829	-10.2905982905983
			8.28205128205128	-10.2820512820513
			8.27350427350427	-10.2735042735043
			8.26495726495727	-10.2649572649573
			8.25641025641026	-10.2564102564103
			8.25641025641026	-10.2478632478632
			8.24786324786325	-10.2393162393162
			8.23931623931624	-10.2393162393162
			8.23931623931624	-10.2307692307692
			8.23076923076923	-10.2222222222222
			8.22222222222222	-10.2222222222222
			8.21367521367521	-10.2136752136752
			8.21367521367521	-10.2051282051282
			8.20512820512821	-10.1965811965812
			8.1965811965812	-10.1880341880342
			8.18803418803419	-10.1794871794872
			8.17948717948718	-10.1709401709402
			8.17094017094017	-10.1623931623932
			8.16239316239316	-10.1538461538462
			8.15384615384616	-10.1452991452991
			8.14529914529915	-10.1367521367521
			8.13675213675214	-10.1282051282051
			8.13675213675214	-10.1196581196581
			8.12820512820513	-10.1111111111111
			8.12820512820513	-10.1025641025641
			8.11965811965812	-10.1025641025641
			8.11965811965812	-10.0940170940171
			8.11111111111111	-10.0854700854701
			8.1025641025641	-10.0769230769231
			8.1025641025641	-10.0683760683761
			8.0940170940171	-10.0598290598291
			8.08547008547009	-10.0512820512821
			8.07692307692308	-10.042735042735
			8.06837606837607	-10.034188034188
			8.05982905982906	-10.025641025641
			8.05128205128205	-10.017094017094
			8.04273504273504	-10.008547008547
			8.03418803418804	-10.008547008547
			8.02564102564103	-10
			8.01709401709402	-10
			8.00854700854701	-9.99145299145299
			8	-9.99145299145299
			7.99145299145299	-9.99145299145299
			7.98290598290598	-9.98290598290598
			7.97435897435898	-9.98290598290598
			7.96581196581197	-9.98290598290598
			7.95726495726496	-9.98290598290598
			7.94871794871795	-9.98290598290598
			7.94017094017094	-9.98290598290598
			7.93162393162393	-9.99145299145299
			7.92307692307692	-9.99145299145299
			7.91452991452992	-9.99145299145299
		</curveLM08>
		<curveLM09 type=matrix rownames=FALSE colnames=FALSE nrow=35 ncol=2 as.numeric=TRUE >
			7.91452991452992	-9.99145299145299
			7.90598290598291	-10
			7.8974358974359	-10.008547008547
			7.88888888888889	-10.008547008547
			7.88034188034188	-10.017094017094
			7.87179487179487	-10.025641025641
			7.86324786324786	-10.034188034188
			7.85470085470086	-10.042735042735
			7.85470085470086	-10.0512820512821
			7.84615384615385	-10.0598290598291
			7.83760683760684	-10.0683760683761
			7.83760683760684	-10.0769230769231
			7.82905982905983	-10.0854700854701
			7.82905982905983	-10.0940170940171
			7.82051282051282	-10.1025641025641
			7.82051282051282	-10.1111111111111
			7.82051282051282	-10.1196581196581
			7.81196581196581	-10.1282051282051
			7.81196581196581	-10.1367521367521
			7.81196581196581	-10.1452991452991
			7.8034188034188	-10.1538461538462
			7.7948717948718	-10.1623931623932
			7.78632478632479	-10.1709401709402
			7.77777777777778	-10.1794871794872
			7.76923076923077	-10.1880341880342
			7.76068376068376	-10.1965811965812
			7.75213675213675	-10.2051282051282
			7.74358974358974	-10.2051282051282
			7.73504273504274	-10.2051282051282
			7.72649572649573	-10.2051282051282
			7.71794871794872	-10.2051282051282
			7.70940170940171	-10.2051282051282
			7.7008547008547	-10.2051282051282
			7.69230769230769	-10.2051282051282
			7.68376068376068	-10.2051282051282
		</curveLM09>
		<curveLM10 type=matrix rownames=FALSE colnames=FALSE nrow=37 ncol=2 as.numeric=TRUE >
			7.68376068376068	-10.2051282051282
			7.67521367521368	-10.2051282051282
			7.66666666666667	-10.2136752136752
			7.65811965811966	-10.2136752136752
			7.64957264957265	-10.2136752136752
			7.64957264957265	-10.2051282051282
			7.64102564102564	-10.2051282051282
			7.63247863247863	-10.2051282051282
			7.62393162393162	-10.1965811965812
			7.61538461538462	-10.1880341880342
			7.61538461538462	-10.1794871794872
			7.60683760683761	-10.1709401709402
			7.5982905982906	-10.1623931623932
			7.5982905982906	-10.1538461538462
			7.58974358974359	-10.1452991452991
			7.58974358974359	-10.1367521367521
			7.58119658119658	-10.1282051282051
			7.58119658119658	-10.1196581196581
			7.58119658119658	-10.1111111111111
			7.57264957264957	-10.1025641025641
			7.57264957264957	-10.0940170940171
			7.57264957264957	-10.0854700854701
			7.56410256410256	-10.0769230769231
			7.56410256410256	-10.0683760683761
			7.56410256410256	-10.0598290598291
			7.55555555555556	-10.0512820512821
			7.55555555555556	-10.042735042735
			7.54700854700855	-10.034188034188
			7.53846153846154	-10.025641025641
			7.52991452991453	-10.025641025641
			7.52991452991453	-10.017094017094
			7.52136752136752	-10.008547008547
			7.51282051282051	-10.008547008547
			7.50427350427351	-10
			7.4957264957265	-10
			7.48717948717949	-9.99145299145299
			7.47863247863248	-9.99145299145299
		</curveLM10>
		<curveLM11 type=matrix rownames=FALSE colnames=FALSE nrow=64 ncol=2 as.numeric=TRUE >
			7.47863247863248	-9.99145299145299
			7.47008547008547	-9.99145299145299
			7.46153846153846	-10
			7.45299145299145	-10
			7.44444444444445	-10.008547008547
			7.43589743589744	-10.008547008547
			7.42735042735043	-10.017094017094
			7.41880341880342	-10.025641025641
			7.41025641025641	-10.025641025641
			7.4017094017094	-10.034188034188
			7.39316239316239	-10.042735042735
			7.38461538461539	-10.0512820512821
			7.37606837606838	-10.0598290598291
			7.36752136752137	-10.0683760683761
			7.35897435897436	-10.0683760683761
			7.35042735042735	-10.0769230769231
			7.34188034188034	-10.0854700854701
			7.34188034188034	-10.0940170940171
			7.33333333333333	-10.0940170940171
			7.32478632478633	-10.1025641025641
			7.32478632478633	-10.1111111111111
			7.31623931623932	-10.1111111111111
			7.30769230769231	-10.1196581196581
			7.30769230769231	-10.1282051282051
			7.2991452991453	-10.1367521367521
			7.29059829059829	-10.1367521367521
			7.29059829059829	-10.1452991452991
			7.28205128205128	-10.1538461538462
			7.28205128205128	-10.1623931623932
			7.27350427350427	-10.1709401709402
			7.26495726495727	-10.1794871794872
			7.25641025641026	-10.1880341880342
			7.24786324786325	-10.1965811965812
			7.23931623931624	-10.2051282051282
			7.23931623931624	-10.2136752136752
			7.23076923076923	-10.2222222222222
			7.23076923076923	-10.2307692307692
			7.22222222222222	-10.2393162393162
			7.21367521367521	-10.2478632478632
			7.21367521367521	-10.2564102564103
			7.20512820512821	-10.2649572649573
			7.1965811965812	-10.2649572649573
			7.1965811965812	-10.2735042735043
			7.18803418803419	-10.2820512820513
			7.17948717948718	-10.2820512820513
			7.17948717948718	-10.2905982905983
			7.17094017094017	-10.2991452991453
			7.16239316239316	-10.3076923076923
			7.15384615384615	-10.3162393162393
			7.14529914529915	-10.3162393162393
			7.13675213675214	-10.3247863247863
			7.12820512820513	-10.3247863247863
			7.11965811965812	-10.3333333333333
			7.11111111111111	-10.3418803418803
			7.1025641025641	-10.3418803418803
			7.09401709401709	-10.3418803418803
			7.08547008547009	-10.3418803418803
			7.07692307692308	-10.3504273504274
			7.06837606837607	-10.3504273504274
			7.05982905982906	-10.3504273504274
			7.05128205128205	-10.3504273504274
			7.04273504273504	-10.3504273504274
			7.03418803418803	-10.3504273504274
			7.02564102564103	-10.3504273504274
		</curveLM11>
		<curveLM12 type=matrix rownames=FALSE colnames=FALSE nrow=272 ncol=2 as.numeric=TRUE >
			7.02564102564103	-10.3504273504274
			7.01709401709402	-10.3504273504274
			7.01709401709402	-10.3418803418803
			7.00854700854701	-10.3418803418803
			7.00854700854701	-10.3333333333333
			7	-10.3247863247863
			7	-10.3162393162393
			6.99145299145299	-10.3076923076923
			6.99145299145299	-10.2991452991453
			6.99145299145299	-10.2905982905983
			6.99145299145299	-10.2820512820513
			6.98290598290598	-10.2735042735043
			6.98290598290598	-10.2649572649573
			6.98290598290598	-10.2564102564103
			6.98290598290598	-10.2478632478632
			6.98290598290598	-10.2393162393162
			6.98290598290598	-10.2307692307692
			6.98290598290598	-10.2222222222222
			6.98290598290598	-10.2136752136752
			6.98290598290598	-10.2051282051282
			6.98290598290598	-10.1965811965812
			6.98290598290598	-10.1880341880342
			6.98290598290598	-10.1794871794872
			6.98290598290598	-10.1709401709402
			6.98290598290598	-10.1623931623932
			6.98290598290598	-10.1538461538462
			6.98290598290598	-10.1452991452991
			6.98290598290598	-10.1367521367521
			6.98290598290598	-10.1282051282051
			6.98290598290598	-10.1196581196581
			6.98290598290598	-10.1111111111111
			6.98290598290598	-10.1025641025641
			6.98290598290598	-10.0940170940171
			6.98290598290598	-10.0854700854701
			6.98290598290598	-10.0769230769231
			6.99145299145299	-10.0683760683761
			6.99145299145299	-10.0598290598291
			6.99145299145299	-10.0512820512821
			6.99145299145299	-10.042735042735
			6.99145299145299	-10.034188034188
			6.99145299145299	-10.025641025641
			6.99145299145299	-10.017094017094
			6.99145299145299	-10.008547008547
			6.99145299145299	-10
			6.99145299145299	-9.99145299145299
			6.99145299145299	-9.98290598290598
			7	-9.97435897435898
			7	-9.96581196581197
			7	-9.95726495726496
			7	-9.94871794871795
			7	-9.94017094017094
			7	-9.93162393162393
			7	-9.92307692307692
			7.00854700854701	-9.91452991452991
			7.00854700854701	-9.90598290598291
			7.00854700854701	-9.8974358974359
			7.00854700854701	-9.88888888888889
			7.00854700854701	-9.88034188034188
			7.00854700854701	-9.87179487179487
			7.00854700854701	-9.86324786324786
			7.01709401709402	-9.85470085470086
			7.01709401709402	-9.84615384615385
			7.01709401709402	-9.83760683760684
			7.01709401709402	-9.82905982905983
			7.01709401709402	-9.82051282051282
			7.01709401709402	-9.81196581196581
			7.01709401709402	-9.8034188034188
			7.02564102564103	-9.7948717948718
			7.02564102564103	-9.78632478632479
			7.02564102564103	-9.77777777777778
			7.02564102564103	-9.76923076923077
			7.02564102564103	-9.76068376068376
			7.02564102564103	-9.75213675213675
			7.03418803418803	-9.74358974358974
			7.03418803418803	-9.73504273504274
			7.03418803418803	-9.72649572649573
			7.03418803418803	-9.71794871794872
			7.03418803418803	-9.70940170940171
			7.03418803418803	-9.7008547008547
			7.04273504273504	-9.69230769230769
			7.04273504273504	-9.68376068376068
			7.04273504273504	-9.67521367521368
			7.04273504273504	-9.66666666666667
			7.04273504273504	-9.65811965811966
			7.04273504273504	-9.64957264957265
			7.05128205128205	-9.64102564102564
			7.05128205128205	-9.63247863247863
			7.05128205128205	-9.62393162393163
			7.05128205128205	-9.61538461538462
			7.05128205128205	-9.60683760683761
			7.05128205128205	-9.5982905982906
			7.05982905982906	-9.58974358974359
			7.05982905982906	-9.58119658119658
			7.05982905982906	-9.57264957264957
			7.05982905982906	-9.56410256410257
			7.05982905982906	-9.55555555555556
			7.06837606837607	-9.54700854700855
			7.06837606837607	-9.53846153846154
			7.06837606837607	-9.52991452991453
			7.06837606837607	-9.52136752136752
			7.06837606837607	-9.51282051282051
			7.07692307692308	-9.50427350427351
			7.07692307692308	-9.4957264957265
			7.07692307692308	-9.48717948717949
			7.07692307692308	-9.47863247863248
			7.07692307692308	-9.47008547008547
			7.08547008547009	-9.46153846153846
			7.08547008547009	-9.45299145299145
			7.08547008547009	-9.44444444444444
			7.08547008547009	-9.43589743589744
			7.08547008547009	-9.42735042735043
			7.09401709401709	-9.41880341880342
			7.09401709401709	-9.41025641025641
			7.09401709401709	-9.4017094017094
			7.09401709401709	-9.39316239316239
			7.1025641025641	-9.38461538461539
			7.1025641025641	-9.37606837606838
			7.1025641025641	-9.36752136752137
			7.1025641025641	-9.35897435897436
			7.11111111111111	-9.35042735042735
			7.11111111111111	-9.34188034188034
			7.11111111111111	-9.33333333333333
			7.11111111111111	-9.32478632478633
			7.11111111111111	-9.31623931623932
			7.11965811965812	-9.30769230769231
			7.11965811965812	-9.2991452991453
			7.11965811965812	-9.29059829059829
			7.12820512820513	-9.28205128205128
			7.12820512820513	-9.27350427350427
			7.12820512820513	-9.26495726495727
			7.13675213675214	-9.25641025641026
			7.13675213675214	-9.24786324786325
			7.13675213675214	-9.23931623931624
			7.13675213675214	-9.23076923076923
			7.13675213675214	-9.22222222222222
			7.14529914529915	-9.21367521367521
			7.14529914529915	-9.20512820512821
			7.14529914529915	-9.1965811965812
			7.15384615384615	-9.18803418803419
			7.15384615384615	-9.17948717948718
			7.15384615384615	-9.17094017094017
			7.16239316239316	-9.16239316239316
			7.16239316239316	-9.15384615384616
			7.16239316239316	-9.14529914529915
			7.16239316239316	-9.13675213675214
			7.17094017094017	-9.12820512820513
			7.17094017094017	-9.11965811965812
			7.17094017094017	-9.11111111111111
			7.17948717948718	-9.1025641025641
			7.17948717948718	-9.0940170940171
			7.17948717948718	-9.08547008547009
			7.18803418803419	-9.07692307692308
			7.18803418803419	-9.06837606837607
			7.18803418803419	-9.05982905982906
			7.1965811965812	-9.05128205128205
			7.1965811965812	-9.04273504273504
			7.1965811965812	-9.03418803418804
			7.20512820512821	-9.02564102564103
			7.20512820512821	-9.01709401709402
			7.20512820512821	-9.00854700854701
			7.21367521367521	-9
			7.21367521367521	-8.99145299145299
			7.21367521367521	-8.98290598290598
			7.22222222222222	-8.97435897435897
			7.22222222222222	-8.96581196581197
			7.22222222222222	-8.95726495726496
			7.23076923076923	-8.94871794871795
			7.23076923076923	-8.94017094017094
			7.23931623931624	-8.93162393162393
			7.23931623931624	-8.92307692307692
			7.23931623931624	-8.91452991452991
			7.24786324786325	-8.90598290598291
			7.24786324786325	-8.8974358974359
			7.24786324786325	-8.88888888888889
			7.25641025641026	-8.88888888888889
			7.25641025641026	-8.88034188034188
			7.25641025641026	-8.87179487179487
			7.26495726495727	-8.86324786324786
			7.26495726495727	-8.85470085470086
			7.27350427350427	-8.84615384615385
			7.27350427350427	-8.83760683760684
			7.27350427350427	-8.82905982905983
			7.28205128205128	-8.82051282051282
			7.28205128205128	-8.81196581196581
			7.28205128205128	-8.8034188034188
			7.29059829059829	-8.7948717948718
			7.29059829059829	-8.78632478632479
			7.2991452991453	-8.78632478632479
			7.2991452991453	-8.77777777777778
			7.2991452991453	-8.76923076923077
			7.30769230769231	-8.76068376068376
			7.30769230769231	-8.75213675213675
			7.31623931623932	-8.74358974358974
			7.31623931623932	-8.73504273504274
			7.31623931623932	-8.72649572649573
			7.32478632478633	-8.71794871794872
			7.32478632478633	-8.70940170940171
			7.33333333333333	-8.70940170940171
			7.33333333333333	-8.7008547008547
			7.33333333333333	-8.69230769230769
			7.34188034188034	-8.68376068376068
			7.34188034188034	-8.67521367521368
			7.35042735042735	-8.66666666666667
			7.35042735042735	-8.65811965811966
			7.35897435897436	-8.64957264957265
			7.35897435897436	-8.64102564102564
			7.36752136752137	-8.63247863247863
			7.36752136752137	-8.62393162393163
			7.37606837606838	-8.61538461538462
			7.37606837606838	-8.60683760683761
			7.38461538461539	-8.5982905982906
			7.38461538461539	-8.58974358974359
			7.39316239316239	-8.58119658119658
			7.39316239316239	-8.57264957264957
			7.4017094017094	-8.56410256410257
			7.41025641025641	-8.55555555555556
			7.41025641025641	-8.54700854700855
			7.41025641025641	-8.53846153846154
			7.41880341880342	-8.52991452991453
			7.42735042735043	-8.52136752136752
			7.42735042735043	-8.51282051282051
			7.42735042735043	-8.5042735042735
			7.43589743589744	-8.4957264957265
			7.43589743589744	-8.48717948717949
			7.44444444444445	-8.48717948717949
			7.44444444444445	-8.47863247863248
			7.45299145299145	-8.47008547008547
			7.45299145299145	-8.46153846153846
			7.46153846153846	-8.45299145299145
			7.46153846153846	-8.44444444444444
			7.47008547008547	-8.43589743589744
			7.47008547008547	-8.42735042735043
			7.47863247863248	-8.42735042735043
			7.47863247863248	-8.41880341880342
			7.48717948717949	-8.41025641025641
			7.48717948717949	-8.4017094017094
			7.4957264957265	-8.39316239316239
			7.50427350427351	-8.38461538461539
			7.51282051282051	-8.37606837606838
			7.51282051282051	-8.36752136752137
			7.52136752136752	-8.35897435897436
			7.52136752136752	-8.35042735042735
			7.52991452991453	-8.34188034188034
			7.53846153846154	-8.33333333333333
			7.53846153846154	-8.32478632478633
			7.54700854700855	-8.31623931623932
			7.55555555555556	-8.30769230769231
			7.55555555555556	-8.2991452991453
			7.56410256410256	-8.29059829059829
			7.57264957264957	-8.28205128205128
			7.57264957264957	-8.27350427350427
			7.58119658119658	-8.26495726495727
			7.58974358974359	-8.25641025641026
			7.58974358974359	-8.24786324786325
			7.5982905982906	-8.23931623931624
			7.60683760683761	-8.23076923076923
			7.60683760683761	-8.22222222222222
			7.61538461538462	-8.21367521367521
			7.62393162393162	-8.20512820512821
			7.62393162393162	-8.1965811965812
			7.63247863247863	-8.18803418803419
			7.64102564102564	-8.17948717948718
			7.64957264957265	-8.17094017094017
			7.64957264957265	-8.16239316239316
			7.65811965811966	-8.15384615384616
			7.66666666666667	-8.14529914529915
			7.67521367521368	-8.13675213675214
			7.68376068376068	-8.12820512820513
			7.68376068376068	-8.11965811965812
			7.69230769230769	-8.11965811965812
			7.69230769230769	-8.11111111111111
			7.7008547008547	-8.1025641025641
		</curveLM12>
	</curves.scaled>
	<ruler.points type=matrix rownames=TRUE colnames=FALSE nrow=5 ncol=2 as.numeric=TRUE >
		Ruler point 1	434	1409
		Ruler point 2	551	1409
		Ruler point 3	668	1409
		Ruler point 4	785	1409
		Ruler point 5	902	1409
	</ruler.points>
</shapes>

