<shapes type=list>
	<ruler.pixel type=vector names=FALSE length=1 as.numeric=TRUE >117</ruler.pixel>
	<ruler.interval type=vector names=FALSE length=1 as.numeric=TRUE >1</ruler.interval>
	<scaling.units type=vector names=FALSE length=1 as.numeric=FALSE >cm</scaling.units>
	<scaling type=vector names=FALSE length=1 as.numeric=TRUE >0.00854700854700855</scaling>
	<landmarks.pixel type=matrix rownames=TRUE colnames=FALSE nrow=6 ncol=2 as.numeric=TRUE >
		LM01	901	726
		LM02	995	1163
		LM03	936	1118
		LM04	902	1196
		LM05	871	1118
		LM06	807	1167
	</landmarks.pixel>
	<landmarks.scaled type=matrix rownames=TRUE colnames=FALSE nrow=6 ncol=2 as.numeric=TRUE >
		LM01	7.7008547008547	-6.20512820512821
		LM02	8.5042735042735	-9.94017094017094
		LM03	8	-9.55555555555556
		LM04	7.70940170940171	-10.2222222222222
		LM05	7.44444444444445	-9.55555555555556
		LM06	6.8974358974359	-9.97435897435898
	</landmarks.scaled>
	<curves.control type=list>
		<curveLM07 type=matrix rownames=FALSE colnames=FALSE nrow=7 ncol=2 as.numeric=TRUE >
			901	726
			938	800
			955	888
			979	1007
			1000	1107
			1004	1151
			995	1163
		</curveLM07>
		<curveLM08 type=matrix rownames=FALSE colnames=FALSE nrow=5 ncol=2 as.numeric=TRUE >
			995	1163
			989	1167
			959	1130
			943	1113
			936	1118
		</curveLM08>
		<curveLM09 type=matrix rownames=FALSE colnames=FALSE nrow=5 ncol=2 as.numeric=TRUE >
			936	1118
			929	1118
			920	1168
			916	1196
			902	1196
		</curveLM09>
		<curveLM10 type=matrix rownames=FALSE colnames=FALSE nrow=5 ncol=2 as.numeric=TRUE >
			902	1196
			891	1201
			882	1147
			877	1121
			871	1118
		</curveLM10>
		<curveLM11 type=matrix rownames=FALSE colnames=FALSE nrow=5 ncol=2 as.numeric=TRUE >
			871	1118
			860	1116
			836	1147
			814	1171
			807	1167
		</curveLM11>
		<curveLM12 type=matrix rownames=FALSE colnames=FALSE nrow=5 ncol=2 as.numeric=TRUE >
			807	1167
			792	1161
			817	1019
			854	828
			901	726
		</curveLM12>
	</curves.control>
	<curves.pixel type=list>
		<curveLM07 type=matrix rownames=FALSE colnames=FALSE nrow=444 ncol=2 as.numeric=TRUE >
			901	726
			901	727
			902	728
			902	729
			903	730
			903	731
			904	732
			904	733
			905	734
			905	735
			906	736
			906	737
			907	738
			907	739
			908	740
			908	741
			909	742
			909	743
			910	744
			910	745
			910	746
			911	747
			911	748
			912	749
			912	750
			913	751
			913	752
			914	753
			914	754
			915	755
			915	756
			915	757
			916	758
			916	759
			917	760
			917	761
			918	762
			918	763
			918	764
			919	765
			919	766
			920	767
			920	768
			920	769
			921	770
			921	771
			922	772
			922	773
			922	774
			923	775
			923	776
			924	777
			924	778
			924	779
			925	780
			925	781
			925	782
			926	783
			926	784
			926	785
			927	786
			927	787
			928	788
			928	789
			928	790
			929	791
			929	792
			930	793
			930	794
			930	795
			930	796
			931	797
			931	798
			932	799
			932	800
			932	801
			933	802
			933	803
			933	804
			933	805
			934	806
			934	807
			934	808
			935	809
			935	810
			935	811
			936	812
			936	813
			936	814
			937	815
			937	816
			937	817
			938	818
			938	819
			938	820
			938	821
			939	822
			939	823
			939	824
			940	825
			940	826
			940	827
			941	828
			941	829
			941	830
			941	831
			942	832
			942	833
			942	834
			943	835
			943	836
			943	837
			944	838
			944	839
			944	840
			944	841
			944	842
			945	842
			945	843
			945	844
			945	845
			946	846
			946	847
			946	848
			946	849
			946	850
			947	850
			947	851
			947	852
			947	853
			948	854
			948	855
			948	856
			948	857
			948	858
			949	859
			949	860
			949	861
			950	862
			950	863
			950	864
			950	865
			950	866
			951	867
			951	868
			951	869
			951	870
			951	871
			952	871
			952	872
			952	873
			952	874
			952	875
			953	876
			953	877
			953	878
			953	879
			953	880
			954	881
			954	882
			954	883
			954	884
			954	885
			955	886
			955	887
			955	888
			955	889
			955	890
			956	891
			956	892
			956	893
			956	894
			956	895
			957	896
			957	897
			957	898
			957	899
			957	900
			958	901
			958	902
			958	903
			958	904
			958	905
			959	906
			959	907
			959	908
			959	909
			959	910
			960	911
			960	912
			960	913
			960	914
			960	915
			961	915
			961	916
			961	917
			961	918
			961	919
			962	920
			962	921
			962	922
			962	923
			962	924
			962	925
			963	926
			963	927
			963	928
			963	929
			963	930
			964	931
			964	932
			964	933
			964	934
			964	935
			965	936
			965	937
			965	938
			965	939
			966	940
			966	941
			966	942
			966	943
			966	944
			967	945
			967	946
			967	947
			967	948
			967	949
			968	950
			968	951
			968	952
			968	953
			968	954
			969	955
			969	956
			969	957
			969	958
			969	959
			970	960
			970	961
			970	962
			970	963
			970	964
			971	965
			971	966
			971	967
			971	968
			972	969
			972	970
			972	971
			972	972
			972	973
			972	974
			973	975
			973	976
			973	977
			973	978
			974	979
			974	980
			974	981
			974	982
			974	983
			975	984
			975	985
			975	986
			975	987
			975	988
			976	989
			976	990
			976	991
			976	992
			976	993
			977	994
			977	995
			977	996
			977	997
			977	998
			978	999
			978	1000
			978	1001
			978	1002
			978	1003
			979	1004
			979	1005
			979	1006
			979	1007
			979	1008
			980	1009
			980	1010
			980	1011
			980	1012
			980	1013
			981	1014
			981	1015
			981	1016
			981	1017
			982	1018
			982	1019
			982	1020
			982	1021
			982	1022
			983	1023
			983	1024
			983	1025
			983	1026
			983	1027
			984	1028
			984	1029
			984	1030
			984	1031
			984	1032
			985	1033
			985	1034
			985	1035
			985	1036
			985	1037
			986	1038
			986	1039
			986	1040
			986	1041
			986	1042
			987	1043
			987	1044
			987	1045
			987	1046
			987	1047
			988	1048
			988	1049
			988	1050
			988	1051
			988	1052
			989	1053
			989	1054
			989	1055
			989	1056
			990	1057
			990	1058
			990	1059
			990	1060
			990	1061
			991	1062
			991	1063
			991	1064
			991	1065
			991	1066
			992	1067
			992	1068
			992	1069
			992	1070
			993	1071
			993	1072
			993	1073
			993	1074
			993	1075
			994	1076
			994	1077
			994	1078
			994	1079
			994	1080
			995	1081
			995	1082
			995	1083
			995	1084
			995	1085
			996	1086
			996	1087
			996	1088
			996	1089
			996	1090
			997	1091
			997	1092
			997	1093
			997	1094
			997	1095
			998	1096
			998	1097
			998	1098
			998	1099
			998	1100
			999	1100
			999	1101
			999	1102
			999	1103
			999	1104
			1000	1105
			1000	1106
			1000	1107
			1000	1108
			1000	1109
			1000	1110
			1000	1111
			1000	1112
			1000	1113
			1001	1114
			1001	1115
			1001	1116
			1001	1117
			1001	1118
			1001	1119
			1001	1120
			1001	1121
			1001	1122
			1001	1123
			1001	1124
			1001	1125
			1001	1126
			1001	1127
			1001	1128
			1001	1129
			1001	1130
			1001	1131
			1001	1132
			1001	1133
			1001	1134
			1001	1135
			1001	1136
			1001	1137
			1001	1138
			1001	1139
			1001	1140
			1001	1141
			1001	1142
			1001	1143
			1001	1144
			1001	1145
			1000	1146
			1000	1147
			1000	1148
			1000	1149
			1000	1150
			1000	1151
			999	1152
			999	1153
			999	1154
			999	1155
			999	1156
			998	1156
			998	1157
			998	1158
			997	1159
			997	1160
			996	1161
			996	1162
			995	1163
		</curveLM07>
		<curveLM08 type=matrix rownames=FALSE colnames=FALSE nrow=66 ncol=2 as.numeric=TRUE >
			995	1163
			994	1163
			993	1163
			992	1163
			991	1163
			990	1162
			989	1162
			988	1161
			987	1160
			986	1159
			985	1158
			984	1158
			983	1157
			982	1156
			982	1155
			981	1155
			980	1154
			979	1153
			978	1152
			977	1151
			976	1150
			975	1149
			974	1148
			973	1147
			972	1146
			972	1145
			971	1144
			970	1144
			970	1143
			969	1142
			968	1141
			967	1140
			966	1139
			965	1138
			964	1137
			964	1136
			963	1135
			962	1134
			961	1133
			960	1132
			960	1131
			959	1130
			958	1129
			957	1128
			956	1127
			955	1126
			954	1125
			953	1124
			952	1124
			952	1123
			951	1122
			950	1122
			949	1121
			948	1120
			947	1119
			946	1119
			945	1118
			944	1118
			943	1117
			942	1117
			941	1117
			940	1117
			939	1117
			938	1117
			937	1117
			936	1118
		</curveLM08>
		<curveLM09 type=matrix rownames=FALSE colnames=FALSE nrow=87 ncol=2 as.numeric=TRUE >
			936	1118
			935	1118
			934	1119
			933	1120
			932	1121
			932	1122
			931	1123
			931	1124
			930	1125
			930	1126
			930	1127
			929	1128
			929	1129
			929	1130
			928	1131
			928	1132
			928	1133
			927	1134
			927	1135
			927	1136
			927	1137
			926	1138
			926	1139
			926	1140
			925	1141
			925	1142
			925	1143
			925	1144
			925	1145
			924	1146
			924	1147
			924	1148
			924	1149
			924	1150
			923	1151
			923	1152
			923	1153
			923	1154
			923	1155
			922	1156
			922	1157
			922	1158
			922	1159
			922	1160
			921	1161
			921	1162
			921	1163
			921	1164
			921	1165
			920	1166
			920	1167
			920	1168
			920	1169
			920	1170
			920	1171
			919	1171
			919	1172
			919	1173
			919	1174
			919	1175
			918	1176
			918	1177
			918	1178
			918	1179
			918	1180
			917	1180
			917	1181
			917	1182
			916	1183
			916	1184
			916	1185
			915	1186
			915	1187
			914	1188
			913	1189
			913	1190
			912	1191
			911	1192
			910	1193
			909	1194
			908	1195
			907	1195
			906	1195
			905	1196
			904	1196
			903	1196
			902	1196
		</curveLM09>
		<curveLM10 type=matrix rownames=FALSE colnames=FALSE nrow=90 ncol=2 as.numeric=TRUE >
			902	1196
			901	1196
			900	1196
			899	1196
			898	1196
			897	1195
			896	1194
			895	1193
			894	1192
			894	1191
			893	1190
			893	1189
			892	1188
			892	1187
			891	1186
			891	1185
			891	1184
			890	1183
			890	1182
			889	1181
			889	1180
			889	1179
			889	1178
			888	1177
			888	1176
			888	1175
			887	1174
			887	1173
			887	1172
			887	1171
			887	1170
			886	1170
			886	1169
			886	1168
			886	1167
			886	1166
			885	1165
			885	1164
			885	1163
			885	1162
			884	1161
			884	1160
			884	1159
			884	1158
			884	1157
			884	1156
			883	1155
			883	1154
			883	1153
			883	1152
			883	1151
			883	1150
			882	1150
			882	1149
			882	1148
			882	1147
			882	1146
			882	1145
			881	1144
			881	1143
			881	1142
			881	1141
			881	1140
			880	1140
			880	1139
			880	1138
			880	1137
			880	1136
			879	1135
			879	1134
			879	1133
			879	1132
			878	1132
			878	1131
			878	1130
			878	1129
			877	1128
			877	1127
			876	1126
			876	1125
			876	1124
			875	1123
			875	1122
			874	1122
			874	1121
			874	1120
			873	1120
			873	1119
			872	1119
			871	1118
		</curveLM10>
		<curveLM11 type=matrix rownames=FALSE colnames=FALSE nrow=72 ncol=2 as.numeric=TRUE >
			871	1118
			870	1118
			869	1118
			868	1118
			867	1118
			866	1119
			865	1119
			864	1119
			863	1120
			862	1120
			861	1121
			860	1122
			859	1123
			858	1123
			857	1124
			856	1125
			855	1126
			854	1127
			853	1128
			852	1129
			851	1130
			850	1131
			849	1132
			848	1133
			847	1134
			846	1135
			845	1136
			844	1137
			843	1138
			843	1139
			842	1139
			841	1140
			841	1141
			840	1142
			839	1143
			839	1144
			838	1145
			837	1145
			837	1146
			836	1147
			835	1148
			835	1149
			834	1149
			833	1150
			833	1151
			832	1151
			831	1152
			830	1153
			829	1154
			828	1155
			827	1156
			826	1157
			825	1158
			824	1159
			823	1160
			822	1161
			821	1162
			820	1163
			819	1163
			818	1164
			817	1164
			816	1165
			815	1165
			815	1166
			814	1166
			813	1167
			812	1167
			811	1167
			810	1168
			809	1168
			808	1167
			807	1167
		</curveLM11>
		<curveLM12 type=matrix rownames=FALSE colnames=FALSE nrow=458 ncol=2 as.numeric=TRUE >
			807	1167
			806	1167
			806	1166
			805	1165
			804	1164
			804	1163
			803	1162
			803	1161
			803	1160
			803	1159
			802	1158
			802	1157
			802	1156
			802	1155
			802	1154
			802	1153
			802	1152
			802	1151
			802	1150
			801	1149
			801	1148
			801	1147
			801	1146
			801	1145
			801	1144
			801	1143
			801	1142
			801	1141
			801	1140
			801	1139
			801	1138
			801	1137
			802	1136
			802	1135
			802	1134
			802	1133
			802	1132
			802	1131
			802	1130
			802	1129
			802	1128
			802	1127
			802	1126
			802	1125
			802	1124
			802	1123
			802	1122
			802	1121
			802	1120
			803	1120
			803	1119
			803	1118
			803	1117
			803	1116
			803	1115
			803	1114
			803	1113
			803	1112
			803	1111
			803	1110
			804	1109
			804	1108
			804	1107
			804	1106
			804	1105
			804	1104
			804	1103
			804	1102
			805	1101
			805	1100
			805	1099
			805	1098
			805	1097
			805	1096
			805	1095
			805	1094
			805	1093
			806	1092
			806	1091
			806	1090
			806	1089
			806	1088
			806	1087
			806	1086
			807	1085
			807	1084
			807	1083
			807	1082
			807	1081
			807	1080
			807	1079
			807	1078
			808	1077
			808	1076
			808	1075
			808	1074
			808	1073
			808	1072
			808	1071
			809	1070
			809	1069
			809	1068
			809	1067
			809	1066
			809	1065
			810	1064
			810	1063
			810	1062
			810	1061
			810	1060
			810	1059
			810	1058
			811	1057
			811	1056
			811	1055
			811	1054
			811	1053
			811	1052
			812	1051
			812	1050
			812	1049
			812	1048
			812	1047
			812	1046
			813	1045
			813	1044
			813	1043
			813	1042
			813	1041
			813	1040
			813	1039
			814	1039
			814	1038
			814	1037
			814	1036
			814	1035
			814	1034
			815	1033
			815	1032
			815	1031
			815	1030
			815	1029
			815	1028
			816	1027
			816	1026
			816	1025
			816	1024
			816	1023
			817	1022
			817	1021
			817	1020
			817	1019
			817	1018
			817	1017
			817	1016
			818	1016
			818	1015
			818	1014
			818	1013
			818	1012
			818	1011
			819	1011
			819	1010
			819	1009
			819	1008
			819	1007
			820	1006
			820	1005
			820	1004
			820	1003
			820	1002
			821	1001
			821	1000
			821	999
			821	998
			821	997
			822	996
			822	995
			822	994
			822	993
			822	992
			823	991
			823	990
			823	989
			823	988
			823	987
			824	986
			824	985
			824	984
			824	983
			824	982
			825	981
			825	980
			825	979
			825	978
			825	977
			826	976
			826	975
			826	974
			826	973
			827	972
			827	971
			827	970
			827	969
			827	968
			828	967
			828	966
			828	965
			828	964
			829	963
			829	962
			829	961
			829	960
			829	959
			830	958
			830	957
			830	956
			830	955
			830	954
			831	953
			831	952
			831	951
			831	950
			831	949
			832	949
			832	948
			832	947
			832	946
			833	945
			833	944
			833	943
			833	942
			833	941
			834	940
			834	939
			834	938
			834	937
			834	936
			835	935
			835	934
			835	933
			836	932
			836	931
			836	930
			836	929
			836	928
			837	927
			837	926
			837	925
			837	924
			838	923
			838	922
			838	921
			838	920
			838	919
			839	918
			839	917
			839	916
			839	915
			840	914
			840	913
			840	912
			840	911
			841	910
			841	909
			841	908
			841	907
			842	906
			842	905
			842	904
			842	903
			843	902
			843	901
			843	900
			843	899
			844	898
			844	897
			844	896
			844	895
			845	894
			845	893
			845	892
			845	891
			846	890
			846	889
			846	888
			847	887
			847	886
			847	885
			847	884
			848	883
			848	882
			848	881
			848	880
			849	879
			849	878
			849	877
			849	876
			850	875
			850	874
			850	873
			851	872
			851	871
			851	870
			851	869
			852	868
			852	867
			852	866
			852	865
			853	864
			853	863
			853	862
			853	861
			854	860
			854	859
			854	858
			855	857
			855	856
			855	855
			855	854
			856	853
			856	852
			856	851
			857	850
			857	849
			857	848
			858	847
			858	846
			858	845
			858	844
			858	843
			859	843
			859	842
			859	841
			859	840
			860	839
			860	838
			860	837
			861	836
			861	835
			861	834
			861	833
			862	832
			862	831
			863	830
			863	829
			863	828
			863	827
			864	827
			864	826
			864	825
			864	824
			865	823
			865	822
			865	821
			865	820
			866	820
			866	819
			866	818
			866	817
			867	816
			867	815
			867	814
			868	813
			868	812
			868	811
			869	810
			869	809
			870	808
			870	807
			870	806
			870	805
			871	804
			871	803
			872	802
			872	801
			872	800
			872	799
			873	799
			873	798
			873	797
			873	796
			874	796
			874	795
			874	794
			874	793
			875	793
			875	792
			875	791
			875	790
			876	790
			876	789
			876	788
			876	787
			877	787
			877	786
			877	785
			877	784
			878	784
			878	783
			878	782
			879	781
			879	780
			879	779
			880	778
			880	777
			881	776
			881	775
			881	774
			882	773
			882	772
			883	771
			883	770
			883	769
			884	768
			884	767
			884	766
			885	765
			885	764
			886	763
			886	762
			886	761
			887	760
			887	759
			887	758
			888	757
			888	756
			889	755
			889	754
			889	753
			890	752
			890	751
			891	750
			891	749
			891	748
			892	747
			892	746
			892	745
			893	745
			893	744
			894	743
			894	742
			894	741
			895	740
			895	739
			896	738
			896	737
			896	736
			897	735
			898	734
			898	733
			898	732
			899	731
			899	730
			900	729
			900	728
			901	727
			901	726
		</curveLM12>
	</curves.pixel>
	<curves.scaled type=list>
		<curveLM07 type=matrix rownames=FALSE colnames=FALSE nrow=444 ncol=2 as.numeric=TRUE >
			7.7008547008547	-6.20512820512821
			7.7008547008547	-6.21367521367521
			7.70940170940171	-6.22222222222222
			7.70940170940171	-6.23076923076923
			7.71794871794872	-6.23931623931624
			7.71794871794872	-6.24786324786325
			7.72649572649573	-6.25641025641026
			7.72649572649573	-6.26495726495727
			7.73504273504274	-6.27350427350427
			7.73504273504274	-6.28205128205128
			7.74358974358974	-6.29059829059829
			7.74358974358974	-6.2991452991453
			7.75213675213675	-6.30769230769231
			7.75213675213675	-6.31623931623932
			7.76068376068376	-6.32478632478633
			7.76068376068376	-6.33333333333333
			7.76923076923077	-6.34188034188034
			7.76923076923077	-6.35042735042735
			7.77777777777778	-6.35897435897436
			7.77777777777778	-6.36752136752137
			7.77777777777778	-6.37606837606838
			7.78632478632479	-6.38461538461539
			7.78632478632479	-6.39316239316239
			7.7948717948718	-6.4017094017094
			7.7948717948718	-6.41025641025641
			7.8034188034188	-6.41880341880342
			7.8034188034188	-6.42735042735043
			7.81196581196581	-6.43589743589744
			7.81196581196581	-6.44444444444445
			7.82051282051282	-6.45299145299145
			7.82051282051282	-6.46153846153846
			7.82051282051282	-6.47008547008547
			7.82905982905983	-6.47863247863248
			7.82905982905983	-6.48717948717949
			7.83760683760684	-6.4957264957265
			7.83760683760684	-6.50427350427351
			7.84615384615385	-6.51282051282051
			7.84615384615385	-6.52136752136752
			7.84615384615385	-6.52991452991453
			7.85470085470086	-6.53846153846154
			7.85470085470086	-6.54700854700855
			7.86324786324786	-6.55555555555556
			7.86324786324786	-6.56410256410256
			7.86324786324786	-6.57264957264957
			7.87179487179487	-6.58119658119658
			7.87179487179487	-6.58974358974359
			7.88034188034188	-6.5982905982906
			7.88034188034188	-6.60683760683761
			7.88034188034188	-6.61538461538462
			7.88888888888889	-6.62393162393162
			7.88888888888889	-6.63247863247863
			7.8974358974359	-6.64102564102564
			7.8974358974359	-6.64957264957265
			7.8974358974359	-6.65811965811966
			7.90598290598291	-6.66666666666667
			7.90598290598291	-6.67521367521368
			7.90598290598291	-6.68376068376068
			7.91452991452992	-6.69230769230769
			7.91452991452992	-6.7008547008547
			7.91452991452992	-6.70940170940171
			7.92307692307692	-6.71794871794872
			7.92307692307692	-6.72649572649573
			7.93162393162393	-6.73504273504274
			7.93162393162393	-6.74358974358974
			7.93162393162393	-6.75213675213675
			7.94017094017094	-6.76068376068376
			7.94017094017094	-6.76923076923077
			7.94871794871795	-6.77777777777778
			7.94871794871795	-6.78632478632479
			7.94871794871795	-6.7948717948718
			7.94871794871795	-6.8034188034188
			7.95726495726496	-6.81196581196581
			7.95726495726496	-6.82051282051282
			7.96581196581197	-6.82905982905983
			7.96581196581197	-6.83760683760684
			7.96581196581197	-6.84615384615385
			7.97435897435898	-6.85470085470086
			7.97435897435898	-6.86324786324786
			7.97435897435898	-6.87179487179487
			7.97435897435898	-6.88034188034188
			7.98290598290598	-6.88888888888889
			7.98290598290598	-6.8974358974359
			7.98290598290598	-6.90598290598291
			7.99145299145299	-6.91452991452991
			7.99145299145299	-6.92307692307692
			7.99145299145299	-6.93162393162393
			8	-6.94017094017094
			8	-6.94871794871795
			8	-6.95726495726496
			8.00854700854701	-6.96581196581197
			8.00854700854701	-6.97435897435898
			8.00854700854701	-6.98290598290598
			8.01709401709402	-6.99145299145299
			8.01709401709402	-7
			8.01709401709402	-7.00854700854701
			8.01709401709402	-7.01709401709402
			8.02564102564103	-7.02564102564103
			8.02564102564103	-7.03418803418803
			8.02564102564103	-7.04273504273504
			8.03418803418804	-7.05128205128205
			8.03418803418804	-7.05982905982906
			8.03418803418804	-7.06837606837607
			8.04273504273504	-7.07692307692308
			8.04273504273504	-7.08547008547009
			8.04273504273504	-7.09401709401709
			8.04273504273504	-7.1025641025641
			8.05128205128205	-7.11111111111111
			8.05128205128205	-7.11965811965812
			8.05128205128205	-7.12820512820513
			8.05982905982906	-7.13675213675214
			8.05982905982906	-7.14529914529915
			8.05982905982906	-7.15384615384615
			8.06837606837607	-7.16239316239316
			8.06837606837607	-7.17094017094017
			8.06837606837607	-7.17948717948718
			8.06837606837607	-7.18803418803419
			8.06837606837607	-7.1965811965812
			8.07692307692308	-7.1965811965812
			8.07692307692308	-7.20512820512821
			8.07692307692308	-7.21367521367521
			8.07692307692308	-7.22222222222222
			8.08547008547009	-7.23076923076923
			8.08547008547009	-7.23931623931624
			8.08547008547009	-7.24786324786325
			8.08547008547009	-7.25641025641026
			8.08547008547009	-7.26495726495727
			8.0940170940171	-7.26495726495727
			8.0940170940171	-7.27350427350427
			8.0940170940171	-7.28205128205128
			8.0940170940171	-7.29059829059829
			8.1025641025641	-7.2991452991453
			8.1025641025641	-7.30769230769231
			8.1025641025641	-7.31623931623932
			8.1025641025641	-7.32478632478633
			8.1025641025641	-7.33333333333333
			8.11111111111111	-7.34188034188034
			8.11111111111111	-7.35042735042735
			8.11111111111111	-7.35897435897436
			8.11965811965812	-7.36752136752137
			8.11965811965812	-7.37606837606838
			8.11965811965812	-7.38461538461539
			8.11965811965812	-7.39316239316239
			8.11965811965812	-7.4017094017094
			8.12820512820513	-7.41025641025641
			8.12820512820513	-7.41880341880342
			8.12820512820513	-7.42735042735043
			8.12820512820513	-7.43589743589744
			8.12820512820513	-7.44444444444445
			8.13675213675214	-7.44444444444445
			8.13675213675214	-7.45299145299145
			8.13675213675214	-7.46153846153846
			8.13675213675214	-7.47008547008547
			8.13675213675214	-7.47863247863248
			8.14529914529915	-7.48717948717949
			8.14529914529915	-7.4957264957265
			8.14529914529915	-7.50427350427351
			8.14529914529915	-7.51282051282051
			8.14529914529915	-7.52136752136752
			8.15384615384616	-7.52991452991453
			8.15384615384616	-7.53846153846154
			8.15384615384616	-7.54700854700855
			8.15384615384616	-7.55555555555556
			8.15384615384616	-7.56410256410256
			8.16239316239316	-7.57264957264957
			8.16239316239316	-7.58119658119658
			8.16239316239316	-7.58974358974359
			8.16239316239316	-7.5982905982906
			8.16239316239316	-7.60683760683761
			8.17094017094017	-7.61538461538462
			8.17094017094017	-7.62393162393162
			8.17094017094017	-7.63247863247863
			8.17094017094017	-7.64102564102564
			8.17094017094017	-7.64957264957265
			8.17948717948718	-7.65811965811966
			8.17948717948718	-7.66666666666667
			8.17948717948718	-7.67521367521368
			8.17948717948718	-7.68376068376068
			8.17948717948718	-7.69230769230769
			8.18803418803419	-7.7008547008547
			8.18803418803419	-7.70940170940171
			8.18803418803419	-7.71794871794872
			8.18803418803419	-7.72649572649573
			8.18803418803419	-7.73504273504274
			8.1965811965812	-7.74358974358974
			8.1965811965812	-7.75213675213675
			8.1965811965812	-7.76068376068376
			8.1965811965812	-7.76923076923077
			8.1965811965812	-7.77777777777778
			8.20512820512821	-7.78632478632479
			8.20512820512821	-7.7948717948718
			8.20512820512821	-7.8034188034188
			8.20512820512821	-7.81196581196581
			8.20512820512821	-7.82051282051282
			8.21367521367521	-7.82051282051282
			8.21367521367521	-7.82905982905983
			8.21367521367521	-7.83760683760684
			8.21367521367521	-7.84615384615385
			8.21367521367521	-7.85470085470086
			8.22222222222222	-7.86324786324786
			8.22222222222222	-7.87179487179487
			8.22222222222222	-7.88034188034188
			8.22222222222222	-7.88888888888889
			8.22222222222222	-7.8974358974359
			8.22222222222222	-7.90598290598291
			8.23076923076923	-7.91452991452992
			8.23076923076923	-7.92307692307692
			8.23076923076923	-7.93162393162393
			8.23076923076923	-7.94017094017094
			8.23076923076923	-7.94871794871795
			8.23931623931624	-7.95726495726496
			8.23931623931624	-7.96581196581197
			8.23931623931624	-7.97435897435898
			8.23931623931624	-7.98290598290598
			8.23931623931624	-7.99145299145299
			8.24786324786325	-8
			8.24786324786325	-8.00854700854701
			8.24786324786325	-8.01709401709402
			8.24786324786325	-8.02564102564103
			8.25641025641026	-8.03418803418804
			8.25641025641026	-8.04273504273504
			8.25641025641026	-8.05128205128205
			8.25641025641026	-8.05982905982906
			8.25641025641026	-8.06837606837607
			8.26495726495727	-8.07692307692308
			8.26495726495727	-8.08547008547009
			8.26495726495727	-8.0940170940171
			8.26495726495727	-8.1025641025641
			8.26495726495727	-8.11111111111111
			8.27350427350427	-8.11965811965812
			8.27350427350427	-8.12820512820513
			8.27350427350427	-8.13675213675214
			8.27350427350427	-8.14529914529915
			8.27350427350427	-8.15384615384616
			8.28205128205128	-8.16239316239316
			8.28205128205128	-8.17094017094017
			8.28205128205128	-8.17948717948718
			8.28205128205128	-8.18803418803419
			8.28205128205128	-8.1965811965812
			8.29059829059829	-8.20512820512821
			8.29059829059829	-8.21367521367521
			8.29059829059829	-8.22222222222222
			8.29059829059829	-8.23076923076923
			8.29059829059829	-8.23931623931624
			8.2991452991453	-8.24786324786325
			8.2991452991453	-8.25641025641026
			8.2991452991453	-8.26495726495727
			8.2991452991453	-8.27350427350427
			8.30769230769231	-8.28205128205128
			8.30769230769231	-8.29059829059829
			8.30769230769231	-8.2991452991453
			8.30769230769231	-8.30769230769231
			8.30769230769231	-8.31623931623932
			8.30769230769231	-8.32478632478633
			8.31623931623932	-8.33333333333333
			8.31623931623932	-8.34188034188034
			8.31623931623932	-8.35042735042735
			8.31623931623932	-8.35897435897436
			8.32478632478633	-8.36752136752137
			8.32478632478633	-8.37606837606838
			8.32478632478633	-8.38461538461539
			8.32478632478633	-8.39316239316239
			8.32478632478633	-8.4017094017094
			8.33333333333333	-8.41025641025641
			8.33333333333333	-8.41880341880342
			8.33333333333333	-8.42735042735043
			8.33333333333333	-8.43589743589744
			8.33333333333333	-8.44444444444444
			8.34188034188034	-8.45299145299145
			8.34188034188034	-8.46153846153846
			8.34188034188034	-8.47008547008547
			8.34188034188034	-8.47863247863248
			8.34188034188034	-8.48717948717949
			8.35042735042735	-8.4957264957265
			8.35042735042735	-8.5042735042735
			8.35042735042735	-8.51282051282051
			8.35042735042735	-8.52136752136752
			8.35042735042735	-8.52991452991453
			8.35897435897436	-8.53846153846154
			8.35897435897436	-8.54700854700855
			8.35897435897436	-8.55555555555556
			8.35897435897436	-8.56410256410257
			8.35897435897436	-8.57264957264957
			8.36752136752137	-8.58119658119658
			8.36752136752137	-8.58974358974359
			8.36752136752137	-8.5982905982906
			8.36752136752137	-8.60683760683761
			8.36752136752137	-8.61538461538462
			8.37606837606838	-8.62393162393163
			8.37606837606838	-8.63247863247863
			8.37606837606838	-8.64102564102564
			8.37606837606838	-8.64957264957265
			8.37606837606838	-8.65811965811966
			8.38461538461539	-8.66666666666667
			8.38461538461539	-8.67521367521368
			8.38461538461539	-8.68376068376068
			8.38461538461539	-8.69230769230769
			8.39316239316239	-8.7008547008547
			8.39316239316239	-8.70940170940171
			8.39316239316239	-8.71794871794872
			8.39316239316239	-8.72649572649573
			8.39316239316239	-8.73504273504274
			8.4017094017094	-8.74358974358974
			8.4017094017094	-8.75213675213675
			8.4017094017094	-8.76068376068376
			8.4017094017094	-8.76923076923077
			8.4017094017094	-8.77777777777778
			8.41025641025641	-8.78632478632479
			8.41025641025641	-8.7948717948718
			8.41025641025641	-8.8034188034188
			8.41025641025641	-8.81196581196581
			8.41025641025641	-8.82051282051282
			8.41880341880342	-8.82905982905983
			8.41880341880342	-8.83760683760684
			8.41880341880342	-8.84615384615385
			8.41880341880342	-8.85470085470086
			8.41880341880342	-8.86324786324786
			8.42735042735043	-8.87179487179487
			8.42735042735043	-8.88034188034188
			8.42735042735043	-8.88888888888889
			8.42735042735043	-8.8974358974359
			8.42735042735043	-8.90598290598291
			8.43589743589744	-8.91452991452991
			8.43589743589744	-8.92307692307692
			8.43589743589744	-8.93162393162393
			8.43589743589744	-8.94017094017094
			8.43589743589744	-8.94871794871795
			8.44444444444444	-8.95726495726496
			8.44444444444444	-8.96581196581197
			8.44444444444444	-8.97435897435897
			8.44444444444444	-8.98290598290598
			8.44444444444444	-8.99145299145299
			8.45299145299145	-9
			8.45299145299145	-9.00854700854701
			8.45299145299145	-9.01709401709402
			8.45299145299145	-9.02564102564103
			8.46153846153846	-9.03418803418804
			8.46153846153846	-9.04273504273504
			8.46153846153846	-9.05128205128205
			8.46153846153846	-9.05982905982906
			8.46153846153846	-9.06837606837607
			8.47008547008547	-9.07692307692308
			8.47008547008547	-9.08547008547009
			8.47008547008547	-9.0940170940171
			8.47008547008547	-9.1025641025641
			8.47008547008547	-9.11111111111111
			8.47863247863248	-9.11965811965812
			8.47863247863248	-9.12820512820513
			8.47863247863248	-9.13675213675214
			8.47863247863248	-9.14529914529915
			8.48717948717949	-9.15384615384616
			8.48717948717949	-9.16239316239316
			8.48717948717949	-9.17094017094017
			8.48717948717949	-9.17948717948718
			8.48717948717949	-9.18803418803419
			8.4957264957265	-9.1965811965812
			8.4957264957265	-9.20512820512821
			8.4957264957265	-9.21367521367521
			8.4957264957265	-9.22222222222222
			8.4957264957265	-9.23076923076923
			8.5042735042735	-9.23931623931624
			8.5042735042735	-9.24786324786325
			8.5042735042735	-9.25641025641026
			8.5042735042735	-9.26495726495727
			8.5042735042735	-9.27350427350427
			8.51282051282051	-9.28205128205128
			8.51282051282051	-9.29059829059829
			8.51282051282051	-9.2991452991453
			8.51282051282051	-9.30769230769231
			8.51282051282051	-9.31623931623932
			8.52136752136752	-9.32478632478633
			8.52136752136752	-9.33333333333333
			8.52136752136752	-9.34188034188034
			8.52136752136752	-9.35042735042735
			8.52136752136752	-9.35897435897436
			8.52991452991453	-9.36752136752137
			8.52991452991453	-9.37606837606838
			8.52991452991453	-9.38461538461539
			8.52991452991453	-9.39316239316239
			8.52991452991453	-9.4017094017094
			8.53846153846154	-9.4017094017094
			8.53846153846154	-9.41025641025641
			8.53846153846154	-9.41880341880342
			8.53846153846154	-9.42735042735043
			8.53846153846154	-9.43589743589744
			8.54700854700855	-9.44444444444444
			8.54700854700855	-9.45299145299145
			8.54700854700855	-9.46153846153846
			8.54700854700855	-9.47008547008547
			8.54700854700855	-9.47863247863248
			8.54700854700855	-9.48717948717949
			8.54700854700855	-9.4957264957265
			8.54700854700855	-9.50427350427351
			8.54700854700855	-9.51282051282051
			8.55555555555556	-9.52136752136752
			8.55555555555556	-9.52991452991453
			8.55555555555556	-9.53846153846154
			8.55555555555556	-9.54700854700855
			8.55555555555556	-9.55555555555556
			8.55555555555556	-9.56410256410257
			8.55555555555556	-9.57264957264957
			8.55555555555556	-9.58119658119658
			8.55555555555556	-9.58974358974359
			8.55555555555556	-9.5982905982906
			8.55555555555556	-9.60683760683761
			8.55555555555556	-9.61538461538462
			8.55555555555556	-9.62393162393163
			8.55555555555556	-9.63247863247863
			8.55555555555556	-9.64102564102564
			8.55555555555556	-9.64957264957265
			8.55555555555556	-9.65811965811966
			8.55555555555556	-9.66666666666667
			8.55555555555556	-9.67521367521368
			8.55555555555556	-9.68376068376068
			8.55555555555556	-9.69230769230769
			8.55555555555556	-9.7008547008547
			8.55555555555556	-9.70940170940171
			8.55555555555556	-9.71794871794872
			8.55555555555556	-9.72649572649573
			8.55555555555556	-9.73504273504274
			8.55555555555556	-9.74358974358974
			8.55555555555556	-9.75213675213675
			8.55555555555556	-9.76068376068376
			8.55555555555556	-9.76923076923077
			8.55555555555556	-9.77777777777778
			8.55555555555556	-9.78632478632479
			8.54700854700855	-9.7948717948718
			8.54700854700855	-9.8034188034188
			8.54700854700855	-9.81196581196581
			8.54700854700855	-9.82051282051282
			8.54700854700855	-9.82905982905983
			8.54700854700855	-9.83760683760684
			8.53846153846154	-9.84615384615385
			8.53846153846154	-9.85470085470086
			8.53846153846154	-9.86324786324786
			8.53846153846154	-9.87179487179487
			8.53846153846154	-9.88034188034188
			8.52991452991453	-9.88034188034188
			8.52991452991453	-9.88888888888889
			8.52991452991453	-9.8974358974359
			8.52136752136752	-9.90598290598291
			8.52136752136752	-9.91452991452991
			8.51282051282051	-9.92307692307692
			8.51282051282051	-9.93162393162393
			8.5042735042735	-9.94017094017094
		</curveLM07>
		<curveLM08 type=matrix rownames=FALSE colnames=FALSE nrow=66 ncol=2 as.numeric=TRUE >
			8.5042735042735	-9.94017094017094
			8.4957264957265	-9.94017094017094
			8.48717948717949	-9.94017094017094
			8.47863247863248	-9.94017094017094
			8.47008547008547	-9.94017094017094
			8.46153846153846	-9.93162393162393
			8.45299145299145	-9.93162393162393
			8.44444444444444	-9.92307692307692
			8.43589743589744	-9.91452991452991
			8.42735042735043	-9.90598290598291
			8.41880341880342	-9.8974358974359
			8.41025641025641	-9.8974358974359
			8.4017094017094	-9.88888888888889
			8.39316239316239	-9.88034188034188
			8.39316239316239	-9.87179487179487
			8.38461538461539	-9.87179487179487
			8.37606837606838	-9.86324786324786
			8.36752136752137	-9.85470085470086
			8.35897435897436	-9.84615384615385
			8.35042735042735	-9.83760683760684
			8.34188034188034	-9.82905982905983
			8.33333333333333	-9.82051282051282
			8.32478632478633	-9.81196581196581
			8.31623931623932	-9.8034188034188
			8.30769230769231	-9.7948717948718
			8.30769230769231	-9.78632478632479
			8.2991452991453	-9.77777777777778
			8.29059829059829	-9.77777777777778
			8.29059829059829	-9.76923076923077
			8.28205128205128	-9.76068376068376
			8.27350427350427	-9.75213675213675
			8.26495726495727	-9.74358974358974
			8.25641025641026	-9.73504273504274
			8.24786324786325	-9.72649572649573
			8.23931623931624	-9.71794871794872
			8.23931623931624	-9.70940170940171
			8.23076923076923	-9.7008547008547
			8.22222222222222	-9.69230769230769
			8.21367521367521	-9.68376068376068
			8.20512820512821	-9.67521367521368
			8.20512820512821	-9.66666666666667
			8.1965811965812	-9.65811965811966
			8.18803418803419	-9.64957264957265
			8.17948717948718	-9.64102564102564
			8.17094017094017	-9.63247863247863
			8.16239316239316	-9.62393162393163
			8.15384615384616	-9.61538461538462
			8.14529914529915	-9.60683760683761
			8.13675213675214	-9.60683760683761
			8.13675213675214	-9.5982905982906
			8.12820512820513	-9.58974358974359
			8.11965811965812	-9.58974358974359
			8.11111111111111	-9.58119658119658
			8.1025641025641	-9.57264957264957
			8.0940170940171	-9.56410256410257
			8.08547008547009	-9.56410256410257
			8.07692307692308	-9.55555555555556
			8.06837606837607	-9.55555555555556
			8.05982905982906	-9.54700854700855
			8.05128205128205	-9.54700854700855
			8.04273504273504	-9.54700854700855
			8.03418803418804	-9.54700854700855
			8.02564102564103	-9.54700854700855
			8.01709401709402	-9.54700854700855
			8.00854700854701	-9.54700854700855
			8	-9.55555555555556
		</curveLM08>
		<curveLM09 type=matrix rownames=FALSE colnames=FALSE nrow=87 ncol=2 as.numeric=TRUE >
			8	-9.55555555555556
			7.99145299145299	-9.55555555555556
			7.98290598290598	-9.56410256410257
			7.97435897435898	-9.57264957264957
			7.96581196581197	-9.58119658119658
			7.96581196581197	-9.58974358974359
			7.95726495726496	-9.5982905982906
			7.95726495726496	-9.60683760683761
			7.94871794871795	-9.61538461538462
			7.94871794871795	-9.62393162393163
			7.94871794871795	-9.63247863247863
			7.94017094017094	-9.64102564102564
			7.94017094017094	-9.64957264957265
			7.94017094017094	-9.65811965811966
			7.93162393162393	-9.66666666666667
			7.93162393162393	-9.67521367521368
			7.93162393162393	-9.68376068376068
			7.92307692307692	-9.69230769230769
			7.92307692307692	-9.7008547008547
			7.92307692307692	-9.70940170940171
			7.92307692307692	-9.71794871794872
			7.91452991452992	-9.72649572649573
			7.91452991452992	-9.73504273504274
			7.91452991452992	-9.74358974358974
			7.90598290598291	-9.75213675213675
			7.90598290598291	-9.76068376068376
			7.90598290598291	-9.76923076923077
			7.90598290598291	-9.77777777777778
			7.90598290598291	-9.78632478632479
			7.8974358974359	-9.7948717948718
			7.8974358974359	-9.8034188034188
			7.8974358974359	-9.81196581196581
			7.8974358974359	-9.82051282051282
			7.8974358974359	-9.82905982905983
			7.88888888888889	-9.83760683760684
			7.88888888888889	-9.84615384615385
			7.88888888888889	-9.85470085470086
			7.88888888888889	-9.86324786324786
			7.88888888888889	-9.87179487179487
			7.88034188034188	-9.88034188034188
			7.88034188034188	-9.88888888888889
			7.88034188034188	-9.8974358974359
			7.88034188034188	-9.90598290598291
			7.88034188034188	-9.91452991452991
			7.87179487179487	-9.92307692307692
			7.87179487179487	-9.93162393162393
			7.87179487179487	-9.94017094017094
			7.87179487179487	-9.94871794871795
			7.87179487179487	-9.95726495726496
			7.86324786324786	-9.96581196581197
			7.86324786324786	-9.97435897435898
			7.86324786324786	-9.98290598290598
			7.86324786324786	-9.99145299145299
			7.86324786324786	-10
			7.86324786324786	-10.008547008547
			7.85470085470086	-10.008547008547
			7.85470085470086	-10.017094017094
			7.85470085470086	-10.025641025641
			7.85470085470086	-10.034188034188
			7.85470085470086	-10.042735042735
			7.84615384615385	-10.0512820512821
			7.84615384615385	-10.0598290598291
			7.84615384615385	-10.0683760683761
			7.84615384615385	-10.0769230769231
			7.84615384615385	-10.0854700854701
			7.83760683760684	-10.0854700854701
			7.83760683760684	-10.0940170940171
			7.83760683760684	-10.1025641025641
			7.82905982905983	-10.1111111111111
			7.82905982905983	-10.1196581196581
			7.82905982905983	-10.1282051282051
			7.82051282051282	-10.1367521367521
			7.82051282051282	-10.1452991452991
			7.81196581196581	-10.1538461538462
			7.8034188034188	-10.1623931623932
			7.8034188034188	-10.1709401709402
			7.7948717948718	-10.1794871794872
			7.78632478632479	-10.1880341880342
			7.77777777777778	-10.1965811965812
			7.76923076923077	-10.2051282051282
			7.76068376068376	-10.2136752136752
			7.75213675213675	-10.2136752136752
			7.74358974358974	-10.2136752136752
			7.73504273504274	-10.2222222222222
			7.72649572649573	-10.2222222222222
			7.71794871794872	-10.2222222222222
			7.70940170940171	-10.2222222222222
		</curveLM09>
		<curveLM10 type=matrix rownames=FALSE colnames=FALSE nrow=90 ncol=2 as.numeric=TRUE >
			7.70940170940171	-10.2222222222222
			7.7008547008547	-10.2222222222222
			7.69230769230769	-10.2222222222222
			7.68376068376068	-10.2222222222222
			7.67521367521368	-10.2222222222222
			7.66666666666667	-10.2136752136752
			7.65811965811966	-10.2051282051282
			7.64957264957265	-10.1965811965812
			7.64102564102564	-10.1880341880342
			7.64102564102564	-10.1794871794872
			7.63247863247863	-10.1709401709402
			7.63247863247863	-10.1623931623932
			7.62393162393162	-10.1538461538462
			7.62393162393162	-10.1452991452991
			7.61538461538462	-10.1367521367521
			7.61538461538462	-10.1282051282051
			7.61538461538462	-10.1196581196581
			7.60683760683761	-10.1111111111111
			7.60683760683761	-10.1025641025641
			7.5982905982906	-10.0940170940171
			7.5982905982906	-10.0854700854701
			7.5982905982906	-10.0769230769231
			7.5982905982906	-10.0683760683761
			7.58974358974359	-10.0598290598291
			7.58974358974359	-10.0512820512821
			7.58974358974359	-10.042735042735
			7.58119658119658	-10.034188034188
			7.58119658119658	-10.025641025641
			7.58119658119658	-10.017094017094
			7.58119658119658	-10.008547008547
			7.58119658119658	-10
			7.57264957264957	-10
			7.57264957264957	-9.99145299145299
			7.57264957264957	-9.98290598290598
			7.57264957264957	-9.97435897435898
			7.57264957264957	-9.96581196581197
			7.56410256410256	-9.95726495726496
			7.56410256410256	-9.94871794871795
			7.56410256410256	-9.94017094017094
			7.56410256410256	-9.93162393162393
			7.55555555555556	-9.92307692307692
			7.55555555555556	-9.91452991452991
			7.55555555555556	-9.90598290598291
			7.55555555555556	-9.8974358974359
			7.55555555555556	-9.88888888888889
			7.55555555555556	-9.88034188034188
			7.54700854700855	-9.87179487179487
			7.54700854700855	-9.86324786324786
			7.54700854700855	-9.85470085470086
			7.54700854700855	-9.84615384615385
			7.54700854700855	-9.83760683760684
			7.54700854700855	-9.82905982905983
			7.53846153846154	-9.82905982905983
			7.53846153846154	-9.82051282051282
			7.53846153846154	-9.81196581196581
			7.53846153846154	-9.8034188034188
			7.53846153846154	-9.7948717948718
			7.53846153846154	-9.78632478632479
			7.52991452991453	-9.77777777777778
			7.52991452991453	-9.76923076923077
			7.52991452991453	-9.76068376068376
			7.52991452991453	-9.75213675213675
			7.52991452991453	-9.74358974358974
			7.52136752136752	-9.74358974358974
			7.52136752136752	-9.73504273504274
			7.52136752136752	-9.72649572649573
			7.52136752136752	-9.71794871794872
			7.52136752136752	-9.70940170940171
			7.51282051282051	-9.7008547008547
			7.51282051282051	-9.69230769230769
			7.51282051282051	-9.68376068376068
			7.51282051282051	-9.67521367521368
			7.50427350427351	-9.67521367521368
			7.50427350427351	-9.66666666666667
			7.50427350427351	-9.65811965811966
			7.50427350427351	-9.64957264957265
			7.4957264957265	-9.64102564102564
			7.4957264957265	-9.63247863247863
			7.48717948717949	-9.62393162393163
			7.48717948717949	-9.61538461538462
			7.48717948717949	-9.60683760683761
			7.47863247863248	-9.5982905982906
			7.47863247863248	-9.58974358974359
			7.47008547008547	-9.58974358974359
			7.47008547008547	-9.58119658119658
			7.47008547008547	-9.57264957264957
			7.46153846153846	-9.57264957264957
			7.46153846153846	-9.56410256410257
			7.45299145299145	-9.56410256410257
			7.44444444444445	-9.55555555555556
		</curveLM10>
		<curveLM11 type=matrix rownames=FALSE colnames=FALSE nrow=72 ncol=2 as.numeric=TRUE >
			7.44444444444445	-9.55555555555556
			7.43589743589744	-9.55555555555556
			7.42735042735043	-9.55555555555556
			7.41880341880342	-9.55555555555556
			7.41025641025641	-9.55555555555556
			7.4017094017094	-9.56410256410257
			7.39316239316239	-9.56410256410257
			7.38461538461539	-9.56410256410257
			7.37606837606838	-9.57264957264957
			7.36752136752137	-9.57264957264957
			7.35897435897436	-9.58119658119658
			7.35042735042735	-9.58974358974359
			7.34188034188034	-9.5982905982906
			7.33333333333333	-9.5982905982906
			7.32478632478633	-9.60683760683761
			7.31623931623932	-9.61538461538462
			7.30769230769231	-9.62393162393163
			7.2991452991453	-9.63247863247863
			7.29059829059829	-9.64102564102564
			7.28205128205128	-9.64957264957265
			7.27350427350427	-9.65811965811966
			7.26495726495727	-9.66666666666667
			7.25641025641026	-9.67521367521368
			7.24786324786325	-9.68376068376068
			7.23931623931624	-9.69230769230769
			7.23076923076923	-9.7008547008547
			7.22222222222222	-9.70940170940171
			7.21367521367521	-9.71794871794872
			7.20512820512821	-9.72649572649573
			7.20512820512821	-9.73504273504274
			7.1965811965812	-9.73504273504274
			7.18803418803419	-9.74358974358974
			7.18803418803419	-9.75213675213675
			7.17948717948718	-9.76068376068376
			7.17094017094017	-9.76923076923077
			7.17094017094017	-9.77777777777778
			7.16239316239316	-9.78632478632479
			7.15384615384615	-9.78632478632479
			7.15384615384615	-9.7948717948718
			7.14529914529915	-9.8034188034188
			7.13675213675214	-9.81196581196581
			7.13675213675214	-9.82051282051282
			7.12820512820513	-9.82051282051282
			7.11965811965812	-9.82905982905983
			7.11965811965812	-9.83760683760684
			7.11111111111111	-9.83760683760684
			7.1025641025641	-9.84615384615385
			7.09401709401709	-9.85470085470086
			7.08547008547009	-9.86324786324786
			7.07692307692308	-9.87179487179487
			7.06837606837607	-9.88034188034188
			7.05982905982906	-9.88888888888889
			7.05128205128205	-9.8974358974359
			7.04273504273504	-9.90598290598291
			7.03418803418803	-9.91452991452991
			7.02564102564103	-9.92307692307692
			7.01709401709402	-9.93162393162393
			7.00854700854701	-9.94017094017094
			7	-9.94017094017094
			6.99145299145299	-9.94871794871795
			6.98290598290598	-9.94871794871795
			6.97435897435898	-9.95726495726496
			6.96581196581197	-9.95726495726496
			6.96581196581197	-9.96581196581197
			6.95726495726496	-9.96581196581197
			6.94871794871795	-9.97435897435898
			6.94017094017094	-9.97435897435898
			6.93162393162393	-9.97435897435898
			6.92307692307692	-9.98290598290598
			6.91452991452991	-9.98290598290598
			6.90598290598291	-9.97435897435898
			6.8974358974359	-9.97435897435898
		</curveLM11>
		<curveLM12 type=matrix rownames=FALSE colnames=FALSE nrow=458 ncol=2 as.numeric=TRUE >
			6.8974358974359	-9.97435897435898
			6.88888888888889	-9.97435897435898
			6.88888888888889	-9.96581196581197
			6.88034188034188	-9.95726495726496
			6.87179487179487	-9.94871794871795
			6.87179487179487	-9.94017094017094
			6.86324786324786	-9.93162393162393
			6.86324786324786	-9.92307692307692
			6.86324786324786	-9.91452991452991
			6.86324786324786	-9.90598290598291
			6.85470085470086	-9.8974358974359
			6.85470085470086	-9.88888888888889
			6.85470085470086	-9.88034188034188
			6.85470085470086	-9.87179487179487
			6.85470085470086	-9.86324786324786
			6.85470085470086	-9.85470085470086
			6.85470085470086	-9.84615384615385
			6.85470085470086	-9.83760683760684
			6.85470085470086	-9.82905982905983
			6.84615384615385	-9.82051282051282
			6.84615384615385	-9.81196581196581
			6.84615384615385	-9.8034188034188
			6.84615384615385	-9.7948717948718
			6.84615384615385	-9.78632478632479
			6.84615384615385	-9.77777777777778
			6.84615384615385	-9.76923076923077
			6.84615384615385	-9.76068376068376
			6.84615384615385	-9.75213675213675
			6.84615384615385	-9.74358974358974
			6.84615384615385	-9.73504273504274
			6.84615384615385	-9.72649572649573
			6.84615384615385	-9.71794871794872
			6.85470085470086	-9.70940170940171
			6.85470085470086	-9.7008547008547
			6.85470085470086	-9.69230769230769
			6.85470085470086	-9.68376068376068
			6.85470085470086	-9.67521367521368
			6.85470085470086	-9.66666666666667
			6.85470085470086	-9.65811965811966
			6.85470085470086	-9.64957264957265
			6.85470085470086	-9.64102564102564
			6.85470085470086	-9.63247863247863
			6.85470085470086	-9.62393162393163
			6.85470085470086	-9.61538461538462
			6.85470085470086	-9.60683760683761
			6.85470085470086	-9.5982905982906
			6.85470085470086	-9.58974358974359
			6.85470085470086	-9.58119658119658
			6.85470085470086	-9.57264957264957
			6.86324786324786	-9.57264957264957
			6.86324786324786	-9.56410256410257
			6.86324786324786	-9.55555555555556
			6.86324786324786	-9.54700854700855
			6.86324786324786	-9.53846153846154
			6.86324786324786	-9.52991452991453
			6.86324786324786	-9.52136752136752
			6.86324786324786	-9.51282051282051
			6.86324786324786	-9.50427350427351
			6.86324786324786	-9.4957264957265
			6.86324786324786	-9.48717948717949
			6.87179487179487	-9.47863247863248
			6.87179487179487	-9.47008547008547
			6.87179487179487	-9.46153846153846
			6.87179487179487	-9.45299145299145
			6.87179487179487	-9.44444444444444
			6.87179487179487	-9.43589743589744
			6.87179487179487	-9.42735042735043
			6.87179487179487	-9.41880341880342
			6.88034188034188	-9.41025641025641
			6.88034188034188	-9.4017094017094
			6.88034188034188	-9.39316239316239
			6.88034188034188	-9.38461538461539
			6.88034188034188	-9.37606837606838
			6.88034188034188	-9.36752136752137
			6.88034188034188	-9.35897435897436
			6.88034188034188	-9.35042735042735
			6.88034188034188	-9.34188034188034
			6.88888888888889	-9.33333333333333
			6.88888888888889	-9.32478632478633
			6.88888888888889	-9.31623931623932
			6.88888888888889	-9.30769230769231
			6.88888888888889	-9.2991452991453
			6.88888888888889	-9.29059829059829
			6.88888888888889	-9.28205128205128
			6.8974358974359	-9.27350427350427
			6.8974358974359	-9.26495726495727
			6.8974358974359	-9.25641025641026
			6.8974358974359	-9.24786324786325
			6.8974358974359	-9.23931623931624
			6.8974358974359	-9.23076923076923
			6.8974358974359	-9.22222222222222
			6.8974358974359	-9.21367521367521
			6.90598290598291	-9.20512820512821
			6.90598290598291	-9.1965811965812
			6.90598290598291	-9.18803418803419
			6.90598290598291	-9.17948717948718
			6.90598290598291	-9.17094017094017
			6.90598290598291	-9.16239316239316
			6.90598290598291	-9.15384615384616
			6.91452991452991	-9.14529914529915
			6.91452991452991	-9.13675213675214
			6.91452991452991	-9.12820512820513
			6.91452991452991	-9.11965811965812
			6.91452991452991	-9.11111111111111
			6.91452991452991	-9.1025641025641
			6.92307692307692	-9.0940170940171
			6.92307692307692	-9.08547008547009
			6.92307692307692	-9.07692307692308
			6.92307692307692	-9.06837606837607
			6.92307692307692	-9.05982905982906
			6.92307692307692	-9.05128205128205
			6.92307692307692	-9.04273504273504
			6.93162393162393	-9.03418803418804
			6.93162393162393	-9.02564102564103
			6.93162393162393	-9.01709401709402
			6.93162393162393	-9.00854700854701
			6.93162393162393	-9
			6.93162393162393	-8.99145299145299
			6.94017094017094	-8.98290598290598
			6.94017094017094	-8.97435897435897
			6.94017094017094	-8.96581196581197
			6.94017094017094	-8.95726495726496
			6.94017094017094	-8.94871794871795
			6.94017094017094	-8.94017094017094
			6.94871794871795	-8.93162393162393
			6.94871794871795	-8.92307692307692
			6.94871794871795	-8.91452991452991
			6.94871794871795	-8.90598290598291
			6.94871794871795	-8.8974358974359
			6.94871794871795	-8.88888888888889
			6.94871794871795	-8.88034188034188
			6.95726495726496	-8.88034188034188
			6.95726495726496	-8.87179487179487
			6.95726495726496	-8.86324786324786
			6.95726495726496	-8.85470085470086
			6.95726495726496	-8.84615384615385
			6.95726495726496	-8.83760683760684
			6.96581196581197	-8.82905982905983
			6.96581196581197	-8.82051282051282
			6.96581196581197	-8.81196581196581
			6.96581196581197	-8.8034188034188
			6.96581196581197	-8.7948717948718
			6.96581196581197	-8.78632478632479
			6.97435897435898	-8.77777777777778
			6.97435897435898	-8.76923076923077
			6.97435897435898	-8.76068376068376
			6.97435897435898	-8.75213675213675
			6.97435897435898	-8.74358974358974
			6.98290598290598	-8.73504273504274
			6.98290598290598	-8.72649572649573
			6.98290598290598	-8.71794871794872
			6.98290598290598	-8.70940170940171
			6.98290598290598	-8.7008547008547
			6.98290598290598	-8.69230769230769
			6.98290598290598	-8.68376068376068
			6.99145299145299	-8.68376068376068
			6.99145299145299	-8.67521367521368
			6.99145299145299	-8.66666666666667
			6.99145299145299	-8.65811965811966
			6.99145299145299	-8.64957264957265
			6.99145299145299	-8.64102564102564
			7	-8.64102564102564
			7	-8.63247863247863
			7	-8.62393162393163
			7	-8.61538461538462
			7	-8.60683760683761
			7.00854700854701	-8.5982905982906
			7.00854700854701	-8.58974358974359
			7.00854700854701	-8.58119658119658
			7.00854700854701	-8.57264957264957
			7.00854700854701	-8.56410256410257
			7.01709401709402	-8.55555555555556
			7.01709401709402	-8.54700854700855
			7.01709401709402	-8.53846153846154
			7.01709401709402	-8.52991452991453
			7.01709401709402	-8.52136752136752
			7.02564102564103	-8.51282051282051
			7.02564102564103	-8.5042735042735
			7.02564102564103	-8.4957264957265
			7.02564102564103	-8.48717948717949
			7.02564102564103	-8.47863247863248
			7.03418803418803	-8.47008547008547
			7.03418803418803	-8.46153846153846
			7.03418803418803	-8.45299145299145
			7.03418803418803	-8.44444444444444
			7.03418803418803	-8.43589743589744
			7.04273504273504	-8.42735042735043
			7.04273504273504	-8.41880341880342
			7.04273504273504	-8.41025641025641
			7.04273504273504	-8.4017094017094
			7.04273504273504	-8.39316239316239
			7.05128205128205	-8.38461538461539
			7.05128205128205	-8.37606837606838
			7.05128205128205	-8.36752136752137
			7.05128205128205	-8.35897435897436
			7.05128205128205	-8.35042735042735
			7.05982905982906	-8.34188034188034
			7.05982905982906	-8.33333333333333
			7.05982905982906	-8.32478632478633
			7.05982905982906	-8.31623931623932
			7.06837606837607	-8.30769230769231
			7.06837606837607	-8.2991452991453
			7.06837606837607	-8.29059829059829
			7.06837606837607	-8.28205128205128
			7.06837606837607	-8.27350427350427
			7.07692307692308	-8.26495726495727
			7.07692307692308	-8.25641025641026
			7.07692307692308	-8.24786324786325
			7.07692307692308	-8.23931623931624
			7.08547008547009	-8.23076923076923
			7.08547008547009	-8.22222222222222
			7.08547008547009	-8.21367521367521
			7.08547008547009	-8.20512820512821
			7.08547008547009	-8.1965811965812
			7.09401709401709	-8.18803418803419
			7.09401709401709	-8.17948717948718
			7.09401709401709	-8.17094017094017
			7.09401709401709	-8.16239316239316
			7.09401709401709	-8.15384615384616
			7.1025641025641	-8.14529914529915
			7.1025641025641	-8.13675213675214
			7.1025641025641	-8.12820512820513
			7.1025641025641	-8.11965811965812
			7.1025641025641	-8.11111111111111
			7.11111111111111	-8.11111111111111
			7.11111111111111	-8.1025641025641
			7.11111111111111	-8.0940170940171
			7.11111111111111	-8.08547008547009
			7.11965811965812	-8.07692307692308
			7.11965811965812	-8.06837606837607
			7.11965811965812	-8.05982905982906
			7.11965811965812	-8.05128205128205
			7.11965811965812	-8.04273504273504
			7.12820512820513	-8.03418803418804
			7.12820512820513	-8.02564102564103
			7.12820512820513	-8.01709401709402
			7.12820512820513	-8.00854700854701
			7.12820512820513	-8
			7.13675213675214	-7.99145299145299
			7.13675213675214	-7.98290598290598
			7.13675213675214	-7.97435897435898
			7.14529914529915	-7.96581196581197
			7.14529914529915	-7.95726495726496
			7.14529914529915	-7.94871794871795
			7.14529914529915	-7.94017094017094
			7.14529914529915	-7.93162393162393
			7.15384615384615	-7.92307692307692
			7.15384615384615	-7.91452991452992
			7.15384615384615	-7.90598290598291
			7.15384615384615	-7.8974358974359
			7.16239316239316	-7.88888888888889
			7.16239316239316	-7.88034188034188
			7.16239316239316	-7.87179487179487
			7.16239316239316	-7.86324786324786
			7.16239316239316	-7.85470085470086
			7.17094017094017	-7.84615384615385
			7.17094017094017	-7.83760683760684
			7.17094017094017	-7.82905982905983
			7.17094017094017	-7.82051282051282
			7.17948717948718	-7.81196581196581
			7.17948717948718	-7.8034188034188
			7.17948717948718	-7.7948717948718
			7.17948717948718	-7.78632478632479
			7.18803418803419	-7.77777777777778
			7.18803418803419	-7.76923076923077
			7.18803418803419	-7.76068376068376
			7.18803418803419	-7.75213675213675
			7.1965811965812	-7.74358974358974
			7.1965811965812	-7.73504273504274
			7.1965811965812	-7.72649572649573
			7.1965811965812	-7.71794871794872
			7.20512820512821	-7.70940170940171
			7.20512820512821	-7.7008547008547
			7.20512820512821	-7.69230769230769
			7.20512820512821	-7.68376068376068
			7.21367521367521	-7.67521367521368
			7.21367521367521	-7.66666666666667
			7.21367521367521	-7.65811965811966
			7.21367521367521	-7.64957264957265
			7.22222222222222	-7.64102564102564
			7.22222222222222	-7.63247863247863
			7.22222222222222	-7.62393162393162
			7.22222222222222	-7.61538461538462
			7.23076923076923	-7.60683760683761
			7.23076923076923	-7.5982905982906
			7.23076923076923	-7.58974358974359
			7.23931623931624	-7.58119658119658
			7.23931623931624	-7.57264957264957
			7.23931623931624	-7.56410256410256
			7.23931623931624	-7.55555555555556
			7.24786324786325	-7.54700854700855
			7.24786324786325	-7.53846153846154
			7.24786324786325	-7.52991452991453
			7.24786324786325	-7.52136752136752
			7.25641025641026	-7.51282051282051
			7.25641025641026	-7.50427350427351
			7.25641025641026	-7.4957264957265
			7.25641025641026	-7.48717948717949
			7.26495726495727	-7.47863247863248
			7.26495726495727	-7.47008547008547
			7.26495726495727	-7.46153846153846
			7.27350427350427	-7.45299145299145
			7.27350427350427	-7.44444444444445
			7.27350427350427	-7.43589743589744
			7.27350427350427	-7.42735042735043
			7.28205128205128	-7.41880341880342
			7.28205128205128	-7.41025641025641
			7.28205128205128	-7.4017094017094
			7.28205128205128	-7.39316239316239
			7.29059829059829	-7.38461538461539
			7.29059829059829	-7.37606837606838
			7.29059829059829	-7.36752136752137
			7.29059829059829	-7.35897435897436
			7.2991452991453	-7.35042735042735
			7.2991452991453	-7.34188034188034
			7.2991452991453	-7.33333333333333
			7.30769230769231	-7.32478632478633
			7.30769230769231	-7.31623931623932
			7.30769230769231	-7.30769230769231
			7.30769230769231	-7.2991452991453
			7.31623931623932	-7.29059829059829
			7.31623931623932	-7.28205128205128
			7.31623931623932	-7.27350427350427
			7.32478632478633	-7.26495726495727
			7.32478632478633	-7.25641025641026
			7.32478632478633	-7.24786324786325
			7.33333333333333	-7.23931623931624
			7.33333333333333	-7.23076923076923
			7.33333333333333	-7.22222222222222
			7.33333333333333	-7.21367521367521
			7.33333333333333	-7.20512820512821
			7.34188034188034	-7.20512820512821
			7.34188034188034	-7.1965811965812
			7.34188034188034	-7.18803418803419
			7.34188034188034	-7.17948717948718
			7.35042735042735	-7.17094017094017
			7.35042735042735	-7.16239316239316
			7.35042735042735	-7.15384615384615
			7.35897435897436	-7.14529914529915
			7.35897435897436	-7.13675213675214
			7.35897435897436	-7.12820512820513
			7.35897435897436	-7.11965811965812
			7.36752136752137	-7.11111111111111
			7.36752136752137	-7.1025641025641
			7.37606837606838	-7.09401709401709
			7.37606837606838	-7.08547008547009
			7.37606837606838	-7.07692307692308
			7.37606837606838	-7.06837606837607
			7.38461538461539	-7.06837606837607
			7.38461538461539	-7.05982905982906
			7.38461538461539	-7.05128205128205
			7.38461538461539	-7.04273504273504
			7.39316239316239	-7.03418803418803
			7.39316239316239	-7.02564102564103
			7.39316239316239	-7.01709401709402
			7.39316239316239	-7.00854700854701
			7.4017094017094	-7.00854700854701
			7.4017094017094	-7
			7.4017094017094	-6.99145299145299
			7.4017094017094	-6.98290598290598
			7.41025641025641	-6.97435897435898
			7.41025641025641	-6.96581196581197
			7.41025641025641	-6.95726495726496
			7.41880341880342	-6.94871794871795
			7.41880341880342	-6.94017094017094
			7.41880341880342	-6.93162393162393
			7.42735042735043	-6.92307692307692
			7.42735042735043	-6.91452991452991
			7.43589743589744	-6.90598290598291
			7.43589743589744	-6.8974358974359
			7.43589743589744	-6.88888888888889
			7.43589743589744	-6.88034188034188
			7.44444444444445	-6.87179487179487
			7.44444444444445	-6.86324786324786
			7.45299145299145	-6.85470085470086
			7.45299145299145	-6.84615384615385
			7.45299145299145	-6.83760683760684
			7.45299145299145	-6.82905982905983
			7.46153846153846	-6.82905982905983
			7.46153846153846	-6.82051282051282
			7.46153846153846	-6.81196581196581
			7.46153846153846	-6.8034188034188
			7.47008547008547	-6.8034188034188
			7.47008547008547	-6.7948717948718
			7.47008547008547	-6.78632478632479
			7.47008547008547	-6.77777777777778
			7.47863247863248	-6.77777777777778
			7.47863247863248	-6.76923076923077
			7.47863247863248	-6.76068376068376
			7.47863247863248	-6.75213675213675
			7.48717948717949	-6.75213675213675
			7.48717948717949	-6.74358974358974
			7.48717948717949	-6.73504273504274
			7.48717948717949	-6.72649572649573
			7.4957264957265	-6.72649572649573
			7.4957264957265	-6.71794871794872
			7.4957264957265	-6.70940170940171
			7.4957264957265	-6.7008547008547
			7.50427350427351	-6.7008547008547
			7.50427350427351	-6.69230769230769
			7.50427350427351	-6.68376068376068
			7.51282051282051	-6.67521367521368
			7.51282051282051	-6.66666666666667
			7.51282051282051	-6.65811965811966
			7.52136752136752	-6.64957264957265
			7.52136752136752	-6.64102564102564
			7.52991452991453	-6.63247863247863
			7.52991452991453	-6.62393162393162
			7.52991452991453	-6.61538461538462
			7.53846153846154	-6.60683760683761
			7.53846153846154	-6.5982905982906
			7.54700854700855	-6.58974358974359
			7.54700854700855	-6.58119658119658
			7.54700854700855	-6.57264957264957
			7.55555555555556	-6.56410256410256
			7.55555555555556	-6.55555555555556
			7.55555555555556	-6.54700854700855
			7.56410256410256	-6.53846153846154
			7.56410256410256	-6.52991452991453
			7.57264957264957	-6.52136752136752
			7.57264957264957	-6.51282051282051
			7.57264957264957	-6.50427350427351
			7.58119658119658	-6.4957264957265
			7.58119658119658	-6.48717948717949
			7.58119658119658	-6.47863247863248
			7.58974358974359	-6.47008547008547
			7.58974358974359	-6.46153846153846
			7.5982905982906	-6.45299145299145
			7.5982905982906	-6.44444444444445
			7.5982905982906	-6.43589743589744
			7.60683760683761	-6.42735042735043
			7.60683760683761	-6.41880341880342
			7.61538461538462	-6.41025641025641
			7.61538461538462	-6.4017094017094
			7.61538461538462	-6.39316239316239
			7.62393162393162	-6.38461538461539
			7.62393162393162	-6.37606837606838
			7.62393162393162	-6.36752136752137
			7.63247863247863	-6.36752136752137
			7.63247863247863	-6.35897435897436
			7.64102564102564	-6.35042735042735
			7.64102564102564	-6.34188034188034
			7.64102564102564	-6.33333333333333
			7.64957264957265	-6.32478632478633
			7.64957264957265	-6.31623931623932
			7.65811965811966	-6.30769230769231
			7.65811965811966	-6.2991452991453
			7.65811965811966	-6.29059829059829
			7.66666666666667	-6.28205128205128
			7.67521367521368	-6.27350427350427
			7.67521367521368	-6.26495726495727
			7.67521367521368	-6.25641025641026
			7.68376068376068	-6.24786324786325
			7.68376068376068	-6.23931623931624
			7.69230769230769	-6.23076923076923
			7.69230769230769	-6.22222222222222
			7.7008547008547	-6.21367521367521
			7.7008547008547	-6.20512820512821
		</curveLM12>
	</curves.scaled>
	<ruler.points type=matrix rownames=TRUE colnames=FALSE nrow=5 ncol=2 as.numeric=TRUE >
		Ruler point 1	434	1409
		Ruler point 2	551	1409
		Ruler point 3	668	1409
		Ruler point 4	785	1409
		Ruler point 5	903	1409
	</ruler.points>
</shapes>

