<shapes type=list>
	<ruler.pixel type=vector names=FALSE length=1 as.numeric=TRUE >117</ruler.pixel>
	<ruler.interval type=vector names=FALSE length=1 as.numeric=TRUE >1</ruler.interval>
	<scaling.units type=vector names=FALSE length=1 as.numeric=FALSE >cm</scaling.units>
	<scaling type=vector names=FALSE length=1 as.numeric=TRUE >0.00854700854700855</scaling>
	<landmarks.pixel type=matrix rownames=TRUE colnames=FALSE nrow=6 ncol=2 as.numeric=TRUE >
		LM01	903	860
		LM02	1007	1175
		LM03	937	1127
		LM04	900	1196
		LM05	871	1130
		LM06	798	1174
	</landmarks.pixel>
	<landmarks.scaled type=matrix rownames=TRUE colnames=FALSE nrow=6 ncol=2 as.numeric=TRUE >
		LM01	7.71794871794872	-7.35042735042735
		LM02	8.60683760683761	-10.042735042735
		LM03	8.00854700854701	-9.63247863247863
		LM04	7.69230769230769	-10.2222222222222
		LM05	7.44444444444445	-9.65811965811966
		LM06	6.82051282051282	-10.034188034188
	</landmarks.scaled>
	<curves.control type=list>
		<curveLM07 type=matrix rownames=FALSE colnames=FALSE nrow=7 ncol=2 as.numeric=TRUE >
			903	860
			917	890
			944	964
			961	1000
			997	1113
			1014	1161
			1007	1175
		</curveLM07>
		<curveLM08 type=matrix rownames=FALSE colnames=FALSE nrow=5 ncol=2 as.numeric=TRUE >
			1007	1175
			1005	1182
			962	1144
			946	1124
			937	1127
		</curveLM08>
		<curveLM09 type=matrix rownames=FALSE colnames=FALSE nrow=5 ncol=2 as.numeric=TRUE >
			937	1127
			928	1130
			920	1174
			917	1195
			900	1196
		</curveLM09>
		<curveLM10 type=matrix rownames=FALSE colnames=FALSE nrow=5 ncol=2 as.numeric=TRUE >
			900	1196
			885	1196
			880	1152
			878	1132
			871	1130
		</curveLM10>
		<curveLM11 type=matrix rownames=FALSE colnames=FALSE nrow=5 ncol=2 as.numeric=TRUE >
			871	1130
			861	1124
			826	1157
			805	1179
			798	1174
		</curveLM11>
		<curveLM12 type=matrix rownames=FALSE colnames=FALSE nrow=5 ncol=2 as.numeric=TRUE >
			798	1174
			784	1171
			826	1070
			862	937
			903	860
		</curveLM12>
	</curves.control>
	<curves.pixel type=list>
		<curveLM07 type=matrix rownames=FALSE colnames=FALSE nrow=324 ncol=2 as.numeric=TRUE >
			903	860
			903	861
			904	861
			904	862
			904	863
			905	864
			905	865
			906	866
			906	867
			907	868
			907	869
			908	870
			908	871
			908	872
			909	873
			909	874
			910	875
			910	876
			911	877
			911	878
			911	879
			912	880
			912	881
			912	882
			913	882
			913	883
			913	884
			914	884
			914	885
			914	886
			914	887
			915	887
			915	888
			915	889
			916	889
			916	890
			916	891
			917	892
			917	893
			917	894
			918	895
			918	896
			919	897
			919	898
			919	899
			920	900
			920	901
			920	902
			921	903
			921	904
			922	905
			922	906
			922	907
			923	908
			923	909
			924	910
			924	911
			924	912
			925	913
			925	914
			926	915
			926	916
			926	917
			927	918
			927	919
			928	920
			928	921
			928	922
			929	923
			929	924
			930	925
			930	926
			930	927
			931	928
			931	929
			932	930
			932	931
			932	932
			933	933
			933	934
			933	935
			934	936
			934	937
			934	938
			935	939
			935	940
			935	941
			936	942
			936	943
			937	944
			937	945
			937	946
			938	947
			938	948
			938	949
			939	950
			939	951
			940	952
			940	953
			940	954
			941	955
			941	956
			941	957
			942	958
			942	959
			942	960
			943	961
			943	962
			944	963
			944	964
			944	965
			945	966
			945	967
			946	968
			946	969
			947	970
			947	971
			948	972
			948	973
			949	974
			949	975
			949	976
			950	977
			950	978
			950	979
			951	980
			951	981
			952	982
			952	983
			953	984
			953	985
			953	986
			954	987
			954	988
			955	989
			955	990
			955	991
			956	992
			956	993
			956	994
			957	995
			957	996
			958	997
			958	998
			958	999
			959	1000
			959	1001
			960	1002
			960	1003
			960	1004
			961	1005
			961	1006
			961	1007
			962	1008
			962	1009
			963	1010
			963	1011
			963	1012
			964	1013
			964	1014
			964	1015
			965	1016
			965	1017
			965	1018
			966	1019
			966	1020
			966	1021
			967	1022
			967	1023
			967	1024
			968	1025
			968	1026
			969	1027
			969	1028
			969	1029
			970	1030
			970	1031
			970	1032
			971	1033
			971	1034
			971	1035
			972	1036
			972	1037
			972	1038
			973	1039
			973	1040
			973	1041
			974	1042
			974	1043
			974	1044
			975	1045
			975	1046
			975	1047
			976	1048
			976	1049
			976	1050
			977	1051
			977	1052
			977	1053
			978	1054
			978	1055
			978	1056
			979	1057
			979	1058
			979	1059
			980	1060
			980	1061
			981	1062
			981	1063
			981	1064
			981	1065
			982	1066
			982	1067
			983	1068
			983	1069
			983	1070
			983	1071
			984	1071
			984	1072
			984	1073
			984	1074
			985	1075
			985	1076
			985	1077
			986	1078
			986	1079
			986	1080
			987	1081
			987	1082
			987	1083
			988	1084
			988	1085
			988	1086
			989	1087
			989	1088
			989	1089
			990	1090
			990	1091
			990	1092
			991	1093
			991	1094
			991	1095
			992	1096
			992	1097
			992	1098
			993	1099
			993	1100
			993	1101
			994	1102
			994	1103
			994	1104
			994	1105
			995	1106
			995	1107
			996	1108
			996	1109
			996	1110
			996	1111
			997	1111
			997	1112
			997	1113
			997	1114
			998	1115
			998	1116
			998	1117
			999	1118
			999	1119
			999	1120
			1000	1121
			1000	1122
			1000	1123
			1001	1124
			1001	1125
			1001	1126
			1002	1127
			1002	1128
			1002	1129
			1003	1130
			1003	1131
			1003	1132
			1004	1133
			1004	1134
			1004	1135
			1004	1136
			1005	1137
			1005	1138
			1005	1139
			1005	1140
			1006	1141
			1006	1142
			1006	1143
			1006	1144
			1007	1145
			1007	1146
			1007	1147
			1007	1148
			1007	1149
			1008	1150
			1008	1151
			1008	1152
			1008	1153
			1008	1154
			1008	1155
			1009	1156
			1009	1157
			1009	1158
			1009	1159
			1009	1160
			1009	1161
			1009	1162
			1009	1163
			1009	1164
			1009	1165
			1009	1166
			1009	1167
			1009	1168
			1009	1169
			1009	1170
			1008	1170
			1008	1171
			1008	1172
			1008	1173
			1007	1174
			1007	1175
		</curveLM07>
		<curveLM08 type=matrix rownames=FALSE colnames=FALSE nrow=77 ncol=2 as.numeric=TRUE >
			1007	1175
			1007	1176
			1006	1176
			1005	1176
			1004	1176
			1003	1176
			1002	1175
			1001	1175
			1000	1174
			999	1173
			998	1173
			997	1172
			996	1172
			995	1171
			994	1170
			993	1170
			992	1169
			991	1168
			990	1168
			989	1167
			988	1166
			987	1165
			986	1164
			985	1163
			984	1162
			983	1162
			982	1161
			981	1161
			981	1160
			980	1159
			979	1159
			978	1158
			977	1157
			976	1156
			975	1155
			974	1154
			973	1153
			972	1152
			971	1151
			970	1151
			969	1150
			968	1149
			967	1148
			966	1147
			965	1147
			964	1146
			963	1145
			962	1144
			961	1143
			960	1142
			959	1141
			959	1140
			958	1139
			957	1138
			956	1138
			956	1137
			955	1136
			954	1135
			953	1134
			952	1133
			951	1132
			950	1131
			949	1131
			949	1130
			948	1130
			947	1129
			946	1129
			946	1128
			945	1128
			944	1128
			943	1127
			942	1127
			941	1127
			940	1127
			939	1127
			938	1127
			937	1127
		</curveLM08>
		<curveLM09 type=matrix rownames=FALSE colnames=FALSE nrow=80 ncol=2 as.numeric=TRUE >
			937	1127
			936	1127
			935	1128
			934	1129
			934	1130
			933	1131
			932	1132
			931	1133
			931	1134
			930	1135
			930	1136
			929	1137
			929	1138
			929	1139
			928	1140
			928	1141
			928	1142
			927	1142
			927	1143
			927	1144
			927	1145
			926	1146
			926	1147
			926	1148
			925	1149
			925	1150
			925	1151
			925	1152
			924	1153
			924	1154
			924	1155
			924	1156
			923	1157
			923	1158
			923	1159
			923	1160
			923	1161
			922	1162
			922	1163
			922	1164
			922	1165
			922	1166
			921	1167
			921	1168
			921	1169
			921	1170
			921	1171
			920	1172
			920	1173
			920	1174
			920	1175
			920	1176
			920	1177
			919	1178
			919	1179
			919	1180
			918	1181
			918	1182
			918	1183
			917	1184
			917	1185
			916	1186
			916	1187
			915	1188
			914	1189
			913	1190
			912	1191
			912	1192
			911	1192
			910	1193
			909	1194
			908	1194
			907	1194
			906	1195
			905	1195
			904	1195
			903	1196
			902	1196
			901	1196
			900	1196
		</curveLM09>
		<curveLM10 type=matrix rownames=FALSE colnames=FALSE nrow=75 ncol=2 as.numeric=TRUE >
			900	1196
			899	1196
			898	1196
			897	1196
			896	1195
			895	1194
			894	1194
			893	1193
			892	1192
			891	1191
			890	1190
			889	1189
			889	1188
			889	1187
			888	1186
			888	1185
			887	1184
			887	1183
			886	1182
			886	1181
			885	1180
			885	1179
			885	1178
			885	1177
			884	1177
			884	1176
			884	1175
			884	1174
			884	1173
			883	1172
			883	1171
			883	1170
			883	1169
			882	1168
			882	1167
			882	1166
			882	1165
			882	1164
			882	1163
			881	1163
			881	1162
			881	1161
			881	1160
			881	1159
			881	1158
			881	1157
			880	1156
			880	1155
			880	1154
			880	1153
			880	1152
			880	1151
			880	1150
			880	1149
			879	1148
			879	1147
			879	1146
			879	1145
			879	1144
			879	1143
			878	1142
			878	1141
			878	1140
			878	1139
			877	1138
			877	1137
			877	1136
			876	1135
			876	1134
			875	1133
			874	1132
			873	1131
			872	1131
			872	1130
			871	1130
		</curveLM10>
		<curveLM11 type=matrix rownames=FALSE colnames=FALSE nrow=78 ncol=2 as.numeric=TRUE >
			871	1130
			870	1130
			869	1129
			868	1129
			867	1129
			866	1129
			865	1129
			864	1130
			863	1130
			862	1130
			861	1130
			860	1131
			859	1131
			858	1132
			857	1132
			856	1133
			855	1134
			854	1134
			853	1135
			852	1135
			852	1136
			851	1136
			850	1137
			849	1137
			848	1138
			847	1139
			846	1140
			845	1141
			844	1142
			843	1142
			842	1143
			841	1144
			840	1145
			839	1146
			838	1146
			837	1147
			836	1148
			835	1149
			834	1149
			833	1150
			833	1151
			832	1152
			831	1153
			830	1153
			829	1154
			828	1155
			827	1156
			826	1157
			825	1158
			824	1159
			823	1160
			822	1161
			821	1162
			820	1163
			819	1164
			818	1165
			817	1166
			816	1167
			815	1168
			814	1168
			813	1169
			812	1170
			811	1170
			810	1171
			810	1172
			809	1172
			808	1173
			807	1173
			806	1173
			806	1174
			805	1174
			804	1174
			803	1175
			802	1175
			801	1175
			800	1175
			799	1175
			798	1174
		</curveLM11>
		<curveLM12 type=matrix rownames=FALSE colnames=FALSE nrow=325 ncol=2 as.numeric=TRUE >
			798	1174
			797	1174
			797	1173
			796	1173
			795	1172
			795	1171
			795	1170
			795	1169
			795	1168
			795	1167
			795	1166
			795	1165
			795	1164
			795	1163
			795	1162
			795	1161
			795	1160
			795	1159
			795	1158
			796	1157
			796	1156
			796	1155
			796	1154
			796	1153
			797	1152
			797	1151
			797	1150
			797	1149
			798	1148
			798	1147
			798	1146
			798	1145
			799	1144
			799	1143
			799	1142
			800	1141
			800	1140
			800	1139
			800	1138
			801	1137
			801	1136
			801	1135
			802	1134
			802	1133
			802	1132
			803	1131
			803	1130
			803	1129
			804	1128
			804	1127
			804	1126
			805	1125
			805	1124
			805	1123
			806	1122
			806	1121
			807	1120
			807	1119
			807	1118
			807	1117
			808	1117
			808	1116
			808	1115
			809	1114
			809	1113
			809	1112
			810	1111
			810	1110
			810	1109
			811	1108
			811	1107
			811	1106
			812	1105
			813	1104
			813	1103
			813	1102
			813	1101
			814	1101
			814	1100
			814	1099
			815	1098
			815	1097
			816	1096
			816	1095
			816	1094
			817	1093
			817	1092
			817	1091
			818	1091
			818	1090
			818	1089
			819	1088
			819	1087
			819	1086
			820	1085
			820	1084
			820	1083
			821	1083
			821	1082
			822	1081
			822	1080
			822	1079
			823	1078
			823	1077
			823	1076
			824	1075
			824	1074
			825	1073
			825	1072
			825	1071
			826	1070
			826	1069
			827	1068
			827	1067
			827	1066
			827	1065
			828	1064
			828	1063
			828	1062
			828	1061
			829	1060
			829	1059
			829	1058
			830	1057
			830	1056
			830	1055
			830	1054
			831	1054
			831	1053
			831	1052
			831	1051
			832	1050
			832	1049
			832	1048
			832	1047
			833	1046
			833	1045
			833	1044
			833	1043
			834	1042
			834	1041
			834	1040
			835	1040
			835	1039
			835	1038
			835	1037
			836	1036
			836	1035
			836	1034
			836	1033
			837	1032
			837	1031
			837	1030
			838	1029
			838	1028
			838	1027
			839	1026
			839	1025
			839	1024
			839	1023
			840	1022
			840	1021
			840	1020
			841	1019
			841	1018
			841	1017
			841	1016
			842	1015
			842	1014
			843	1013
			843	1012
			843	1011
			843	1010
			844	1009
			844	1008
			844	1007
			845	1006
			845	1005
			845	1004
			846	1003
			846	1002
			846	1001
			846	1000
			847	999
			847	998
			847	997
			848	997
			848	996
			848	995
			848	994
			849	993
			849	992
			849	991
			850	990
			850	989
			851	988
			851	987
			851	986
			852	985
			852	984
			852	983
			852	982
			853	981
			853	980
			853	979
			854	978
			854	977
			854	976
			855	975
			855	974
			855	973
			856	972
			856	971
			857	970
			857	969
			857	968
			858	967
			858	966
			858	965
			859	964
			859	963
			859	962
			860	961
			860	960
			860	959
			861	958
			861	957
			861	956
			862	955
			862	954
			863	953
			863	952
			863	951
			864	950
			864	949
			864	948
			865	947
			865	946
			866	945
			866	944
			866	943
			867	942
			867	941
			867	940
			868	939
			868	938
			868	937
			869	936
			869	935
			870	934
			870	933
			871	932
			871	931
			871	930
			872	929
			872	928
			873	927
			873	926
			873	925
			874	924
			874	923
			875	922
			875	921
			875	920
			876	919
			876	918
			877	917
			877	916
			877	915
			878	914
			878	913
			879	912
			879	911
			879	910
			880	909
			880	908
			881	907
			881	906
			882	905
			882	904
			882	903
			883	902
			883	901
			884	900
			884	899
			884	898
			885	898
			885	897
			886	896
			886	895
			886	894
			887	893
			887	892
			888	891
			888	890
			888	889
			889	888
			890	887
			890	886
			891	885
			891	884
			892	883
			892	882
			892	881
			893	880
			894	879
			894	878
			894	877
			895	876
			895	875
			896	874
			896	873
			897	872
			897	871
			898	870
			898	869
			899	868
			899	867
			900	866
			901	865
			901	864
			902	863
			902	862
			903	861
			903	860
		</curveLM12>
	</curves.pixel>
	<curves.scaled type=list>
		<curveLM07 type=matrix rownames=FALSE colnames=FALSE nrow=324 ncol=2 as.numeric=TRUE >
			7.71794871794872	-7.35042735042735
			7.71794871794872	-7.35897435897436
			7.72649572649573	-7.35897435897436
			7.72649572649573	-7.36752136752137
			7.72649572649573	-7.37606837606838
			7.73504273504274	-7.38461538461539
			7.73504273504274	-7.39316239316239
			7.74358974358974	-7.4017094017094
			7.74358974358974	-7.41025641025641
			7.75213675213675	-7.41880341880342
			7.75213675213675	-7.42735042735043
			7.76068376068376	-7.43589743589744
			7.76068376068376	-7.44444444444445
			7.76068376068376	-7.45299145299145
			7.76923076923077	-7.46153846153846
			7.76923076923077	-7.47008547008547
			7.77777777777778	-7.47863247863248
			7.77777777777778	-7.48717948717949
			7.78632478632479	-7.4957264957265
			7.78632478632479	-7.50427350427351
			7.78632478632479	-7.51282051282051
			7.7948717948718	-7.52136752136752
			7.7948717948718	-7.52991452991453
			7.7948717948718	-7.53846153846154
			7.8034188034188	-7.53846153846154
			7.8034188034188	-7.54700854700855
			7.8034188034188	-7.55555555555556
			7.81196581196581	-7.55555555555556
			7.81196581196581	-7.56410256410256
			7.81196581196581	-7.57264957264957
			7.81196581196581	-7.58119658119658
			7.82051282051282	-7.58119658119658
			7.82051282051282	-7.58974358974359
			7.82051282051282	-7.5982905982906
			7.82905982905983	-7.5982905982906
			7.82905982905983	-7.60683760683761
			7.82905982905983	-7.61538461538462
			7.83760683760684	-7.62393162393162
			7.83760683760684	-7.63247863247863
			7.83760683760684	-7.64102564102564
			7.84615384615385	-7.64957264957265
			7.84615384615385	-7.65811965811966
			7.85470085470086	-7.66666666666667
			7.85470085470086	-7.67521367521368
			7.85470085470086	-7.68376068376068
			7.86324786324786	-7.69230769230769
			7.86324786324786	-7.7008547008547
			7.86324786324786	-7.70940170940171
			7.87179487179487	-7.71794871794872
			7.87179487179487	-7.72649572649573
			7.88034188034188	-7.73504273504274
			7.88034188034188	-7.74358974358974
			7.88034188034188	-7.75213675213675
			7.88888888888889	-7.76068376068376
			7.88888888888889	-7.76923076923077
			7.8974358974359	-7.77777777777778
			7.8974358974359	-7.78632478632479
			7.8974358974359	-7.7948717948718
			7.90598290598291	-7.8034188034188
			7.90598290598291	-7.81196581196581
			7.91452991452992	-7.82051282051282
			7.91452991452992	-7.82905982905983
			7.91452991452992	-7.83760683760684
			7.92307692307692	-7.84615384615385
			7.92307692307692	-7.85470085470086
			7.93162393162393	-7.86324786324786
			7.93162393162393	-7.87179487179487
			7.93162393162393	-7.88034188034188
			7.94017094017094	-7.88888888888889
			7.94017094017094	-7.8974358974359
			7.94871794871795	-7.90598290598291
			7.94871794871795	-7.91452991452992
			7.94871794871795	-7.92307692307692
			7.95726495726496	-7.93162393162393
			7.95726495726496	-7.94017094017094
			7.96581196581197	-7.94871794871795
			7.96581196581197	-7.95726495726496
			7.96581196581197	-7.96581196581197
			7.97435897435898	-7.97435897435898
			7.97435897435898	-7.98290598290598
			7.97435897435898	-7.99145299145299
			7.98290598290598	-8
			7.98290598290598	-8.00854700854701
			7.98290598290598	-8.01709401709402
			7.99145299145299	-8.02564102564103
			7.99145299145299	-8.03418803418804
			7.99145299145299	-8.04273504273504
			8	-8.05128205128205
			8	-8.05982905982906
			8.00854700854701	-8.06837606837607
			8.00854700854701	-8.07692307692308
			8.00854700854701	-8.08547008547009
			8.01709401709402	-8.0940170940171
			8.01709401709402	-8.1025641025641
			8.01709401709402	-8.11111111111111
			8.02564102564103	-8.11965811965812
			8.02564102564103	-8.12820512820513
			8.03418803418804	-8.13675213675214
			8.03418803418804	-8.14529914529915
			8.03418803418804	-8.15384615384616
			8.04273504273504	-8.16239316239316
			8.04273504273504	-8.17094017094017
			8.04273504273504	-8.17948717948718
			8.05128205128205	-8.18803418803419
			8.05128205128205	-8.1965811965812
			8.05128205128205	-8.20512820512821
			8.05982905982906	-8.21367521367521
			8.05982905982906	-8.22222222222222
			8.06837606837607	-8.23076923076923
			8.06837606837607	-8.23931623931624
			8.06837606837607	-8.24786324786325
			8.07692307692308	-8.25641025641026
			8.07692307692308	-8.26495726495727
			8.08547008547009	-8.27350427350427
			8.08547008547009	-8.28205128205128
			8.0940170940171	-8.29059829059829
			8.0940170940171	-8.2991452991453
			8.1025641025641	-8.30769230769231
			8.1025641025641	-8.31623931623932
			8.11111111111111	-8.32478632478633
			8.11111111111111	-8.33333333333333
			8.11111111111111	-8.34188034188034
			8.11965811965812	-8.35042735042735
			8.11965811965812	-8.35897435897436
			8.11965811965812	-8.36752136752137
			8.12820512820513	-8.37606837606838
			8.12820512820513	-8.38461538461539
			8.13675213675214	-8.39316239316239
			8.13675213675214	-8.4017094017094
			8.14529914529915	-8.41025641025641
			8.14529914529915	-8.41880341880342
			8.14529914529915	-8.42735042735043
			8.15384615384616	-8.43589743589744
			8.15384615384616	-8.44444444444444
			8.16239316239316	-8.45299145299145
			8.16239316239316	-8.46153846153846
			8.16239316239316	-8.47008547008547
			8.17094017094017	-8.47863247863248
			8.17094017094017	-8.48717948717949
			8.17094017094017	-8.4957264957265
			8.17948717948718	-8.5042735042735
			8.17948717948718	-8.51282051282051
			8.18803418803419	-8.52136752136752
			8.18803418803419	-8.52991452991453
			8.18803418803419	-8.53846153846154
			8.1965811965812	-8.54700854700855
			8.1965811965812	-8.55555555555556
			8.20512820512821	-8.56410256410257
			8.20512820512821	-8.57264957264957
			8.20512820512821	-8.58119658119658
			8.21367521367521	-8.58974358974359
			8.21367521367521	-8.5982905982906
			8.21367521367521	-8.60683760683761
			8.22222222222222	-8.61538461538462
			8.22222222222222	-8.62393162393163
			8.23076923076923	-8.63247863247863
			8.23076923076923	-8.64102564102564
			8.23076923076923	-8.64957264957265
			8.23931623931624	-8.65811965811966
			8.23931623931624	-8.66666666666667
			8.23931623931624	-8.67521367521368
			8.24786324786325	-8.68376068376068
			8.24786324786325	-8.69230769230769
			8.24786324786325	-8.7008547008547
			8.25641025641026	-8.70940170940171
			8.25641025641026	-8.71794871794872
			8.25641025641026	-8.72649572649573
			8.26495726495727	-8.73504273504274
			8.26495726495727	-8.74358974358974
			8.26495726495727	-8.75213675213675
			8.27350427350427	-8.76068376068376
			8.27350427350427	-8.76923076923077
			8.28205128205128	-8.77777777777778
			8.28205128205128	-8.78632478632479
			8.28205128205128	-8.7948717948718
			8.29059829059829	-8.8034188034188
			8.29059829059829	-8.81196581196581
			8.29059829059829	-8.82051282051282
			8.2991452991453	-8.82905982905983
			8.2991452991453	-8.83760683760684
			8.2991452991453	-8.84615384615385
			8.30769230769231	-8.85470085470086
			8.30769230769231	-8.86324786324786
			8.30769230769231	-8.87179487179487
			8.31623931623932	-8.88034188034188
			8.31623931623932	-8.88888888888889
			8.31623931623932	-8.8974358974359
			8.32478632478633	-8.90598290598291
			8.32478632478633	-8.91452991452991
			8.32478632478633	-8.92307692307692
			8.33333333333333	-8.93162393162393
			8.33333333333333	-8.94017094017094
			8.33333333333333	-8.94871794871795
			8.34188034188034	-8.95726495726496
			8.34188034188034	-8.96581196581197
			8.34188034188034	-8.97435897435897
			8.35042735042735	-8.98290598290598
			8.35042735042735	-8.99145299145299
			8.35042735042735	-9
			8.35897435897436	-9.00854700854701
			8.35897435897436	-9.01709401709402
			8.35897435897436	-9.02564102564103
			8.36752136752137	-9.03418803418804
			8.36752136752137	-9.04273504273504
			8.36752136752137	-9.05128205128205
			8.37606837606838	-9.05982905982906
			8.37606837606838	-9.06837606837607
			8.38461538461539	-9.07692307692308
			8.38461538461539	-9.08547008547009
			8.38461538461539	-9.0940170940171
			8.38461538461539	-9.1025641025641
			8.39316239316239	-9.11111111111111
			8.39316239316239	-9.11965811965812
			8.4017094017094	-9.12820512820513
			8.4017094017094	-9.13675213675214
			8.4017094017094	-9.14529914529915
			8.4017094017094	-9.15384615384616
			8.41025641025641	-9.15384615384616
			8.41025641025641	-9.16239316239316
			8.41025641025641	-9.17094017094017
			8.41025641025641	-9.17948717948718
			8.41880341880342	-9.18803418803419
			8.41880341880342	-9.1965811965812
			8.41880341880342	-9.20512820512821
			8.42735042735043	-9.21367521367521
			8.42735042735043	-9.22222222222222
			8.42735042735043	-9.23076923076923
			8.43589743589744	-9.23931623931624
			8.43589743589744	-9.24786324786325
			8.43589743589744	-9.25641025641026
			8.44444444444444	-9.26495726495727
			8.44444444444444	-9.27350427350427
			8.44444444444444	-9.28205128205128
			8.45299145299145	-9.29059829059829
			8.45299145299145	-9.2991452991453
			8.45299145299145	-9.30769230769231
			8.46153846153846	-9.31623931623932
			8.46153846153846	-9.32478632478633
			8.46153846153846	-9.33333333333333
			8.47008547008547	-9.34188034188034
			8.47008547008547	-9.35042735042735
			8.47008547008547	-9.35897435897436
			8.47863247863248	-9.36752136752137
			8.47863247863248	-9.37606837606838
			8.47863247863248	-9.38461538461539
			8.48717948717949	-9.39316239316239
			8.48717948717949	-9.4017094017094
			8.48717948717949	-9.41025641025641
			8.4957264957265	-9.41880341880342
			8.4957264957265	-9.42735042735043
			8.4957264957265	-9.43589743589744
			8.4957264957265	-9.44444444444444
			8.5042735042735	-9.45299145299145
			8.5042735042735	-9.46153846153846
			8.51282051282051	-9.47008547008547
			8.51282051282051	-9.47863247863248
			8.51282051282051	-9.48717948717949
			8.51282051282051	-9.4957264957265
			8.52136752136752	-9.4957264957265
			8.52136752136752	-9.50427350427351
			8.52136752136752	-9.51282051282051
			8.52136752136752	-9.52136752136752
			8.52991452991453	-9.52991452991453
			8.52991452991453	-9.53846153846154
			8.52991452991453	-9.54700854700855
			8.53846153846154	-9.55555555555556
			8.53846153846154	-9.56410256410257
			8.53846153846154	-9.57264957264957
			8.54700854700855	-9.58119658119658
			8.54700854700855	-9.58974358974359
			8.54700854700855	-9.5982905982906
			8.55555555555556	-9.60683760683761
			8.55555555555556	-9.61538461538462
			8.55555555555556	-9.62393162393163
			8.56410256410257	-9.63247863247863
			8.56410256410257	-9.64102564102564
			8.56410256410257	-9.64957264957265
			8.57264957264957	-9.65811965811966
			8.57264957264957	-9.66666666666667
			8.57264957264957	-9.67521367521368
			8.58119658119658	-9.68376068376068
			8.58119658119658	-9.69230769230769
			8.58119658119658	-9.7008547008547
			8.58119658119658	-9.70940170940171
			8.58974358974359	-9.71794871794872
			8.58974358974359	-9.72649572649573
			8.58974358974359	-9.73504273504274
			8.58974358974359	-9.74358974358974
			8.5982905982906	-9.75213675213675
			8.5982905982906	-9.76068376068376
			8.5982905982906	-9.76923076923077
			8.5982905982906	-9.77777777777778
			8.60683760683761	-9.78632478632479
			8.60683760683761	-9.7948717948718
			8.60683760683761	-9.8034188034188
			8.60683760683761	-9.81196581196581
			8.60683760683761	-9.82051282051282
			8.61538461538462	-9.82905982905983
			8.61538461538462	-9.83760683760684
			8.61538461538462	-9.84615384615385
			8.61538461538462	-9.85470085470086
			8.61538461538462	-9.86324786324786
			8.61538461538462	-9.87179487179487
			8.62393162393163	-9.88034188034188
			8.62393162393163	-9.88888888888889
			8.62393162393163	-9.8974358974359
			8.62393162393163	-9.90598290598291
			8.62393162393163	-9.91452991452991
			8.62393162393163	-9.92307692307692
			8.62393162393163	-9.93162393162393
			8.62393162393163	-9.94017094017094
			8.62393162393163	-9.94871794871795
			8.62393162393163	-9.95726495726496
			8.62393162393163	-9.96581196581197
			8.62393162393163	-9.97435897435898
			8.62393162393163	-9.98290598290598
			8.62393162393163	-9.99145299145299
			8.62393162393163	-10
			8.61538461538462	-10
			8.61538461538462	-10.008547008547
			8.61538461538462	-10.017094017094
			8.61538461538462	-10.025641025641
			8.60683760683761	-10.034188034188
			8.60683760683761	-10.042735042735
		</curveLM07>
		<curveLM08 type=matrix rownames=FALSE colnames=FALSE nrow=77 ncol=2 as.numeric=TRUE >
			8.60683760683761	-10.042735042735
			8.60683760683761	-10.0512820512821
			8.5982905982906	-10.0512820512821
			8.58974358974359	-10.0512820512821
			8.58119658119658	-10.0512820512821
			8.57264957264957	-10.0512820512821
			8.56410256410257	-10.042735042735
			8.55555555555556	-10.042735042735
			8.54700854700855	-10.034188034188
			8.53846153846154	-10.025641025641
			8.52991452991453	-10.025641025641
			8.52136752136752	-10.017094017094
			8.51282051282051	-10.017094017094
			8.5042735042735	-10.008547008547
			8.4957264957265	-10
			8.48717948717949	-10
			8.47863247863248	-9.99145299145299
			8.47008547008547	-9.98290598290598
			8.46153846153846	-9.98290598290598
			8.45299145299145	-9.97435897435898
			8.44444444444444	-9.96581196581197
			8.43589743589744	-9.95726495726496
			8.42735042735043	-9.94871794871795
			8.41880341880342	-9.94017094017094
			8.41025641025641	-9.93162393162393
			8.4017094017094	-9.93162393162393
			8.39316239316239	-9.92307692307692
			8.38461538461539	-9.92307692307692
			8.38461538461539	-9.91452991452991
			8.37606837606838	-9.90598290598291
			8.36752136752137	-9.90598290598291
			8.35897435897436	-9.8974358974359
			8.35042735042735	-9.88888888888889
			8.34188034188034	-9.88034188034188
			8.33333333333333	-9.87179487179487
			8.32478632478633	-9.86324786324786
			8.31623931623932	-9.85470085470086
			8.30769230769231	-9.84615384615385
			8.2991452991453	-9.83760683760684
			8.29059829059829	-9.83760683760684
			8.28205128205128	-9.82905982905983
			8.27350427350427	-9.82051282051282
			8.26495726495727	-9.81196581196581
			8.25641025641026	-9.8034188034188
			8.24786324786325	-9.8034188034188
			8.23931623931624	-9.7948717948718
			8.23076923076923	-9.78632478632479
			8.22222222222222	-9.77777777777778
			8.21367521367521	-9.76923076923077
			8.20512820512821	-9.76068376068376
			8.1965811965812	-9.75213675213675
			8.1965811965812	-9.74358974358974
			8.18803418803419	-9.73504273504274
			8.17948717948718	-9.72649572649573
			8.17094017094017	-9.72649572649573
			8.17094017094017	-9.71794871794872
			8.16239316239316	-9.70940170940171
			8.15384615384616	-9.7008547008547
			8.14529914529915	-9.69230769230769
			8.13675213675214	-9.68376068376068
			8.12820512820513	-9.67521367521368
			8.11965811965812	-9.66666666666667
			8.11111111111111	-9.66666666666667
			8.11111111111111	-9.65811965811966
			8.1025641025641	-9.65811965811966
			8.0940170940171	-9.64957264957265
			8.08547008547009	-9.64957264957265
			8.08547008547009	-9.64102564102564
			8.07692307692308	-9.64102564102564
			8.06837606837607	-9.64102564102564
			8.05982905982906	-9.63247863247863
			8.05128205128205	-9.63247863247863
			8.04273504273504	-9.63247863247863
			8.03418803418804	-9.63247863247863
			8.02564102564103	-9.63247863247863
			8.01709401709402	-9.63247863247863
			8.00854700854701	-9.63247863247863
		</curveLM08>
		<curveLM09 type=matrix rownames=FALSE colnames=FALSE nrow=80 ncol=2 as.numeric=TRUE >
			8.00854700854701	-9.63247863247863
			8	-9.63247863247863
			7.99145299145299	-9.64102564102564
			7.98290598290598	-9.64957264957265
			7.98290598290598	-9.65811965811966
			7.97435897435898	-9.66666666666667
			7.96581196581197	-9.67521367521368
			7.95726495726496	-9.68376068376068
			7.95726495726496	-9.69230769230769
			7.94871794871795	-9.7008547008547
			7.94871794871795	-9.70940170940171
			7.94017094017094	-9.71794871794872
			7.94017094017094	-9.72649572649573
			7.94017094017094	-9.73504273504274
			7.93162393162393	-9.74358974358974
			7.93162393162393	-9.75213675213675
			7.93162393162393	-9.76068376068376
			7.92307692307692	-9.76068376068376
			7.92307692307692	-9.76923076923077
			7.92307692307692	-9.77777777777778
			7.92307692307692	-9.78632478632479
			7.91452991452992	-9.7948717948718
			7.91452991452992	-9.8034188034188
			7.91452991452992	-9.81196581196581
			7.90598290598291	-9.82051282051282
			7.90598290598291	-9.82905982905983
			7.90598290598291	-9.83760683760684
			7.90598290598291	-9.84615384615385
			7.8974358974359	-9.85470085470086
			7.8974358974359	-9.86324786324786
			7.8974358974359	-9.87179487179487
			7.8974358974359	-9.88034188034188
			7.88888888888889	-9.88888888888889
			7.88888888888889	-9.8974358974359
			7.88888888888889	-9.90598290598291
			7.88888888888889	-9.91452991452991
			7.88888888888889	-9.92307692307692
			7.88034188034188	-9.93162393162393
			7.88034188034188	-9.94017094017094
			7.88034188034188	-9.94871794871795
			7.88034188034188	-9.95726495726496
			7.88034188034188	-9.96581196581197
			7.87179487179487	-9.97435897435898
			7.87179487179487	-9.98290598290598
			7.87179487179487	-9.99145299145299
			7.87179487179487	-10
			7.87179487179487	-10.008547008547
			7.86324786324786	-10.017094017094
			7.86324786324786	-10.025641025641
			7.86324786324786	-10.034188034188
			7.86324786324786	-10.042735042735
			7.86324786324786	-10.0512820512821
			7.86324786324786	-10.0598290598291
			7.85470085470086	-10.0683760683761
			7.85470085470086	-10.0769230769231
			7.85470085470086	-10.0854700854701
			7.84615384615385	-10.0940170940171
			7.84615384615385	-10.1025641025641
			7.84615384615385	-10.1111111111111
			7.83760683760684	-10.1196581196581
			7.83760683760684	-10.1282051282051
			7.82905982905983	-10.1367521367521
			7.82905982905983	-10.1452991452991
			7.82051282051282	-10.1538461538462
			7.81196581196581	-10.1623931623932
			7.8034188034188	-10.1709401709402
			7.7948717948718	-10.1794871794872
			7.7948717948718	-10.1880341880342
			7.78632478632479	-10.1880341880342
			7.77777777777778	-10.1965811965812
			7.76923076923077	-10.2051282051282
			7.76068376068376	-10.2051282051282
			7.75213675213675	-10.2051282051282
			7.74358974358974	-10.2136752136752
			7.73504273504274	-10.2136752136752
			7.72649572649573	-10.2136752136752
			7.71794871794872	-10.2222222222222
			7.70940170940171	-10.2222222222222
			7.7008547008547	-10.2222222222222
			7.69230769230769	-10.2222222222222
		</curveLM09>
		<curveLM10 type=matrix rownames=FALSE colnames=FALSE nrow=75 ncol=2 as.numeric=TRUE >
			7.69230769230769	-10.2222222222222
			7.68376068376068	-10.2222222222222
			7.67521367521368	-10.2222222222222
			7.66666666666667	-10.2222222222222
			7.65811965811966	-10.2136752136752
			7.64957264957265	-10.2051282051282
			7.64102564102564	-10.2051282051282
			7.63247863247863	-10.1965811965812
			7.62393162393162	-10.1880341880342
			7.61538461538462	-10.1794871794872
			7.60683760683761	-10.1709401709402
			7.5982905982906	-10.1623931623932
			7.5982905982906	-10.1538461538462
			7.5982905982906	-10.1452991452991
			7.58974358974359	-10.1367521367521
			7.58974358974359	-10.1282051282051
			7.58119658119658	-10.1196581196581
			7.58119658119658	-10.1111111111111
			7.57264957264957	-10.1025641025641
			7.57264957264957	-10.0940170940171
			7.56410256410256	-10.0854700854701
			7.56410256410256	-10.0769230769231
			7.56410256410256	-10.0683760683761
			7.56410256410256	-10.0598290598291
			7.55555555555556	-10.0598290598291
			7.55555555555556	-10.0512820512821
			7.55555555555556	-10.042735042735
			7.55555555555556	-10.034188034188
			7.55555555555556	-10.025641025641
			7.54700854700855	-10.017094017094
			7.54700854700855	-10.008547008547
			7.54700854700855	-10
			7.54700854700855	-9.99145299145299
			7.53846153846154	-9.98290598290598
			7.53846153846154	-9.97435897435898
			7.53846153846154	-9.96581196581197
			7.53846153846154	-9.95726495726496
			7.53846153846154	-9.94871794871795
			7.53846153846154	-9.94017094017094
			7.52991452991453	-9.94017094017094
			7.52991452991453	-9.93162393162393
			7.52991452991453	-9.92307692307692
			7.52991452991453	-9.91452991452991
			7.52991452991453	-9.90598290598291
			7.52991452991453	-9.8974358974359
			7.52991452991453	-9.88888888888889
			7.52136752136752	-9.88034188034188
			7.52136752136752	-9.87179487179487
			7.52136752136752	-9.86324786324786
			7.52136752136752	-9.85470085470086
			7.52136752136752	-9.84615384615385
			7.52136752136752	-9.83760683760684
			7.52136752136752	-9.82905982905983
			7.52136752136752	-9.82051282051282
			7.51282051282051	-9.81196581196581
			7.51282051282051	-9.8034188034188
			7.51282051282051	-9.7948717948718
			7.51282051282051	-9.78632478632479
			7.51282051282051	-9.77777777777778
			7.51282051282051	-9.76923076923077
			7.50427350427351	-9.76068376068376
			7.50427350427351	-9.75213675213675
			7.50427350427351	-9.74358974358974
			7.50427350427351	-9.73504273504274
			7.4957264957265	-9.72649572649573
			7.4957264957265	-9.71794871794872
			7.4957264957265	-9.70940170940171
			7.48717948717949	-9.7008547008547
			7.48717948717949	-9.69230769230769
			7.47863247863248	-9.68376068376068
			7.47008547008547	-9.67521367521368
			7.46153846153846	-9.66666666666667
			7.45299145299145	-9.66666666666667
			7.45299145299145	-9.65811965811966
			7.44444444444445	-9.65811965811966
		</curveLM10>
		<curveLM11 type=matrix rownames=FALSE colnames=FALSE nrow=78 ncol=2 as.numeric=TRUE >
			7.44444444444445	-9.65811965811966
			7.43589743589744	-9.65811965811966
			7.42735042735043	-9.64957264957265
			7.41880341880342	-9.64957264957265
			7.41025641025641	-9.64957264957265
			7.4017094017094	-9.64957264957265
			7.39316239316239	-9.64957264957265
			7.38461538461539	-9.65811965811966
			7.37606837606838	-9.65811965811966
			7.36752136752137	-9.65811965811966
			7.35897435897436	-9.65811965811966
			7.35042735042735	-9.66666666666667
			7.34188034188034	-9.66666666666667
			7.33333333333333	-9.67521367521368
			7.32478632478633	-9.67521367521368
			7.31623931623932	-9.68376068376068
			7.30769230769231	-9.69230769230769
			7.2991452991453	-9.69230769230769
			7.29059829059829	-9.7008547008547
			7.28205128205128	-9.7008547008547
			7.28205128205128	-9.70940170940171
			7.27350427350427	-9.70940170940171
			7.26495726495727	-9.71794871794872
			7.25641025641026	-9.71794871794872
			7.24786324786325	-9.72649572649573
			7.23931623931624	-9.73504273504274
			7.23076923076923	-9.74358974358974
			7.22222222222222	-9.75213675213675
			7.21367521367521	-9.76068376068376
			7.20512820512821	-9.76068376068376
			7.1965811965812	-9.76923076923077
			7.18803418803419	-9.77777777777778
			7.17948717948718	-9.78632478632479
			7.17094017094017	-9.7948717948718
			7.16239316239316	-9.7948717948718
			7.15384615384615	-9.8034188034188
			7.14529914529915	-9.81196581196581
			7.13675213675214	-9.82051282051282
			7.12820512820513	-9.82051282051282
			7.11965811965812	-9.82905982905983
			7.11965811965812	-9.83760683760684
			7.11111111111111	-9.84615384615385
			7.1025641025641	-9.85470085470086
			7.09401709401709	-9.85470085470086
			7.08547008547009	-9.86324786324786
			7.07692307692308	-9.87179487179487
			7.06837606837607	-9.88034188034188
			7.05982905982906	-9.88888888888889
			7.05128205128205	-9.8974358974359
			7.04273504273504	-9.90598290598291
			7.03418803418803	-9.91452991452991
			7.02564102564103	-9.92307692307692
			7.01709401709402	-9.93162393162393
			7.00854700854701	-9.94017094017094
			7	-9.94871794871795
			6.99145299145299	-9.95726495726496
			6.98290598290598	-9.96581196581197
			6.97435897435898	-9.97435897435898
			6.96581196581197	-9.98290598290598
			6.95726495726496	-9.98290598290598
			6.94871794871795	-9.99145299145299
			6.94017094017094	-10
			6.93162393162393	-10
			6.92307692307692	-10.008547008547
			6.92307692307692	-10.017094017094
			6.91452991452991	-10.017094017094
			6.90598290598291	-10.025641025641
			6.8974358974359	-10.025641025641
			6.88888888888889	-10.025641025641
			6.88888888888889	-10.034188034188
			6.88034188034188	-10.034188034188
			6.87179487179487	-10.034188034188
			6.86324786324786	-10.042735042735
			6.85470085470086	-10.042735042735
			6.84615384615385	-10.042735042735
			6.83760683760684	-10.042735042735
			6.82905982905983	-10.042735042735
			6.82051282051282	-10.034188034188
		</curveLM11>
		<curveLM12 type=matrix rownames=FALSE colnames=FALSE nrow=325 ncol=2 as.numeric=TRUE >
			6.82051282051282	-10.034188034188
			6.81196581196581	-10.034188034188
			6.81196581196581	-10.025641025641
			6.8034188034188	-10.025641025641
			6.7948717948718	-10.017094017094
			6.7948717948718	-10.008547008547
			6.7948717948718	-10
			6.7948717948718	-9.99145299145299
			6.7948717948718	-9.98290598290598
			6.7948717948718	-9.97435897435898
			6.7948717948718	-9.96581196581197
			6.7948717948718	-9.95726495726496
			6.7948717948718	-9.94871794871795
			6.7948717948718	-9.94017094017094
			6.7948717948718	-9.93162393162393
			6.7948717948718	-9.92307692307692
			6.7948717948718	-9.91452991452991
			6.7948717948718	-9.90598290598291
			6.7948717948718	-9.8974358974359
			6.8034188034188	-9.88888888888889
			6.8034188034188	-9.88034188034188
			6.8034188034188	-9.87179487179487
			6.8034188034188	-9.86324786324786
			6.8034188034188	-9.85470085470086
			6.81196581196581	-9.84615384615385
			6.81196581196581	-9.83760683760684
			6.81196581196581	-9.82905982905983
			6.81196581196581	-9.82051282051282
			6.82051282051282	-9.81196581196581
			6.82051282051282	-9.8034188034188
			6.82051282051282	-9.7948717948718
			6.82051282051282	-9.78632478632479
			6.82905982905983	-9.77777777777778
			6.82905982905983	-9.76923076923077
			6.82905982905983	-9.76068376068376
			6.83760683760684	-9.75213675213675
			6.83760683760684	-9.74358974358974
			6.83760683760684	-9.73504273504274
			6.83760683760684	-9.72649572649573
			6.84615384615385	-9.71794871794872
			6.84615384615385	-9.70940170940171
			6.84615384615385	-9.7008547008547
			6.85470085470086	-9.69230769230769
			6.85470085470086	-9.68376068376068
			6.85470085470086	-9.67521367521368
			6.86324786324786	-9.66666666666667
			6.86324786324786	-9.65811965811966
			6.86324786324786	-9.64957264957265
			6.87179487179487	-9.64102564102564
			6.87179487179487	-9.63247863247863
			6.87179487179487	-9.62393162393163
			6.88034188034188	-9.61538461538462
			6.88034188034188	-9.60683760683761
			6.88034188034188	-9.5982905982906
			6.88888888888889	-9.58974358974359
			6.88888888888889	-9.58119658119658
			6.8974358974359	-9.57264957264957
			6.8974358974359	-9.56410256410257
			6.8974358974359	-9.55555555555556
			6.8974358974359	-9.54700854700855
			6.90598290598291	-9.54700854700855
			6.90598290598291	-9.53846153846154
			6.90598290598291	-9.52991452991453
			6.91452991452991	-9.52136752136752
			6.91452991452991	-9.51282051282051
			6.91452991452991	-9.50427350427351
			6.92307692307692	-9.4957264957265
			6.92307692307692	-9.48717948717949
			6.92307692307692	-9.47863247863248
			6.93162393162393	-9.47008547008547
			6.93162393162393	-9.46153846153846
			6.93162393162393	-9.45299145299145
			6.94017094017094	-9.44444444444444
			6.94871794871795	-9.43589743589744
			6.94871794871795	-9.42735042735043
			6.94871794871795	-9.41880341880342
			6.94871794871795	-9.41025641025641
			6.95726495726496	-9.41025641025641
			6.95726495726496	-9.4017094017094
			6.95726495726496	-9.39316239316239
			6.96581196581197	-9.38461538461539
			6.96581196581197	-9.37606837606838
			6.97435897435898	-9.36752136752137
			6.97435897435898	-9.35897435897436
			6.97435897435898	-9.35042735042735
			6.98290598290598	-9.34188034188034
			6.98290598290598	-9.33333333333333
			6.98290598290598	-9.32478632478633
			6.99145299145299	-9.32478632478633
			6.99145299145299	-9.31623931623932
			6.99145299145299	-9.30769230769231
			7	-9.2991452991453
			7	-9.29059829059829
			7	-9.28205128205128
			7.00854700854701	-9.27350427350427
			7.00854700854701	-9.26495726495727
			7.00854700854701	-9.25641025641026
			7.01709401709402	-9.25641025641026
			7.01709401709402	-9.24786324786325
			7.02564102564103	-9.23931623931624
			7.02564102564103	-9.23076923076923
			7.02564102564103	-9.22222222222222
			7.03418803418803	-9.21367521367521
			7.03418803418803	-9.20512820512821
			7.03418803418803	-9.1965811965812
			7.04273504273504	-9.18803418803419
			7.04273504273504	-9.17948717948718
			7.05128205128205	-9.17094017094017
			7.05128205128205	-9.16239316239316
			7.05128205128205	-9.15384615384616
			7.05982905982906	-9.14529914529915
			7.05982905982906	-9.13675213675214
			7.06837606837607	-9.12820512820513
			7.06837606837607	-9.11965811965812
			7.06837606837607	-9.11111111111111
			7.06837606837607	-9.1025641025641
			7.07692307692308	-9.0940170940171
			7.07692307692308	-9.08547008547009
			7.07692307692308	-9.07692307692308
			7.07692307692308	-9.06837606837607
			7.08547008547009	-9.05982905982906
			7.08547008547009	-9.05128205128205
			7.08547008547009	-9.04273504273504
			7.09401709401709	-9.03418803418804
			7.09401709401709	-9.02564102564103
			7.09401709401709	-9.01709401709402
			7.09401709401709	-9.00854700854701
			7.1025641025641	-9.00854700854701
			7.1025641025641	-9
			7.1025641025641	-8.99145299145299
			7.1025641025641	-8.98290598290598
			7.11111111111111	-8.97435897435897
			7.11111111111111	-8.96581196581197
			7.11111111111111	-8.95726495726496
			7.11111111111111	-8.94871794871795
			7.11965811965812	-8.94017094017094
			7.11965811965812	-8.93162393162393
			7.11965811965812	-8.92307692307692
			7.11965811965812	-8.91452991452991
			7.12820512820513	-8.90598290598291
			7.12820512820513	-8.8974358974359
			7.12820512820513	-8.88888888888889
			7.13675213675214	-8.88888888888889
			7.13675213675214	-8.88034188034188
			7.13675213675214	-8.87179487179487
			7.13675213675214	-8.86324786324786
			7.14529914529915	-8.85470085470086
			7.14529914529915	-8.84615384615385
			7.14529914529915	-8.83760683760684
			7.14529914529915	-8.82905982905983
			7.15384615384615	-8.82051282051282
			7.15384615384615	-8.81196581196581
			7.15384615384615	-8.8034188034188
			7.16239316239316	-8.7948717948718
			7.16239316239316	-8.78632478632479
			7.16239316239316	-8.77777777777778
			7.17094017094017	-8.76923076923077
			7.17094017094017	-8.76068376068376
			7.17094017094017	-8.75213675213675
			7.17094017094017	-8.74358974358974
			7.17948717948718	-8.73504273504274
			7.17948717948718	-8.72649572649573
			7.17948717948718	-8.71794871794872
			7.18803418803419	-8.70940170940171
			7.18803418803419	-8.7008547008547
			7.18803418803419	-8.69230769230769
			7.18803418803419	-8.68376068376068
			7.1965811965812	-8.67521367521368
			7.1965811965812	-8.66666666666667
			7.20512820512821	-8.65811965811966
			7.20512820512821	-8.64957264957265
			7.20512820512821	-8.64102564102564
			7.20512820512821	-8.63247863247863
			7.21367521367521	-8.62393162393163
			7.21367521367521	-8.61538461538462
			7.21367521367521	-8.60683760683761
			7.22222222222222	-8.5982905982906
			7.22222222222222	-8.58974358974359
			7.22222222222222	-8.58119658119658
			7.23076923076923	-8.57264957264957
			7.23076923076923	-8.56410256410257
			7.23076923076923	-8.55555555555556
			7.23076923076923	-8.54700854700855
			7.23931623931624	-8.53846153846154
			7.23931623931624	-8.52991452991453
			7.23931623931624	-8.52136752136752
			7.24786324786325	-8.52136752136752
			7.24786324786325	-8.51282051282051
			7.24786324786325	-8.5042735042735
			7.24786324786325	-8.4957264957265
			7.25641025641026	-8.48717948717949
			7.25641025641026	-8.47863247863248
			7.25641025641026	-8.47008547008547
			7.26495726495727	-8.46153846153846
			7.26495726495727	-8.45299145299145
			7.27350427350427	-8.44444444444444
			7.27350427350427	-8.43589743589744
			7.27350427350427	-8.42735042735043
			7.28205128205128	-8.41880341880342
			7.28205128205128	-8.41025641025641
			7.28205128205128	-8.4017094017094
			7.28205128205128	-8.39316239316239
			7.29059829059829	-8.38461538461539
			7.29059829059829	-8.37606837606838
			7.29059829059829	-8.36752136752137
			7.2991452991453	-8.35897435897436
			7.2991452991453	-8.35042735042735
			7.2991452991453	-8.34188034188034
			7.30769230769231	-8.33333333333333
			7.30769230769231	-8.32478632478633
			7.30769230769231	-8.31623931623932
			7.31623931623932	-8.30769230769231
			7.31623931623932	-8.2991452991453
			7.32478632478633	-8.29059829059829
			7.32478632478633	-8.28205128205128
			7.32478632478633	-8.27350427350427
			7.33333333333333	-8.26495726495727
			7.33333333333333	-8.25641025641026
			7.33333333333333	-8.24786324786325
			7.34188034188034	-8.23931623931624
			7.34188034188034	-8.23076923076923
			7.34188034188034	-8.22222222222222
			7.35042735042735	-8.21367521367521
			7.35042735042735	-8.20512820512821
			7.35042735042735	-8.1965811965812
			7.35897435897436	-8.18803418803419
			7.35897435897436	-8.17948717948718
			7.35897435897436	-8.17094017094017
			7.36752136752137	-8.16239316239316
			7.36752136752137	-8.15384615384616
			7.37606837606838	-8.14529914529915
			7.37606837606838	-8.13675213675214
			7.37606837606838	-8.12820512820513
			7.38461538461539	-8.11965811965812
			7.38461538461539	-8.11111111111111
			7.38461538461539	-8.1025641025641
			7.39316239316239	-8.0940170940171
			7.39316239316239	-8.08547008547009
			7.4017094017094	-8.07692307692308
			7.4017094017094	-8.06837606837607
			7.4017094017094	-8.05982905982906
			7.41025641025641	-8.05128205128205
			7.41025641025641	-8.04273504273504
			7.41025641025641	-8.03418803418804
			7.41880341880342	-8.02564102564103
			7.41880341880342	-8.01709401709402
			7.41880341880342	-8.00854700854701
			7.42735042735043	-8
			7.42735042735043	-7.99145299145299
			7.43589743589744	-7.98290598290598
			7.43589743589744	-7.97435897435898
			7.44444444444445	-7.96581196581197
			7.44444444444445	-7.95726495726496
			7.44444444444445	-7.94871794871795
			7.45299145299145	-7.94017094017094
			7.45299145299145	-7.93162393162393
			7.46153846153846	-7.92307692307692
			7.46153846153846	-7.91452991452992
			7.46153846153846	-7.90598290598291
			7.47008547008547	-7.8974358974359
			7.47008547008547	-7.88888888888889
			7.47863247863248	-7.88034188034188
			7.47863247863248	-7.87179487179487
			7.47863247863248	-7.86324786324786
			7.48717948717949	-7.85470085470086
			7.48717948717949	-7.84615384615385
			7.4957264957265	-7.83760683760684
			7.4957264957265	-7.82905982905983
			7.4957264957265	-7.82051282051282
			7.50427350427351	-7.81196581196581
			7.50427350427351	-7.8034188034188
			7.51282051282051	-7.7948717948718
			7.51282051282051	-7.78632478632479
			7.51282051282051	-7.77777777777778
			7.52136752136752	-7.76923076923077
			7.52136752136752	-7.76068376068376
			7.52991452991453	-7.75213675213675
			7.52991452991453	-7.74358974358974
			7.53846153846154	-7.73504273504274
			7.53846153846154	-7.72649572649573
			7.53846153846154	-7.71794871794872
			7.54700854700855	-7.70940170940171
			7.54700854700855	-7.7008547008547
			7.55555555555556	-7.69230769230769
			7.55555555555556	-7.68376068376068
			7.55555555555556	-7.67521367521368
			7.56410256410256	-7.67521367521368
			7.56410256410256	-7.66666666666667
			7.57264957264957	-7.65811965811966
			7.57264957264957	-7.64957264957265
			7.57264957264957	-7.64102564102564
			7.58119658119658	-7.63247863247863
			7.58119658119658	-7.62393162393162
			7.58974358974359	-7.61538461538462
			7.58974358974359	-7.60683760683761
			7.58974358974359	-7.5982905982906
			7.5982905982906	-7.58974358974359
			7.60683760683761	-7.58119658119658
			7.60683760683761	-7.57264957264957
			7.61538461538462	-7.56410256410256
			7.61538461538462	-7.55555555555556
			7.62393162393162	-7.54700854700855
			7.62393162393162	-7.53846153846154
			7.62393162393162	-7.52991452991453
			7.63247863247863	-7.52136752136752
			7.64102564102564	-7.51282051282051
			7.64102564102564	-7.50427350427351
			7.64102564102564	-7.4957264957265
			7.64957264957265	-7.48717948717949
			7.64957264957265	-7.47863247863248
			7.65811965811966	-7.47008547008547
			7.65811965811966	-7.46153846153846
			7.66666666666667	-7.45299145299145
			7.66666666666667	-7.44444444444445
			7.67521367521368	-7.43589743589744
			7.67521367521368	-7.42735042735043
			7.68376068376068	-7.41880341880342
			7.68376068376068	-7.41025641025641
			7.69230769230769	-7.4017094017094
			7.7008547008547	-7.39316239316239
			7.7008547008547	-7.38461538461539
			7.70940170940171	-7.37606837606838
			7.70940170940171	-7.36752136752137
			7.71794871794872	-7.35897435897436
			7.71794871794872	-7.35042735042735
		</curveLM12>
	</curves.scaled>
	<ruler.points type=matrix rownames=TRUE colnames=FALSE nrow=5 ncol=2 as.numeric=TRUE >
		Ruler point 1	434	1409
		Ruler point 2	551	1409
		Ruler point 3	668	1409
		Ruler point 4	785	1409
		Ruler point 5	902	1409
	</ruler.points>
</shapes>

