<shapes type=list>
	<ruler.pixel type=vector names=FALSE length=1 as.numeric=TRUE >117.000000000018</ruler.pixel>
	<ruler.interval type=vector names=FALSE length=1 as.numeric=TRUE >1</ruler.interval>
	<scaling.units type=vector names=FALSE length=1 as.numeric=FALSE >cm</scaling.units>
	<scaling type=vector names=FALSE length=1 as.numeric=TRUE >0.0085470085470072</scaling>
	<landmarks.pixel type=matrix rownames=TRUE colnames=FALSE nrow=6 ncol=2 as.numeric=TRUE >
		LM01	901	833
		LM02	984	1169
		LM03	927	1129
		LM04	901	1196
		LM05	866	1127
		LM06	808	1167
	</landmarks.pixel>
	<landmarks.scaled type=matrix rownames=TRUE colnames=FALSE nrow=6 ncol=2 as.numeric=TRUE >
		LM01	7.70085470085349	-7.119658119657
		LM02	8.41025641025508	-9.99145299145141
		LM03	7.92307692307567	-9.64957264957113
		LM04	7.70085470085349	-10.2222222222206
		LM05	7.40170940170823	-9.63247863247711
		LM06	6.90598290598182	-9.9743589743574
	</landmarks.scaled>
	<curves.control type=list>
		<curveLM07 type=matrix rownames=FALSE colnames=FALSE nrow=5 ncol=2 as.numeric=TRUE >
			901	833
			947	931
			954	993
			1004	1154
			984	1169
		</curveLM07>
		<curveLM08 type=matrix rownames=FALSE colnames=FALSE nrow=5 ncol=2 as.numeric=TRUE >
			984	1169
			977	1171
			949	1141
			940	1127
			927	1129
		</curveLM08>
		<curveLM09 type=matrix rownames=FALSE colnames=FALSE nrow=5 ncol=2 as.numeric=TRUE >
			927	1129
			920	1132
			916	1165
			908	1196
			901	1196
		</curveLM09>
		<curveLM10 type=matrix rownames=FALSE colnames=FALSE nrow=5 ncol=2 as.numeric=TRUE >
			901	1196
			888	1199
			874	1148
			873	1129
			866	1127
		</curveLM10>
		<curveLM11 type=matrix rownames=FALSE colnames=FALSE nrow=5 ncol=2 as.numeric=TRUE >
			866	1127
			857	1121
			835	1149
			820	1167
			808	1167
		</curveLM11>
		<curveLM12 type=matrix rownames=FALSE colnames=FALSE nrow=7 ncol=2 as.numeric=TRUE >
			808	1167
			796	1157
			815	1071
			846	964
			869	897
			884	869
			901	833
		</curveLM12>
	</curves.control>
	<curves.pixel type=list>
		<curveLM07 type=matrix rownames=FALSE colnames=FALSE nrow=350 ncol=2 as.numeric=TRUE >
			901	833
			902	834
			902	835
			903	836
			903	837
			903	838
			904	839
			904	840
			905	841
			905	842
			906	843
			906	844
			906	845
			907	845
			907	846
			907	847
			908	848
			908	849
			909	850
			909	851
			910	852
			910	853
			911	854
			911	855
			911	856
			912	857
			912	858
			913	859
			913	860
			914	861
			914	862
			914	863
			915	863
			915	864
			915	865
			916	865
			916	866
			916	867
			917	868
			917	869
			918	870
			918	871
			918	872
			919	872
			919	873
			919	874
			919	875
			920	875
			920	876
			920	877
			921	878
			921	879
			922	880
			922	881
			922	882
			923	883
			923	884
			924	885
			924	886
			925	887
			925	888
			925	889
			926	890
			926	891
			926	892
			927	893
			927	894
			928	895
			928	896
			928	897
			929	898
			929	899
			929	900
			930	901
			930	902
			931	903
			931	904
			932	905
			932	906
			932	907
			932	908
			933	909
			933	910
			933	911
			934	912
			934	913
			935	914
			935	915
			935	916
			935	917
			936	918
			936	919
			937	920
			937	921
			937	922
			938	923
			938	924
			938	925
			939	926
			939	927
			939	928
			940	929
			940	930
			940	931
			940	932
			941	933
			941	934
			941	935
			942	936
			942	937
			942	938
			943	939
			943	940
			943	941
			943	942
			944	943
			944	944
			944	945
			945	946
			945	947
			945	948
			945	949
			946	950
			946	951
			946	952
			946	953
			947	954
			947	955
			947	956
			947	957
			948	957
			948	958
			948	959
			948	960
			948	961
			949	962
			949	963
			949	964
			949	965
			950	966
			950	967
			950	968
			950	969
			950	970
			951	971
			951	972
			951	973
			951	974
			951	975
			951	976
			952	977
			952	978
			952	979
			952	980
			952	981
			953	982
			953	983
			953	984
			953	985
			953	986
			953	987
			953	988
			953	989
			954	989
			954	990
			954	991
			954	992
			954	993
			954	994
			955	995
			955	996
			955	997
			956	998
			956	999
			956	1000
			957	1001
			957	1002
			957	1003
			957	1004
			958	1004
			958	1005
			958	1006
			958	1007
			959	1008
			959	1009
			959	1010
			960	1011
			960	1012
			960	1013
			960	1014
			961	1015
			961	1016
			961	1017
			962	1018
			962	1019
			962	1020
			962	1021
			963	1022
			963	1023
			963	1024
			964	1025
			964	1026
			964	1027
			965	1028
			965	1029
			965	1030
			965	1031
			966	1032
			966	1033
			966	1034
			967	1035
			967	1036
			967	1037
			967	1038
			968	1039
			968	1040
			968	1041
			969	1042
			969	1043
			969	1044
			969	1045
			970	1045
			970	1046
			970	1047
			970	1048
			971	1049
			971	1050
			971	1051
			971	1052
			972	1053
			972	1054
			972	1055
			972	1056
			973	1057
			973	1058
			973	1059
			974	1060
			974	1061
			974	1062
			974	1063
			975	1064
			975	1065
			975	1066
			975	1067
			976	1068
			976	1069
			976	1070
			976	1071
			977	1072
			977	1073
			977	1074
			977	1075
			978	1076
			978	1077
			978	1078
			978	1079
			979	1080
			979	1081
			979	1082
			979	1083
			979	1084
			980	1085
			980	1086
			980	1087
			981	1088
			981	1089
			981	1090
			981	1091
			981	1092
			982	1093
			982	1094
			982	1095
			982	1096
			982	1097
			983	1097
			983	1098
			983	1099
			983	1100
			983	1101
			984	1102
			984	1103
			984	1104
			984	1105
			984	1106
			984	1107
			985	1107
			985	1108
			985	1109
			985	1110
			985	1111
			986	1112
			986	1113
			986	1114
			986	1115
			986	1116
			986	1117
			987	1118
			987	1119
			987	1120
			987	1121
			987	1122
			987	1123
			988	1124
			988	1125
			988	1126
			988	1127
			988	1128
			988	1129
			988	1130
			989	1131
			989	1132
			989	1133
			989	1134
			989	1135
			989	1136
			989	1137
			989	1138
			989	1139
			989	1140
			989	1141
			990	1142
			990	1143
			990	1144
			990	1145
			990	1146
			990	1147
			990	1148
			990	1149
			990	1150
			990	1151
			990	1152
			990	1153
			990	1154
			989	1155
			989	1156
			989	1157
			989	1158
			989	1159
			989	1160
			989	1161
			988	1161
			988	1162
			988	1163
			988	1164
			987	1164
			987	1165
			987	1166
			986	1167
			985	1168
			984	1169
		</curveLM07>
		<curveLM08 type=matrix rownames=FALSE colnames=FALSE nrow=64 ncol=2 as.numeric=TRUE >
			984	1169
			983	1169
			982	1169
			981	1169
			980	1168
			979	1168
			978	1167
			977	1167
			976	1166
			975	1165
			974	1165
			973	1164
			972	1163
			971	1163
			970	1162
			970	1161
			969	1161
			968	1160
			967	1159
			966	1158
			965	1157
			964	1156
			963	1155
			962	1154
			961	1153
			960	1152
			959	1152
			959	1151
			958	1150
			957	1149
			956	1149
			956	1148
			955	1147
			954	1147
			953	1146
			953	1145
			952	1144
			951	1143
			950	1142
			949	1141
			948	1140
			948	1139
			947	1139
			947	1138
			946	1137
			945	1136
			944	1135
			943	1134
			942	1133
			941	1132
			940	1132
			939	1131
			938	1130
			937	1130
			936	1130
			935	1129
			934	1129
			933	1129
			932	1129
			931	1129
			930	1129
			929	1129
			928	1129
			927	1129
		</curveLM08>
		<curveLM09 type=matrix rownames=FALSE colnames=FALSE nrow=74 ncol=2 as.numeric=TRUE >
			927	1129
			926	1129
			926	1130
			925	1131
			924	1132
			923	1133
			923	1134
			922	1135
			922	1136
			922	1137
			921	1138
			921	1139
			921	1140
			920	1141
			920	1142
			920	1143
			920	1144
			919	1145
			919	1146
			919	1147
			919	1148
			918	1149
			918	1150
			918	1151
			918	1152
			918	1153
			918	1154
			917	1155
			917	1156
			917	1157
			917	1158
			917	1159
			917	1160
			917	1161
			916	1162
			916	1163
			916	1164
			916	1165
			916	1166
			915	1167
			915	1168
			915	1169
			915	1170
			914	1171
			914	1172
			914	1173
			914	1174
			913	1174
			913	1175
			913	1176
			913	1177
			912	1178
			912	1179
			912	1180
			911	1181
			911	1182
			911	1183
			910	1183
			910	1184
			910	1185
			909	1186
			909	1187
			908	1188
			908	1189
			907	1190
			907	1191
			906	1192
			905	1193
			905	1194
			904	1195
			903	1195
			903	1196
			902	1196
			901	1196
		</curveLM09>
		<curveLM10 type=matrix rownames=FALSE colnames=FALSE nrow=81 ncol=2 as.numeric=TRUE >
			901	1196
			900	1196
			899	1196
			898	1196
			897	1195
			896	1195
			895	1195
			894	1194
			893	1193
			893	1192
			892	1192
			891	1191
			890	1190
			890	1189
			889	1188
			889	1187
			888	1187
			888	1186
			887	1185
			887	1184
			886	1183
			886	1182
			886	1181
			885	1180
			885	1179
			884	1178
			884	1177
			883	1176
			883	1175
			882	1174
			882	1173
			882	1172
			881	1172
			881	1171
			881	1170
			881	1169
			880	1168
			880	1167
			879	1166
			879	1165
			879	1164
			878	1163
			878	1162
			878	1161
			877	1160
			877	1159
			877	1158
			877	1157
			876	1156
			876	1155
			876	1154
			876	1153
			875	1153
			875	1152
			875	1151
			875	1150
			874	1149
			874	1148
			874	1147
			874	1146
			874	1145
			874	1144
			874	1143
			874	1142
			873	1142
			873	1141
			873	1140
			873	1139
			873	1138
			873	1137
			872	1136
			872	1135
			872	1134
			871	1133
			871	1132
			870	1131
			870	1130
			869	1129
			868	1128
			867	1127
			866	1127
		</curveLM10>
		<curveLM11 type=matrix rownames=FALSE colnames=FALSE nrow=65 ncol=2 as.numeric=TRUE >
			866	1127
			865	1126
			864	1126
			863	1126
			862	1126
			861	1126
			860	1126
			859	1127
			858	1127
			857	1128
			856	1128
			855	1129
			854	1129
			853	1130
			852	1131
			851	1132
			850	1132
			849	1133
			848	1134
			847	1135
			846	1136
			845	1137
			844	1138
			843	1139
			843	1140
			842	1141
			841	1141
			841	1142
			840	1143
			839	1144
			838	1145
			838	1146
			837	1146
			836	1147
			836	1148
			835	1149
			834	1150
			833	1151
			832	1152
			831	1153
			830	1154
			829	1155
			828	1156
			828	1157
			827	1158
			826	1159
			825	1160
			824	1160
			823	1161
			822	1162
			821	1162
			820	1163
			819	1164
			818	1164
			817	1164
			817	1165
			816	1165
			815	1166
			814	1166
			813	1166
			812	1166
			811	1167
			810	1167
			809	1167
			808	1167
		</curveLM11>
		<curveLM12 type=matrix rownames=FALSE colnames=FALSE nrow=352 ncol=2 as.numeric=TRUE >
			808	1167
			807	1166
			807	1165
			806	1164
			805	1163
			805	1162
			805	1161
			804	1160
			804	1159
			804	1158
			804	1157
			804	1156
			804	1155
			804	1154
			803	1153
			803	1152
			803	1151
			803	1150
			803	1149
			803	1148
			803	1147
			803	1146
			803	1145
			803	1144
			803	1143
			803	1142
			804	1141
			804	1140
			804	1139
			804	1138
			804	1137
			804	1136
			804	1135
			804	1134
			804	1133
			804	1132
			804	1131
			805	1130
			805	1129
			805	1128
			805	1127
			805	1126
			805	1125
			805	1124
			805	1123
			806	1122
			806	1121
			806	1120
			806	1119
			806	1118
			806	1117
			806	1116
			806	1115
			807	1114
			807	1113
			807	1112
			807	1111
			807	1110
			807	1109
			808	1108
			808	1107
			808	1106
			808	1105
			808	1104
			809	1103
			809	1102
			809	1101
			809	1100
			809	1099
			809	1098
			810	1097
			810	1096
			810	1095
			810	1094
			810	1093
			811	1092
			811	1091
			811	1090
			811	1089
			811	1088
			812	1087
			812	1086
			812	1085
			812	1084
			812	1083
			813	1082
			813	1081
			813	1080
			813	1079
			814	1078
			814	1077
			814	1076
			814	1075
			814	1074
			815	1073
			815	1072
			815	1071
			815	1070
			816	1069
			816	1068
			816	1067
			816	1066
			817	1066
			817	1065
			817	1064
			817	1063
			818	1062
			818	1061
			818	1060
			818	1059
			819	1059
			819	1058
			819	1057
			819	1056
			820	1055
			820	1054
			820	1053
			821	1052
			821	1051
			821	1050
			822	1049
			822	1048
			822	1047
			822	1046
			823	1045
			823	1044
			823	1043
			824	1042
			824	1041
			824	1040
			824	1039
			825	1038
			825	1037
			825	1036
			826	1035
			826	1034
			826	1033
			827	1032
			827	1031
			827	1030
			827	1029
			828	1028
			828	1027
			828	1026
			829	1025
			829	1024
			829	1023
			829	1022
			830	1021
			830	1020
			830	1019
			831	1018
			831	1017
			831	1016
			831	1015
			832	1014
			832	1013
			833	1012
			833	1011
			833	1010
			833	1009
			834	1008
			834	1007
			834	1006
			834	1005
			835	1004
			835	1003
			835	1002
			836	1001
			836	1000
			836	999
			837	998
			837	997
			837	996
			837	995
			838	994
			838	993
			838	992
			839	991
			839	990
			839	989
			840	988
			840	987
			840	986
			841	985
			841	984
			841	983
			841	982
			842	982
			842	981
			842	980
			842	979
			843	979
			843	978
			843	977
			843	976
			844	975
			844	974
			844	973
			845	972
			845	971
			845	970
			845	969
			846	968
			846	967
			847	966
			847	965
			847	964
			847	963
			848	962
			848	961
			848	960
			849	959
			849	958
			849	957
			850	956
			850	955
			850	954
			850	953
			851	952
			851	951
			852	950
			852	949
			852	948
			852	947
			853	946
			853	945
			853	944
			854	943
			854	942
			854	941
			855	940
			855	939
			855	938
			856	937
			856	936
			856	935
			857	934
			857	933
			857	932
			858	931
			858	930
			858	929
			859	928
			859	927
			859	926
			860	925
			860	924
			860	923
			861	922
			861	921
			861	920
			861	919
			862	919
			862	918
			862	917
			863	916
			863	915
			863	914
			863	913
			864	913
			864	912
			864	911
			865	910
			865	909
			865	908
			866	907
			866	906
			866	905
			867	904
			867	903
			867	902
			868	901
			868	900
			868	899
			869	898
			869	897
			869	896
			870	895
			871	894
			871	893
			872	892
			872	891
			873	890
			873	889
			874	888
			874	887
			875	886
			875	885
			876	884
			876	883
			877	882
			877	881
			878	880
			879	879
			879	878
			880	877
			880	876
			881	875
			881	874
			882	873
			882	872
			882	871
			883	871
			883	870
			883	869
			884	869
			884	868
			884	867
			885	867
			885	866
			885	865
			886	865
			886	864
			886	863
			887	863
			887	862
			887	861
			888	861
			888	860
			888	859
			889	859
			889	858
			889	857
			890	857
			890	856
			890	855
			891	855
			891	854
			891	853
			892	853
			892	852
			892	851
			893	851
			893	850
			893	849
			894	848
			894	847
			895	846
			895	845
			896	844
			896	843
			897	842
			897	841
			898	840
			898	839
			899	838
			899	837
			900	836
			900	835
			901	834
			901	833
		</curveLM12>
	</curves.pixel>
	<curves.scaled type=list>
		<curveLM07 type=matrix rownames=FALSE colnames=FALSE nrow=350 ncol=2 as.numeric=TRUE >
			7.70085470085349	-7.119658119657
			7.70940170940049	-7.128205128204
			7.70940170940049	-7.13675213675101
			7.7179487179475	-7.14529914529802
			7.7179487179475	-7.15384615384503
			7.7179487179475	-7.16239316239203
			7.72649572649451	-7.17094017093904
			7.72649572649451	-7.17948717948605
			7.73504273504151	-7.18803418803305
			7.73504273504151	-7.19658119658006
			7.74358974358852	-7.20512820512707
			7.74358974358852	-7.21367521367408
			7.74358974358852	-7.22222222222108
			7.75213675213553	-7.22222222222108
			7.75213675213553	-7.23076923076809
			7.75213675213553	-7.2393162393151
			7.76068376068254	-7.2478632478621
			7.76068376068254	-7.25641025640911
			7.76923076922954	-7.26495726495612
			7.76923076922954	-7.27350427350313
			7.77777777777655	-7.28205128205013
			7.77777777777655	-7.29059829059714
			7.78632478632356	-7.29914529914415
			7.78632478632356	-7.30769230769115
			7.78632478632356	-7.31623931623816
			7.79487179487056	-7.32478632478517
			7.79487179487056	-7.33333333333218
			7.80341880341757	-7.34188034187918
			7.80341880341757	-7.35042735042619
			7.81196581196458	-7.3589743589732
			7.81196581196458	-7.3675213675202
			7.81196581196458	-7.37606837606721
			7.82051282051159	-7.37606837606721
			7.82051282051159	-7.38461538461422
			7.82051282051159	-7.39316239316123
			7.82905982905859	-7.39316239316123
			7.82905982905859	-7.40170940170823
			7.82905982905859	-7.41025641025524
			7.8376068376056	-7.41880341880225
			7.8376068376056	-7.42735042734926
			7.84615384615261	-7.43589743589626
			7.84615384615261	-7.44444444444327
			7.84615384615261	-7.45299145299028
			7.85470085469962	-7.45299145299028
			7.85470085469962	-7.46153846153728
			7.85470085469962	-7.47008547008429
			7.85470085469962	-7.4786324786313
			7.86324786324662	-7.4786324786313
			7.86324786324662	-7.48717948717831
			7.86324786324662	-7.49572649572531
			7.87179487179363	-7.50427350427232
			7.87179487179363	-7.51282051281933
			7.88034188034064	-7.52136752136633
			7.88034188034064	-7.52991452991334
			7.88034188034064	-7.53846153846035
			7.88888888888764	-7.54700854700736
			7.88888888888764	-7.55555555555436
			7.89743589743465	-7.56410256410137
			7.89743589743465	-7.57264957264838
			7.90598290598166	-7.58119658119538
			7.90598290598166	-7.58974358974239
			7.90598290598166	-7.5982905982894
			7.91452991452867	-7.60683760683641
			7.91452991452867	-7.61538461538341
			7.91452991452867	-7.62393162393042
			7.92307692307567	-7.63247863247743
			7.92307692307567	-7.64102564102444
			7.93162393162268	-7.64957264957144
			7.93162393162268	-7.65811965811845
			7.93162393162268	-7.66666666666546
			7.94017094016969	-7.67521367521246
			7.94017094016969	-7.68376068375947
			7.94017094016969	-7.69230769230648
			7.94871794871669	-7.70085470085349
			7.94871794871669	-7.70940170940049
			7.9572649572637	-7.7179487179475
			7.9572649572637	-7.72649572649451
			7.96581196581071	-7.73504273504151
			7.96581196581071	-7.74358974358852
			7.96581196581071	-7.75213675213553
			7.96581196581071	-7.76068376068254
			7.97435897435772	-7.76923076922954
			7.97435897435772	-7.77777777777655
			7.97435897435772	-7.78632478632356
			7.98290598290472	-7.79487179487056
			7.98290598290472	-7.80341880341757
			7.99145299145173	-7.81196581196458
			7.99145299145173	-7.82051282051159
			7.99145299145173	-7.82905982905859
			7.99145299145173	-7.8376068376056
			7.99999999999874	-7.84615384615261
			7.99999999999874	-7.85470085469962
			8.00854700854575	-7.86324786324662
			8.00854700854575	-7.87179487179363
			8.00854700854575	-7.88034188034064
			8.01709401709275	-7.88888888888764
			8.01709401709275	-7.89743589743465
			8.01709401709275	-7.90598290598166
			8.02564102563976	-7.91452991452867
			8.02564102563976	-7.92307692307567
			8.02564102563976	-7.93162393162268
			8.03418803418677	-7.94017094016969
			8.03418803418677	-7.94871794871669
			8.03418803418677	-7.9572649572637
			8.03418803418677	-7.96581196581071
			8.04273504273377	-7.97435897435772
			8.04273504273377	-7.98290598290472
			8.04273504273377	-7.99145299145173
			8.05128205128078	-7.99999999999874
			8.05128205128078	-8.00854700854575
			8.05128205128078	-8.01709401709275
			8.05982905982779	-8.02564102563976
			8.05982905982779	-8.03418803418677
			8.05982905982779	-8.04273504273377
			8.05982905982779	-8.05128205128078
			8.06837606837479	-8.05982905982779
			8.06837606837479	-8.06837606837479
			8.06837606837479	-8.0769230769218
			8.0769230769218	-8.08547008546881
			8.0769230769218	-8.09401709401582
			8.0769230769218	-8.10256410256282
			8.0769230769218	-8.11111111110983
			8.08547008546881	-8.11965811965684
			8.08547008546881	-8.12820512820385
			8.08547008546881	-8.13675213675085
			8.08547008546881	-8.14529914529786
			8.09401709401582	-8.15384615384487
			8.09401709401582	-8.16239316239187
			8.09401709401582	-8.17094017093888
			8.09401709401582	-8.17948717948589
			8.10256410256282	-8.17948717948589
			8.10256410256282	-8.1880341880329
			8.10256410256282	-8.1965811965799
			8.10256410256282	-8.20512820512691
			8.10256410256282	-8.21367521367392
			8.11111111110983	-8.22222222222092
			8.11111111110983	-8.23076923076793
			8.11111111110983	-8.23931623931494
			8.11111111110983	-8.24786324786195
			8.11965811965684	-8.25641025640895
			8.11965811965684	-8.26495726495596
			8.11965811965684	-8.27350427350297
			8.11965811965684	-8.28205128204998
			8.11965811965684	-8.29059829059698
			8.12820512820385	-8.29914529914399
			8.12820512820385	-8.307692307691
			8.12820512820385	-8.316239316238
			8.12820512820385	-8.32478632478501
			8.12820512820385	-8.33333333333202
			8.12820512820385	-8.34188034187903
			8.13675213675085	-8.35042735042603
			8.13675213675085	-8.35897435897304
			8.13675213675085	-8.36752136752005
			8.13675213675085	-8.37606837606705
			8.13675213675085	-8.38461538461406
			8.14529914529786	-8.39316239316107
			8.14529914529786	-8.40170940170808
			8.14529914529786	-8.41025641025508
			8.14529914529786	-8.41880341880209
			8.14529914529786	-8.4273504273491
			8.14529914529786	-8.4358974358961
			8.14529914529786	-8.44444444444311
			8.14529914529786	-8.45299145299012
			8.15384615384487	-8.45299145299012
			8.15384615384487	-8.46153846153713
			8.15384615384487	-8.47008547008413
			8.15384615384487	-8.47863247863114
			8.15384615384487	-8.48717948717815
			8.15384615384487	-8.49572649572515
			8.16239316239187	-8.50427350427216
			8.16239316239187	-8.51282051281917
			8.16239316239187	-8.52136752136618
			8.17094017093888	-8.52991452991318
			8.17094017093888	-8.53846153846019
			8.17094017093888	-8.5470085470072
			8.17948717948589	-8.55555555555421
			8.17948717948589	-8.56410256410121
			8.17948717948589	-8.57264957264822
			8.17948717948589	-8.58119658119523
			8.1880341880329	-8.58119658119523
			8.1880341880329	-8.58974358974223
			8.1880341880329	-8.59829059828924
			8.1880341880329	-8.60683760683625
			8.1965811965799	-8.61538461538326
			8.1965811965799	-8.62393162393026
			8.1965811965799	-8.63247863247727
			8.20512820512691	-8.64102564102428
			8.20512820512691	-8.64957264957128
			8.20512820512691	-8.65811965811829
			8.20512820512691	-8.6666666666653
			8.21367521367392	-8.67521367521231
			8.21367521367392	-8.68376068375931
			8.21367521367392	-8.69230769230632
			8.22222222222092	-8.70085470085333
			8.22222222222092	-8.70940170940034
			8.22222222222092	-8.71794871794734
			8.22222222222092	-8.72649572649435
			8.23076923076793	-8.73504273504136
			8.23076923076793	-8.74358974358836
			8.23076923076793	-8.75213675213537
			8.23931623931494	-8.76068376068238
			8.23931623931494	-8.76923076922939
			8.23931623931494	-8.77777777777639
			8.24786324786195	-8.7863247863234
			8.24786324786195	-8.79487179487041
			8.24786324786195	-8.80341880341742
			8.24786324786195	-8.81196581196442
			8.25641025640895	-8.82051282051143
			8.25641025640895	-8.82905982905844
			8.25641025640895	-8.83760683760544
			8.26495726495596	-8.84615384615245
			8.26495726495596	-8.85470085469946
			8.26495726495596	-8.86324786324646
			8.26495726495596	-8.87179487179347
			8.27350427350297	-8.88034188034048
			8.27350427350297	-8.88888888888749
			8.27350427350297	-8.89743589743449
			8.28205128204998	-8.9059829059815
			8.28205128204998	-8.91452991452851
			8.28205128204998	-8.92307692307551
			8.28205128204998	-8.93162393162252
			8.29059829059698	-8.93162393162252
			8.29059829059698	-8.94017094016953
			8.29059829059698	-8.94871794871654
			8.29059829059698	-8.95726495726354
			8.29914529914399	-8.96581196581055
			8.29914529914399	-8.97435897435756
			8.29914529914399	-8.98290598290457
			8.29914529914399	-8.99145299145157
			8.307692307691	-8.99999999999858
			8.307692307691	-9.00854700854559
			8.307692307691	-9.01709401709259
			8.307692307691	-9.0256410256396
			8.316239316238	-9.03418803418661
			8.316239316238	-9.04273504273362
			8.316239316238	-9.05128205128062
			8.32478632478501	-9.05982905982763
			8.32478632478501	-9.06837606837464
			8.32478632478501	-9.07692307692164
			8.32478632478501	-9.08547008546865
			8.33333333333202	-9.09401709401566
			8.33333333333202	-9.10256410256267
			8.33333333333202	-9.11111111110967
			8.33333333333202	-9.11965811965668
			8.34188034187903	-9.12820512820369
			8.34188034187903	-9.1367521367507
			8.34188034187903	-9.1452991452977
			8.34188034187903	-9.15384615384471
			8.35042735042603	-9.16239316239172
			8.35042735042603	-9.17094017093872
			8.35042735042603	-9.17948717948573
			8.35042735042603	-9.18803418803274
			8.35897435897304	-9.19658119657974
			8.35897435897304	-9.20512820512675
			8.35897435897304	-9.21367521367376
			8.35897435897304	-9.22222222222077
			8.36752136752005	-9.23076923076777
			8.36752136752005	-9.23931623931478
			8.36752136752005	-9.24786324786179
			8.36752136752005	-9.2564102564088
			8.36752136752005	-9.2649572649558
			8.37606837606705	-9.27350427350281
			8.37606837606705	-9.28205128204982
			8.37606837606705	-9.29059829059682
			8.38461538461406	-9.29914529914383
			8.38461538461406	-9.30769230769084
			8.38461538461406	-9.31623931623785
			8.38461538461406	-9.32478632478485
			8.38461538461406	-9.33333333333186
			8.39316239316107	-9.34188034187887
			8.39316239316107	-9.35042735042587
			8.39316239316107	-9.35897435897288
			8.39316239316107	-9.36752136751989
			8.39316239316107	-9.3760683760669
			8.40170940170808	-9.3760683760669
			8.40170940170808	-9.3846153846139
			8.40170940170808	-9.39316239316091
			8.40170940170808	-9.40170940170792
			8.40170940170808	-9.41025641025493
			8.41025641025508	-9.41880341880193
			8.41025641025508	-9.42735042734894
			8.41025641025508	-9.43589743589595
			8.41025641025508	-9.44444444444295
			8.41025641025508	-9.45299145298996
			8.41025641025508	-9.46153846153697
			8.41880341880209	-9.46153846153697
			8.41880341880209	-9.47008547008398
			8.41880341880209	-9.47863247863098
			8.41880341880209	-9.48717948717799
			8.41880341880209	-9.495726495725
			8.4273504273491	-9.50427350427201
			8.4273504273491	-9.51282051281901
			8.4273504273491	-9.52136752136602
			8.4273504273491	-9.52991452991303
			8.4273504273491	-9.53846153846003
			8.4273504273491	-9.54700854700704
			8.4358974358961	-9.55555555555405
			8.4358974358961	-9.56410256410105
			8.4358974358961	-9.57264957264806
			8.4358974358961	-9.58119658119507
			8.4358974358961	-9.58974358974208
			8.4358974358961	-9.59829059828908
			8.44444444444311	-9.60683760683609
			8.44444444444311	-9.6153846153831
			8.44444444444311	-9.6239316239301
			8.44444444444311	-9.63247863247711
			8.44444444444311	-9.64102564102412
			8.44444444444311	-9.64957264957113
			8.44444444444311	-9.65811965811813
			8.45299145299012	-9.66666666666514
			8.45299145299012	-9.67521367521215
			8.45299145299012	-9.68376068375916
			8.45299145299012	-9.69230769230616
			8.45299145299012	-9.70085470085317
			8.45299145299012	-9.70940170940018
			8.45299145299012	-9.71794871794718
			8.45299145299012	-9.72649572649419
			8.45299145299012	-9.7350427350412
			8.45299145299012	-9.74358974358821
			8.45299145299012	-9.75213675213521
			8.46153846153713	-9.76068376068222
			8.46153846153713	-9.76923076922923
			8.46153846153713	-9.77777777777623
			8.46153846153713	-9.78632478632324
			8.46153846153713	-9.79487179487025
			8.46153846153713	-9.80341880341726
			8.46153846153713	-9.81196581196426
			8.46153846153713	-9.82051282051127
			8.46153846153713	-9.82905982905828
			8.46153846153713	-9.83760683760529
			8.46153846153713	-9.84615384615229
			8.46153846153713	-9.8547008546993
			8.46153846153713	-9.86324786324631
			8.45299145299012	-9.87179487179331
			8.45299145299012	-9.88034188034032
			8.45299145299012	-9.88888888888733
			8.45299145299012	-9.89743589743434
			8.45299145299012	-9.90598290598134
			8.45299145299012	-9.91452991452835
			8.45299145299012	-9.92307692307536
			8.44444444444311	-9.92307692307536
			8.44444444444311	-9.93162393162237
			8.44444444444311	-9.94017094016937
			8.44444444444311	-9.94871794871638
			8.4358974358961	-9.94871794871638
			8.4358974358961	-9.95726495726339
			8.4358974358961	-9.96581196581039
			8.4273504273491	-9.9743589743574
			8.41880341880209	-9.98290598290441
			8.41025641025508	-9.99145299145141
		</curveLM07>
		<curveLM08 type=matrix rownames=FALSE colnames=FALSE nrow=64 ncol=2 as.numeric=TRUE >
			8.41025641025508	-9.99145299145141
			8.40170940170808	-9.99145299145141
			8.39316239316107	-9.99145299145141
			8.38461538461406	-9.99145299145141
			8.37606837606705	-9.98290598290441
			8.36752136752005	-9.98290598290441
			8.35897435897304	-9.9743589743574
			8.35042735042603	-9.9743589743574
			8.34188034187903	-9.96581196581039
			8.33333333333202	-9.95726495726339
			8.32478632478501	-9.95726495726339
			8.316239316238	-9.94871794871638
			8.307692307691	-9.94017094016937
			8.29914529914399	-9.94017094016937
			8.29059829059698	-9.93162393162237
			8.29059829059698	-9.92307692307536
			8.28205128204998	-9.92307692307536
			8.27350427350297	-9.91452991452835
			8.26495726495596	-9.90598290598134
			8.25641025640895	-9.89743589743434
			8.24786324786195	-9.88888888888733
			8.23931623931494	-9.88034188034032
			8.23076923076793	-9.87179487179331
			8.22222222222092	-9.86324786324631
			8.21367521367392	-9.8547008546993
			8.20512820512691	-9.84615384615229
			8.1965811965799	-9.84615384615229
			8.1965811965799	-9.83760683760529
			8.1880341880329	-9.82905982905828
			8.17948717948589	-9.82051282051127
			8.17094017093888	-9.82051282051127
			8.17094017093888	-9.81196581196426
			8.16239316239187	-9.80341880341726
			8.15384615384487	-9.80341880341726
			8.14529914529786	-9.79487179487025
			8.14529914529786	-9.78632478632324
			8.13675213675085	-9.77777777777623
			8.12820512820385	-9.76923076922923
			8.11965811965684	-9.76068376068222
			8.11111111110983	-9.75213675213521
			8.10256410256282	-9.74358974358821
			8.10256410256282	-9.7350427350412
			8.09401709401582	-9.7350427350412
			8.09401709401582	-9.72649572649419
			8.08547008546881	-9.71794871794718
			8.0769230769218	-9.70940170940018
			8.06837606837479	-9.70085470085317
			8.05982905982779	-9.69230769230616
			8.05128205128078	-9.68376068375916
			8.04273504273377	-9.67521367521215
			8.03418803418677	-9.67521367521215
			8.02564102563976	-9.66666666666514
			8.01709401709275	-9.65811965811813
			8.00854700854575	-9.65811965811813
			7.99999999999874	-9.65811965811813
			7.99145299145173	-9.64957264957113
			7.98290598290472	-9.64957264957113
			7.97435897435772	-9.64957264957113
			7.96581196581071	-9.64957264957113
			7.9572649572637	-9.64957264957113
			7.94871794871669	-9.64957264957113
			7.94017094016969	-9.64957264957113
			7.93162393162268	-9.64957264957113
			7.92307692307567	-9.64957264957113
		</curveLM08>
		<curveLM09 type=matrix rownames=FALSE colnames=FALSE nrow=74 ncol=2 as.numeric=TRUE >
			7.92307692307567	-9.64957264957113
			7.91452991452867	-9.64957264957113
			7.91452991452867	-9.65811965811813
			7.90598290598166	-9.66666666666514
			7.89743589743465	-9.67521367521215
			7.88888888888764	-9.68376068375916
			7.88888888888764	-9.69230769230616
			7.88034188034064	-9.70085470085317
			7.88034188034064	-9.70940170940018
			7.88034188034064	-9.71794871794718
			7.87179487179363	-9.72649572649419
			7.87179487179363	-9.7350427350412
			7.87179487179363	-9.74358974358821
			7.86324786324662	-9.75213675213521
			7.86324786324662	-9.76068376068222
			7.86324786324662	-9.76923076922923
			7.86324786324662	-9.77777777777623
			7.85470085469962	-9.78632478632324
			7.85470085469962	-9.79487179487025
			7.85470085469962	-9.80341880341726
			7.85470085469962	-9.81196581196426
			7.84615384615261	-9.82051282051127
			7.84615384615261	-9.82905982905828
			7.84615384615261	-9.83760683760529
			7.84615384615261	-9.84615384615229
			7.84615384615261	-9.8547008546993
			7.84615384615261	-9.86324786324631
			7.8376068376056	-9.87179487179331
			7.8376068376056	-9.88034188034032
			7.8376068376056	-9.88888888888733
			7.8376068376056	-9.89743589743434
			7.8376068376056	-9.90598290598134
			7.8376068376056	-9.91452991452835
			7.8376068376056	-9.92307692307536
			7.82905982905859	-9.93162393162237
			7.82905982905859	-9.94017094016937
			7.82905982905859	-9.94871794871638
			7.82905982905859	-9.95726495726339
			7.82905982905859	-9.96581196581039
			7.82051282051159	-9.9743589743574
			7.82051282051159	-9.98290598290441
			7.82051282051159	-9.99145299145141
			7.82051282051159	-9.99999999999842
			7.81196581196458	-10.0085470085454
			7.81196581196458	-10.0170940170924
			7.81196581196458	-10.0256410256394
			7.81196581196458	-10.0341880341865
			7.80341880341757	-10.0341880341865
			7.80341880341757	-10.0427350427335
			7.80341880341757	-10.0512820512805
			7.80341880341757	-10.0598290598275
			7.79487179487056	-10.0683760683745
			7.79487179487056	-10.0769230769215
			7.79487179487056	-10.0854700854685
			7.78632478632356	-10.0940170940155
			7.78632478632356	-10.1025641025625
			7.78632478632356	-10.1111111111095
			7.77777777777655	-10.1111111111095
			7.77777777777655	-10.1196581196565
			7.77777777777655	-10.1282051282035
			7.76923076922954	-10.1367521367505
			7.76923076922954	-10.1452991452975
			7.76068376068254	-10.1538461538446
			7.76068376068254	-10.1623931623916
			7.75213675213553	-10.1709401709386
			7.75213675213553	-10.1794871794856
			7.74358974358852	-10.1880341880326
			7.73504273504151	-10.1965811965796
			7.73504273504151	-10.2051282051266
			7.72649572649451	-10.2136752136736
			7.7179487179475	-10.2136752136736
			7.7179487179475	-10.2222222222206
			7.70940170940049	-10.2222222222206
			7.70085470085349	-10.2222222222206
		</curveLM09>
		<curveLM10 type=matrix rownames=FALSE colnames=FALSE nrow=81 ncol=2 as.numeric=TRUE >
			7.70085470085349	-10.2222222222206
			7.69230769230648	-10.2222222222206
			7.68376068375947	-10.2222222222206
			7.67521367521246	-10.2222222222206
			7.66666666666546	-10.2136752136736
			7.65811965811845	-10.2136752136736
			7.64957264957144	-10.2136752136736
			7.64102564102444	-10.2051282051266
			7.63247863247743	-10.1965811965796
			7.63247863247743	-10.1880341880326
			7.62393162393042	-10.1880341880326
			7.61538461538341	-10.1794871794856
			7.60683760683641	-10.1709401709386
			7.60683760683641	-10.1623931623916
			7.5982905982894	-10.1538461538446
			7.5982905982894	-10.1452991452975
			7.58974358974239	-10.1452991452975
			7.58974358974239	-10.1367521367505
			7.58119658119538	-10.1282051282035
			7.58119658119538	-10.1196581196565
			7.57264957264838	-10.1111111111095
			7.57264957264838	-10.1025641025625
			7.57264957264838	-10.0940170940155
			7.56410256410137	-10.0854700854685
			7.56410256410137	-10.0769230769215
			7.55555555555436	-10.0683760683745
			7.55555555555436	-10.0598290598275
			7.54700854700736	-10.0512820512805
			7.54700854700736	-10.0427350427335
			7.53846153846035	-10.0341880341865
			7.53846153846035	-10.0256410256394
			7.53846153846035	-10.0170940170924
			7.52991452991334	-10.0170940170924
			7.52991452991334	-10.0085470085454
			7.52991452991334	-9.99999999999842
			7.52991452991334	-9.99145299145141
			7.52136752136633	-9.98290598290441
			7.52136752136633	-9.9743589743574
			7.51282051281933	-9.96581196581039
			7.51282051281933	-9.95726495726339
			7.51282051281933	-9.94871794871638
			7.50427350427232	-9.94017094016937
			7.50427350427232	-9.93162393162237
			7.50427350427232	-9.92307692307536
			7.49572649572531	-9.91452991452835
			7.49572649572531	-9.90598290598134
			7.49572649572531	-9.89743589743434
			7.49572649572531	-9.88888888888733
			7.48717948717831	-9.88034188034032
			7.48717948717831	-9.87179487179331
			7.48717948717831	-9.86324786324631
			7.48717948717831	-9.8547008546993
			7.4786324786313	-9.8547008546993
			7.4786324786313	-9.84615384615229
			7.4786324786313	-9.83760683760529
			7.4786324786313	-9.82905982905828
			7.47008547008429	-9.82051282051127
			7.47008547008429	-9.81196581196426
			7.47008547008429	-9.80341880341726
			7.47008547008429	-9.79487179487025
			7.47008547008429	-9.78632478632324
			7.47008547008429	-9.77777777777623
			7.47008547008429	-9.76923076922923
			7.47008547008429	-9.76068376068222
			7.46153846153728	-9.76068376068222
			7.46153846153728	-9.75213675213521
			7.46153846153728	-9.74358974358821
			7.46153846153728	-9.7350427350412
			7.46153846153728	-9.72649572649419
			7.46153846153728	-9.71794871794718
			7.45299145299028	-9.70940170940018
			7.45299145299028	-9.70085470085317
			7.45299145299028	-9.69230769230616
			7.44444444444327	-9.68376068375916
			7.44444444444327	-9.67521367521215
			7.43589743589626	-9.66666666666514
			7.43589743589626	-9.65811965811813
			7.42735042734926	-9.64957264957113
			7.41880341880225	-9.64102564102412
			7.41025641025524	-9.63247863247711
			7.40170940170823	-9.63247863247711
		</curveLM10>
		<curveLM11 type=matrix rownames=FALSE colnames=FALSE nrow=65 ncol=2 as.numeric=TRUE >
			7.40170940170823	-9.63247863247711
			7.39316239316123	-9.6239316239301
			7.38461538461422	-9.6239316239301
			7.37606837606721	-9.6239316239301
			7.3675213675202	-9.6239316239301
			7.3589743589732	-9.6239316239301
			7.35042735042619	-9.6239316239301
			7.34188034187918	-9.63247863247711
			7.33333333333218	-9.63247863247711
			7.32478632478517	-9.64102564102412
			7.31623931623816	-9.64102564102412
			7.30769230769115	-9.64957264957113
			7.29914529914415	-9.64957264957113
			7.29059829059714	-9.65811965811813
			7.28205128205013	-9.66666666666514
			7.27350427350313	-9.67521367521215
			7.26495726495612	-9.67521367521215
			7.25641025640911	-9.68376068375916
			7.2478632478621	-9.69230769230616
			7.2393162393151	-9.70085470085317
			7.23076923076809	-9.70940170940018
			7.22222222222108	-9.71794871794718
			7.21367521367408	-9.72649572649419
			7.20512820512707	-9.7350427350412
			7.20512820512707	-9.74358974358821
			7.19658119658006	-9.75213675213521
			7.18803418803305	-9.75213675213521
			7.18803418803305	-9.76068376068222
			7.17948717948605	-9.76923076922923
			7.17094017093904	-9.77777777777623
			7.16239316239203	-9.78632478632324
			7.16239316239203	-9.79487179487025
			7.15384615384503	-9.79487179487025
			7.14529914529802	-9.80341880341726
			7.14529914529802	-9.81196581196426
			7.13675213675101	-9.82051282051127
			7.128205128204	-9.82905982905828
			7.119658119657	-9.83760683760529
			7.11111111110999	-9.84615384615229
			7.10256410256298	-9.8547008546993
			7.09401709401597	-9.86324786324631
			7.08547008546897	-9.87179487179331
			7.07692307692196	-9.88034188034032
			7.07692307692196	-9.88888888888733
			7.06837606837495	-9.89743589743434
			7.05982905982795	-9.90598290598134
			7.05128205128094	-9.91452991452835
			7.04273504273393	-9.91452991452835
			7.03418803418692	-9.92307692307536
			7.02564102563992	-9.93162393162237
			7.01709401709291	-9.93162393162237
			7.0085470085459	-9.94017094016937
			6.9999999999989	-9.94871794871638
			6.99145299145189	-9.94871794871638
			6.98290598290488	-9.94871794871638
			6.98290598290488	-9.95726495726339
			6.97435897435787	-9.95726495726339
			6.96581196581087	-9.96581196581039
			6.95726495726386	-9.96581196581039
			6.94871794871685	-9.96581196581039
			6.94017094016985	-9.96581196581039
			6.93162393162284	-9.9743589743574
			6.92307692307583	-9.9743589743574
			6.91452991452882	-9.9743589743574
			6.90598290598182	-9.9743589743574
		</curveLM11>
		<curveLM12 type=matrix rownames=FALSE colnames=FALSE nrow=352 ncol=2 as.numeric=TRUE >
			6.90598290598182	-9.9743589743574
			6.89743589743481	-9.96581196581039
			6.89743589743481	-9.95726495726339
			6.8888888888878	-9.94871794871638
			6.88034188034079	-9.94017094016937
			6.88034188034079	-9.93162393162237
			6.88034188034079	-9.92307692307536
			6.87179487179379	-9.91452991452835
			6.87179487179379	-9.90598290598134
			6.87179487179379	-9.89743589743434
			6.87179487179379	-9.88888888888733
			6.87179487179379	-9.88034188034032
			6.87179487179379	-9.87179487179331
			6.87179487179379	-9.86324786324631
			6.86324786324678	-9.8547008546993
			6.86324786324678	-9.84615384615229
			6.86324786324678	-9.83760683760529
			6.86324786324678	-9.82905982905828
			6.86324786324678	-9.82051282051127
			6.86324786324678	-9.81196581196426
			6.86324786324678	-9.80341880341726
			6.86324786324678	-9.79487179487025
			6.86324786324678	-9.78632478632324
			6.86324786324678	-9.77777777777623
			6.86324786324678	-9.76923076922923
			6.86324786324678	-9.76068376068222
			6.87179487179379	-9.75213675213521
			6.87179487179379	-9.74358974358821
			6.87179487179379	-9.7350427350412
			6.87179487179379	-9.72649572649419
			6.87179487179379	-9.71794871794718
			6.87179487179379	-9.70940170940018
			6.87179487179379	-9.70085470085317
			6.87179487179379	-9.69230769230616
			6.87179487179379	-9.68376068375916
			6.87179487179379	-9.67521367521215
			6.87179487179379	-9.66666666666514
			6.88034188034079	-9.65811965811813
			6.88034188034079	-9.64957264957113
			6.88034188034079	-9.64102564102412
			6.88034188034079	-9.63247863247711
			6.88034188034079	-9.6239316239301
			6.88034188034079	-9.6153846153831
			6.88034188034079	-9.60683760683609
			6.88034188034079	-9.59829059828908
			6.8888888888878	-9.58974358974208
			6.8888888888878	-9.58119658119507
			6.8888888888878	-9.57264957264806
			6.8888888888878	-9.56410256410105
			6.8888888888878	-9.55555555555405
			6.8888888888878	-9.54700854700704
			6.8888888888878	-9.53846153846003
			6.8888888888878	-9.52991452991303
			6.89743589743481	-9.52136752136602
			6.89743589743481	-9.51282051281901
			6.89743589743481	-9.50427350427201
			6.89743589743481	-9.495726495725
			6.89743589743481	-9.48717948717799
			6.89743589743481	-9.47863247863098
			6.90598290598182	-9.47008547008398
			6.90598290598182	-9.46153846153697
			6.90598290598182	-9.45299145298996
			6.90598290598182	-9.44444444444295
			6.90598290598182	-9.43589743589595
			6.91452991452882	-9.42735042734894
			6.91452991452882	-9.41880341880193
			6.91452991452882	-9.41025641025493
			6.91452991452882	-9.40170940170792
			6.91452991452882	-9.39316239316091
			6.91452991452882	-9.3846153846139
			6.92307692307583	-9.3760683760669
			6.92307692307583	-9.36752136751989
			6.92307692307583	-9.35897435897288
			6.92307692307583	-9.35042735042587
			6.92307692307583	-9.34188034187887
			6.93162393162284	-9.33333333333186
			6.93162393162284	-9.32478632478485
			6.93162393162284	-9.31623931623785
			6.93162393162284	-9.30769230769084
			6.93162393162284	-9.29914529914383
			6.94017094016985	-9.29059829059682
			6.94017094016985	-9.28205128204982
			6.94017094016985	-9.27350427350281
			6.94017094016985	-9.2649572649558
			6.94017094016985	-9.2564102564088
			6.94871794871685	-9.24786324786179
			6.94871794871685	-9.23931623931478
			6.94871794871685	-9.23076923076777
			6.94871794871685	-9.22222222222077
			6.95726495726386	-9.21367521367376
			6.95726495726386	-9.20512820512675
			6.95726495726386	-9.19658119657974
			6.95726495726386	-9.18803418803274
			6.95726495726386	-9.17948717948573
			6.96581196581087	-9.17094017093872
			6.96581196581087	-9.16239316239172
			6.96581196581087	-9.15384615384471
			6.96581196581087	-9.1452991452977
			6.97435897435787	-9.1367521367507
			6.97435897435787	-9.12820512820369
			6.97435897435787	-9.11965811965668
			6.97435897435787	-9.11111111110967
			6.98290598290488	-9.11111111110967
			6.98290598290488	-9.10256410256267
			6.98290598290488	-9.09401709401566
			6.98290598290488	-9.08547008546865
			6.99145299145189	-9.07692307692164
			6.99145299145189	-9.06837606837464
			6.99145299145189	-9.05982905982763
			6.99145299145189	-9.05128205128062
			6.9999999999989	-9.05128205128062
			6.9999999999989	-9.04273504273362
			6.9999999999989	-9.03418803418661
			6.9999999999989	-9.0256410256396
			7.0085470085459	-9.01709401709259
			7.0085470085459	-9.00854700854559
			7.0085470085459	-8.99999999999858
			7.01709401709291	-8.99145299145157
			7.01709401709291	-8.98290598290457
			7.01709401709291	-8.97435897435756
			7.02564102563992	-8.96581196581055
			7.02564102563992	-8.95726495726354
			7.02564102563992	-8.94871794871654
			7.02564102563992	-8.94017094016953
			7.03418803418692	-8.93162393162252
			7.03418803418692	-8.92307692307551
			7.03418803418692	-8.91452991452851
			7.04273504273393	-8.9059829059815
			7.04273504273393	-8.89743589743449
			7.04273504273393	-8.88888888888749
			7.04273504273393	-8.88034188034048
			7.05128205128094	-8.87179487179347
			7.05128205128094	-8.86324786324646
			7.05128205128094	-8.85470085469946
			7.05982905982795	-8.84615384615245
			7.05982905982795	-8.83760683760544
			7.05982905982795	-8.82905982905844
			7.06837606837495	-8.82051282051143
			7.06837606837495	-8.81196581196442
			7.06837606837495	-8.80341880341742
			7.06837606837495	-8.79487179487041
			7.07692307692196	-8.7863247863234
			7.07692307692196	-8.77777777777639
			7.07692307692196	-8.76923076922939
			7.08547008546897	-8.76068376068238
			7.08547008546897	-8.75213675213537
			7.08547008546897	-8.74358974358836
			7.08547008546897	-8.73504273504136
			7.09401709401597	-8.72649572649435
			7.09401709401597	-8.71794871794734
			7.09401709401597	-8.70940170940034
			7.10256410256298	-8.70085470085333
			7.10256410256298	-8.69230769230632
			7.10256410256298	-8.68376068375931
			7.10256410256298	-8.67521367521231
			7.11111111110999	-8.6666666666653
			7.11111111110999	-8.65811965811829
			7.119658119657	-8.64957264957128
			7.119658119657	-8.64102564102428
			7.119658119657	-8.63247863247727
			7.119658119657	-8.62393162393026
			7.128205128204	-8.61538461538326
			7.128205128204	-8.60683760683625
			7.128205128204	-8.59829059828924
			7.128205128204	-8.58974358974223
			7.13675213675101	-8.58119658119523
			7.13675213675101	-8.57264957264822
			7.13675213675101	-8.56410256410121
			7.14529914529802	-8.55555555555421
			7.14529914529802	-8.5470085470072
			7.14529914529802	-8.53846153846019
			7.15384615384503	-8.52991452991318
			7.15384615384503	-8.52136752136618
			7.15384615384503	-8.51282051281917
			7.15384615384503	-8.50427350427216
			7.16239316239203	-8.49572649572515
			7.16239316239203	-8.48717948717815
			7.16239316239203	-8.47863247863114
			7.17094017093904	-8.47008547008413
			7.17094017093904	-8.46153846153713
			7.17094017093904	-8.45299145299012
			7.17948717948605	-8.44444444444311
			7.17948717948605	-8.4358974358961
			7.17948717948605	-8.4273504273491
			7.18803418803305	-8.41880341880209
			7.18803418803305	-8.41025641025508
			7.18803418803305	-8.40170940170808
			7.18803418803305	-8.39316239316107
			7.19658119658006	-8.39316239316107
			7.19658119658006	-8.38461538461406
			7.19658119658006	-8.37606837606705
			7.19658119658006	-8.36752136752005
			7.20512820512707	-8.36752136752005
			7.20512820512707	-8.35897435897304
			7.20512820512707	-8.35042735042603
			7.20512820512707	-8.34188034187903
			7.21367521367408	-8.33333333333202
			7.21367521367408	-8.32478632478501
			7.21367521367408	-8.316239316238
			7.22222222222108	-8.307692307691
			7.22222222222108	-8.29914529914399
			7.22222222222108	-8.29059829059698
			7.22222222222108	-8.28205128204998
			7.23076923076809	-8.27350427350297
			7.23076923076809	-8.26495726495596
			7.2393162393151	-8.25641025640895
			7.2393162393151	-8.24786324786195
			7.2393162393151	-8.23931623931494
			7.2393162393151	-8.23076923076793
			7.2478632478621	-8.22222222222092
			7.2478632478621	-8.21367521367392
			7.2478632478621	-8.20512820512691
			7.25641025640911	-8.1965811965799
			7.25641025640911	-8.1880341880329
			7.25641025640911	-8.17948717948589
			7.26495726495612	-8.17094017093888
			7.26495726495612	-8.16239316239187
			7.26495726495612	-8.15384615384487
			7.26495726495612	-8.14529914529786
			7.27350427350313	-8.13675213675085
			7.27350427350313	-8.12820512820385
			7.28205128205013	-8.11965811965684
			7.28205128205013	-8.11111111110983
			7.28205128205013	-8.10256410256282
			7.28205128205013	-8.09401709401582
			7.29059829059714	-8.08547008546881
			7.29059829059714	-8.0769230769218
			7.29059829059714	-8.06837606837479
			7.29914529914415	-8.05982905982779
			7.29914529914415	-8.05128205128078
			7.29914529914415	-8.04273504273377
			7.30769230769115	-8.03418803418677
			7.30769230769115	-8.02564102563976
			7.30769230769115	-8.01709401709275
			7.31623931623816	-8.00854700854575
			7.31623931623816	-7.99999999999874
			7.31623931623816	-7.99145299145173
			7.32478632478517	-7.98290598290472
			7.32478632478517	-7.97435897435772
			7.32478632478517	-7.96581196581071
			7.33333333333218	-7.9572649572637
			7.33333333333218	-7.94871794871669
			7.33333333333218	-7.94017094016969
			7.34188034187918	-7.93162393162268
			7.34188034187918	-7.92307692307567
			7.34188034187918	-7.91452991452867
			7.35042735042619	-7.90598290598166
			7.35042735042619	-7.89743589743465
			7.35042735042619	-7.88888888888764
			7.3589743589732	-7.88034188034064
			7.3589743589732	-7.87179487179363
			7.3589743589732	-7.86324786324662
			7.3589743589732	-7.85470085469962
			7.3675213675202	-7.85470085469962
			7.3675213675202	-7.84615384615261
			7.3675213675202	-7.8376068376056
			7.37606837606721	-7.82905982905859
			7.37606837606721	-7.82051282051159
			7.37606837606721	-7.81196581196458
			7.37606837606721	-7.80341880341757
			7.38461538461422	-7.80341880341757
			7.38461538461422	-7.79487179487056
			7.38461538461422	-7.78632478632356
			7.39316239316123	-7.77777777777655
			7.39316239316123	-7.76923076922954
			7.39316239316123	-7.76068376068254
			7.40170940170823	-7.75213675213553
			7.40170940170823	-7.74358974358852
			7.40170940170823	-7.73504273504151
			7.41025641025524	-7.72649572649451
			7.41025641025524	-7.7179487179475
			7.41025641025524	-7.70940170940049
			7.41880341880225	-7.70085470085349
			7.41880341880225	-7.69230769230648
			7.41880341880225	-7.68376068375947
			7.42735042734926	-7.67521367521246
			7.42735042734926	-7.66666666666546
			7.42735042734926	-7.65811965811845
			7.43589743589626	-7.64957264957144
			7.44444444444327	-7.64102564102444
			7.44444444444327	-7.63247863247743
			7.45299145299028	-7.62393162393042
			7.45299145299028	-7.61538461538341
			7.46153846153728	-7.60683760683641
			7.46153846153728	-7.5982905982894
			7.47008547008429	-7.58974358974239
			7.47008547008429	-7.58119658119538
			7.4786324786313	-7.57264957264838
			7.4786324786313	-7.56410256410137
			7.48717948717831	-7.55555555555436
			7.48717948717831	-7.54700854700736
			7.49572649572531	-7.53846153846035
			7.49572649572531	-7.52991452991334
			7.50427350427232	-7.52136752136633
			7.51282051281933	-7.51282051281933
			7.51282051281933	-7.50427350427232
			7.52136752136633	-7.49572649572531
			7.52136752136633	-7.48717948717831
			7.52991452991334	-7.4786324786313
			7.52991452991334	-7.47008547008429
			7.53846153846035	-7.46153846153728
			7.53846153846035	-7.45299145299028
			7.53846153846035	-7.44444444444327
			7.54700854700736	-7.44444444444327
			7.54700854700736	-7.43589743589626
			7.54700854700736	-7.42735042734926
			7.55555555555436	-7.42735042734926
			7.55555555555436	-7.41880341880225
			7.55555555555436	-7.41025641025524
			7.56410256410137	-7.41025641025524
			7.56410256410137	-7.40170940170823
			7.56410256410137	-7.39316239316123
			7.57264957264838	-7.39316239316123
			7.57264957264838	-7.38461538461422
			7.57264957264838	-7.37606837606721
			7.58119658119538	-7.37606837606721
			7.58119658119538	-7.3675213675202
			7.58119658119538	-7.3589743589732
			7.58974358974239	-7.3589743589732
			7.58974358974239	-7.35042735042619
			7.58974358974239	-7.34188034187918
			7.5982905982894	-7.34188034187918
			7.5982905982894	-7.33333333333218
			7.5982905982894	-7.32478632478517
			7.60683760683641	-7.32478632478517
			7.60683760683641	-7.31623931623816
			7.60683760683641	-7.30769230769115
			7.61538461538341	-7.30769230769115
			7.61538461538341	-7.29914529914415
			7.61538461538341	-7.29059829059714
			7.62393162393042	-7.29059829059714
			7.62393162393042	-7.28205128205013
			7.62393162393042	-7.27350427350313
			7.63247863247743	-7.27350427350313
			7.63247863247743	-7.26495726495612
			7.63247863247743	-7.25641025640911
			7.64102564102444	-7.2478632478621
			7.64102564102444	-7.2393162393151
			7.64957264957144	-7.23076923076809
			7.64957264957144	-7.22222222222108
			7.65811965811845	-7.21367521367408
			7.65811965811845	-7.20512820512707
			7.66666666666546	-7.19658119658006
			7.66666666666546	-7.18803418803305
			7.67521367521246	-7.17948717948605
			7.67521367521246	-7.17094017093904
			7.68376068375947	-7.16239316239203
			7.68376068375947	-7.15384615384503
			7.69230769230648	-7.14529914529802
			7.69230769230648	-7.13675213675101
			7.70085470085349	-7.128205128204
			7.70085470085349	-7.119658119657
		</curveLM12>
	</curves.scaled>
	<ruler.points type=matrix rownames=TRUE colnames=FALSE nrow=5 ncol=2 as.numeric=TRUE >
		Ruler point 1	434	1409
		Ruler point 2	550	1409
		Ruler point 3	668	1409
		Ruler point 4	785	1410
		Ruler point 5	902	1409
	</ruler.points>
</shapes>

