<shapes type=list>
	<ruler.pixel type=vector names=FALSE length=1 as.numeric=TRUE >117.436788865155</ruler.pixel>
	<ruler.interval type=vector names=FALSE length=1 as.numeric=TRUE >1</ruler.interval>
	<scaling.units type=vector names=FALSE length=1 as.numeric=FALSE >cm</scaling.units>
	<scaling type=vector names=FALSE length=1 as.numeric=TRUE >0.00851521920569738</scaling>
	<landmarks.pixel type=matrix rownames=TRUE colnames=FALSE nrow=6 ncol=2 as.numeric=TRUE >
		LM01	901	800
		LM02	1001	1168
		LM03	938	1117
		LM04	897	1195
		LM05	865	1119
		LM06	797	1173
	</landmarks.pixel>
	<landmarks.scaled type=matrix rownames=TRUE colnames=FALSE nrow=6 ncol=2 as.numeric=TRUE >
		LM01	7.67221250433334	-6.81217536455791
		LM02	8.52373442490308	-9.94577603225454
		LM03	7.98727561494414	-9.51149985276398
		LM04	7.63815162751055	-10.1756869508084
		LM05	7.36566461292824	-9.52853029117537
		LM06	6.78662970694081	-9.98835212828303
	</landmarks.scaled>
	<curves.control type=list>
		<curveLM07 type=matrix rownames=FALSE colnames=FALSE nrow=7 ncol=2 as.numeric=TRUE >
			901	800
			915	823
			951	924
			980	1044
			992	1084
			1008	1162
			1001	1168
		</curveLM07>
		<curveLM08 type=matrix rownames=FALSE colnames=FALSE nrow=5 ncol=2 as.numeric=TRUE >
			1001	1168
			997	1175
			961	1136
			951	1125
			938	1117
		</curveLM08>
		<curveLM09 type=matrix rownames=FALSE colnames=FALSE nrow=5 ncol=2 as.numeric=TRUE >
			938	1117
			930	1124
			923	1168
			918	1199
			897	1195
		</curveLM09>
		<curveLM10 type=matrix rownames=FALSE colnames=FALSE nrow=5 ncol=2 as.numeric=TRUE >
			897	1195
			876	1195
			872	1145
			873	1125
			865	1119
		</curveLM10>
		<curveLM11 type=matrix rownames=FALSE colnames=FALSE nrow=5 ncol=2 as.numeric=TRUE >
			865	1119
			854	1116
			840	1140
			800	1180
			797	1173
		</curveLM11>
		<curveLM12 type=matrix rownames=FALSE colnames=FALSE nrow=7 ncol=2 as.numeric=TRUE >
			797	1173
			789	1170
			811	1084
			823	1031
			853	914
			894	797
			901	800
		</curveLM12>
	</curves.control>
	<curves.pixel type=list>
		<curveLM07 type=matrix rownames=FALSE colnames=FALSE nrow=383 ncol=2 as.numeric=TRUE >
			901	800
			901	801
			902	802
			903	803
			903	804
			904	805
			904	806
			905	807
			905	808
			906	808
			906	809
			906	810
			907	811
			907	812
			908	812
			908	813
			908	814
			909	815
			909	816
			910	817
			910	818
			911	819
			911	820
			911	821
			912	822
			912	823
			913	824
			913	825
			914	826
			914	827
			915	828
			915	829
			915	830
			916	831
			916	832
			917	833
			917	834
			917	835
			918	836
			918	837
			919	838
			919	839
			919	840
			920	840
			920	841
			920	842
			921	843
			921	844
			921	845
			922	846
			922	847
			923	848
			923	849
			924	850
			924	851
			924	852
			924	853
			925	853
			925	854
			925	855
			926	855
			926	856
			926	857
			927	858
			927	859
			927	860
			928	861
			928	862
			929	863
			929	864
			929	865
			930	866
			930	867
			931	868
			931	869
			931	870
			932	871
			932	872
			932	873
			933	874
			933	875
			934	876
			934	877
			934	878
			935	879
			935	880
			936	881
			936	882
			936	883
			937	884
			937	885
			937	886
			938	887
			938	888
			938	889
			939	890
			939	891
			939	892
			940	893
			940	894
			941	895
			941	896
			941	897
			942	898
			942	899
			942	900
			943	901
			943	902
			943	903
			944	904
			944	905
			945	906
			945	907
			945	908
			946	909
			946	910
			946	911
			947	912
			947	913
			947	914
			948	915
			948	916
			949	917
			949	918
			949	919
			949	920
			950	920
			950	921
			950	922
			951	923
			951	924
			951	925
			952	926
			952	927
			952	928
			952	929
			952	930
			953	931
			953	932
			953	933
			953	934
			954	934
			954	935
			954	936
			954	937
			954	938
			955	939
			955	940
			955	941
			955	942
			955	943
			956	943
			956	944
			956	945
			956	946
			957	947
			957	948
			957	949
			957	950
			958	951
			958	952
			958	953
			958	954
			959	955
			959	956
			959	957
			959	958
			960	959
			960	960
			960	961
			960	962
			961	963
			961	964
			961	965
			961	966
			962	967
			962	968
			962	969
			962	970
			963	971
			963	972
			963	973
			963	974
			963	975
			964	976
			964	977
			964	978
			964	979
			965	980
			965	981
			965	982
			965	983
			966	983
			966	984
			966	985
			966	986
			966	987
			967	988
			967	989
			967	990
			967	991
			968	992
			968	993
			968	994
			969	995
			969	996
			969	997
			969	998
			969	999
			970	1000
			970	1001
			970	1002
			970	1003
			971	1003
			971	1004
			971	1005
			971	1006
			971	1007
			972	1008
			972	1009
			972	1010
			972	1011
			973	1012
			973	1013
			973	1014
			973	1015
			974	1016
			974	1017
			974	1018
			974	1019
			975	1020
			975	1021
			975	1022
			975	1023
			976	1024
			976	1025
			976	1026
			976	1027
			977	1027
			977	1028
			977	1029
			977	1030
			978	1031
			978	1032
			978	1033
			978	1034
			978	1035
			979	1035
			979	1036
			979	1037
			979	1038
			980	1039
			980	1040
			980	1041
			980	1042
			981	1043
			981	1044
			981	1045
			981	1046
			982	1047
			982	1048
			982	1049
			982	1050
			983	1051
			983	1052
			983	1053
			984	1054
			984	1055
			984	1056
			984	1057
			985	1058
			985	1059
			985	1060
			986	1061
			986	1062
			986	1063
			986	1064
			987	1065
			987	1066
			987	1067
			987	1068
			988	1069
			988	1070
			988	1071
			988	1072
			989	1073
			989	1074
			989	1075
			990	1076
			990	1077
			990	1078
			991	1079
			991	1080
			991	1081
			991	1082
			992	1083
			992	1084
			992	1085
			992	1086
			993	1087
			993	1088
			993	1089
			993	1090
			993	1091
			994	1092
			994	1093
			994	1094
			994	1095
			994	1096
			995	1097
			995	1098
			995	1099
			995	1100
			995	1101
			996	1102
			996	1103
			996	1104
			996	1105
			996	1106
			997	1107
			997	1108
			997	1109
			997	1110
			997	1111
			997	1112
			998	1113
			998	1114
			998	1115
			998	1116
			998	1117
			998	1118
			999	1119
			999	1120
			999	1121
			999	1122
			999	1123
			999	1124
			1000	1124
			1000	1125
			1000	1126
			1000	1127
			1000	1128
			1000	1129
			1000	1130
			1001	1131
			1001	1132
			1001	1133
			1001	1134
			1001	1135
			1001	1136
			1001	1137
			1001	1138
			1002	1139
			1002	1140
			1002	1141
			1002	1142
			1002	1143
			1002	1144
			1002	1145
			1002	1146
			1003	1147
			1003	1148
			1003	1149
			1003	1150
			1003	1151
			1003	1152
			1003	1153
			1003	1154
			1003	1155
			1003	1156
			1003	1157
			1003	1158
			1003	1159
			1003	1160
			1003	1161
			1003	1162
			1003	1163
			1003	1164
			1003	1165
			1002	1165
			1002	1166
			1002	1167
			1001	1168
		</curveLM07>
		<curveLM08 type=matrix rownames=FALSE colnames=FALSE nrow=70 ncol=2 as.numeric=TRUE >
			1001	1168
			1001	1169
			1000	1169
			999	1169
			998	1169
			997	1169
			996	1168
			995	1167
			994	1167
			993	1166
			992	1166
			991	1165
			990	1164
			989	1163
			988	1163
			987	1162
			986	1161
			985	1160
			984	1159
			983	1158
			982	1157
			981	1156
			980	1155
			979	1154
			978	1154
			977	1153
			977	1152
			976	1151
			975	1151
			974	1150
			974	1149
			973	1148
			972	1148
			971	1147
			971	1146
			970	1145
			969	1144
			968	1144
			967	1143
			967	1142
			966	1141
			965	1140
			964	1139
			963	1138
			962	1137
			961	1136
			960	1135
			959	1134
			958	1133
			957	1132
			956	1131
			955	1130
			954	1129
			953	1128
			952	1127
			951	1126
			950	1126
			949	1125
			948	1124
			947	1123
			946	1122
			945	1122
			944	1121
			943	1120
			942	1120
			941	1119
			940	1119
			940	1118
			939	1117
			938	1117
		</curveLM08>
		<curveLM09 type=matrix rownames=FALSE colnames=FALSE nrow=91 ncol=2 as.numeric=TRUE >
			938	1117
			937	1118
			936	1119
			936	1120
			935	1121
			935	1122
			934	1123
			934	1124
			933	1125
			933	1126
			932	1127
			932	1128
			932	1129
			931	1130
			931	1131
			931	1132
			930	1133
			930	1134
			930	1135
			929	1136
			929	1137
			929	1138
			929	1139
			929	1140
			928	1141
			928	1142
			928	1143
			928	1144
			927	1145
			927	1146
			927	1147
			927	1148
			926	1149
			926	1150
			926	1151
			926	1152
			926	1153
			925	1154
			925	1155
			925	1156
			925	1157
			925	1158
			924	1159
			924	1160
			924	1161
			924	1162
			924	1163
			924	1164
			923	1165
			923	1166
			923	1167
			923	1168
			923	1169
			923	1170
			922	1171
			922	1172
			922	1173
			922	1174
			922	1175
			921	1176
			921	1177
			921	1178
			920	1179
			920	1180
			920	1181
			919	1182
			919	1183
			918	1184
			918	1185
			917	1186
			917	1187
			916	1188
			915	1189
			914	1190
			913	1191
			912	1192
			911	1193
			910	1193
			909	1194
			908	1194
			907	1195
			906	1195
			905	1195
			904	1195
			903	1195
			902	1195
			901	1195
			900	1195
			899	1195
			898	1195
			897	1195
		</curveLM09>
		<curveLM10 type=matrix rownames=FALSE colnames=FALSE nrow=89 ncol=2 as.numeric=TRUE >
			897	1195
			896	1195
			895	1195
			894	1195
			893	1195
			892	1194
			891	1194
			890	1193
			889	1193
			888	1192
			887	1191
			886	1191
			885	1190
			884	1189
			884	1188
			883	1187
			882	1186
			881	1185
			881	1184
			881	1183
			880	1182
			880	1181
			879	1181
			879	1180
			879	1179
			878	1178
			878	1177
			878	1176
			877	1175
			877	1174
			877	1173
			876	1172
			876	1171
			876	1170
			876	1169
			875	1168
			875	1167
			875	1166
			875	1165
			874	1164
			874	1163
			874	1162
			874	1161
			874	1160
			874	1159
			873	1158
			873	1157
			873	1156
			873	1155
			873	1154
			873	1153
			873	1152
			873	1151
			872	1150
			872	1149
			872	1148
			872	1147
			872	1146
			872	1145
			872	1144
			872	1143
			872	1142
			872	1141
			872	1140
			872	1139
			872	1138
			872	1137
			872	1136
			872	1135
			872	1134
			872	1133
			872	1132
			871	1132
			871	1131
			871	1130
			871	1129
			871	1128
			870	1127
			870	1126
			870	1125
			869	1125
			869	1124
			869	1123
			868	1123
			868	1122
			867	1121
			867	1120
			866	1119
			865	1119
		</curveLM10>
		<curveLM11 type=matrix rownames=FALSE colnames=FALSE nrow=78 ncol=2 as.numeric=TRUE >
			865	1119
			864	1119
			863	1119
			862	1119
			861	1119
			860	1119
			859	1119
			858	1120
			857	1120
			856	1121
			855	1122
			854	1122
			853	1123
			852	1124
			851	1125
			850	1126
			849	1127
			848	1128
			847	1129
			847	1130
			846	1131
			845	1132
			844	1133
			844	1134
			843	1135
			843	1136
			842	1136
			842	1137
			841	1138
			841	1139
			840	1140
			839	1141
			838	1142
			837	1143
			836	1144
			835	1145
			834	1146
			833	1147
			832	1148
			831	1149
			830	1150
			829	1151
			828	1152
			827	1153
			826	1154
			825	1154
			824	1155
			823	1156
			823	1157
			822	1158
			821	1158
			820	1159
			819	1160
			818	1161
			817	1162
			816	1163
			815	1163
			814	1164
			814	1165
			813	1166
			812	1166
			811	1167
			810	1167
			810	1168
			809	1168
			808	1169
			807	1170
			806	1171
			805	1172
			804	1172
			803	1172
			803	1173
			802	1173
			801	1173
			800	1174
			799	1174
			798	1174
			797	1173
		</curveLM11>
		<curveLM12 type=matrix rownames=FALSE colnames=FALSE nrow=385 ncol=2 as.numeric=TRUE >
			797	1173
			796	1172
			795	1171
			795	1170
			795	1169
			795	1168
			795	1167
			795	1166
			795	1165
			795	1164
			795	1163
			795	1162
			795	1161
			795	1160
			795	1159
			795	1158
			795	1157
			795	1156
			796	1156
			796	1155
			796	1154
			796	1153
			796	1152
			796	1151
			796	1150
			797	1149
			797	1148
			797	1147
			797	1146
			797	1145
			797	1144
			798	1143
			798	1142
			798	1141
			798	1140
			798	1139
			799	1138
			799	1137
			799	1136
			799	1135
			799	1134
			799	1133
			800	1132
			800	1131
			800	1130
			800	1129
			800	1128
			801	1127
			801	1126
			801	1125
			801	1124
			802	1123
			802	1122
			802	1121
			802	1120
			803	1119
			803	1118
			803	1117
			803	1116
			803	1115
			804	1114
			804	1113
			804	1112
			804	1111
			805	1110
			805	1109
			805	1108
			805	1107
			805	1106
			806	1105
			806	1104
			806	1103
			807	1102
			807	1101
			807	1100
			807	1099
			808	1098
			808	1097
			808	1096
			808	1095
			808	1094
			809	1094
			809	1093
			809	1092
			809	1091
			809	1090
			810	1089
			810	1088
			810	1087
			811	1086
			811	1085
			811	1084
			811	1083
			811	1082
			812	1082
			812	1081
			812	1080
			812	1079
			812	1078
			813	1077
			813	1076
			813	1075
			813	1074
			813	1073
			814	1072
			814	1071
			814	1070
			814	1069
			815	1068
			815	1067
			815	1066
			815	1065
			816	1064
			816	1063
			816	1062
			816	1061
			817	1060
			817	1059
			817	1058
			817	1057
			818	1056
			818	1055
			818	1054
			818	1053
			818	1052
			819	1051
			819	1050
			819	1049
			819	1048
			820	1048
			820	1047
			820	1046
			820	1045
			820	1044
			821	1044
			821	1043
			821	1042
			821	1041
			821	1040
			822	1039
			822	1038
			822	1037
			822	1036
			823	1035
			823	1034
			823	1033
			823	1032
			824	1031
			824	1030
			824	1029
			824	1028
			824	1027
			825	1027
			825	1026
			825	1025
			825	1024
			826	1023
			826	1022
			826	1021
			826	1020
			827	1019
			827	1018
			827	1017
			827	1016
			828	1015
			828	1014
			828	1013
			828	1012
			828	1011
			829	1010
			829	1009
			829	1008
			829	1007
			830	1006
			830	1005
			830	1004
			830	1003
			831	1002
			831	1001
			831	1000
			832	999
			832	998
			832	997
			832	996
			833	995
			833	994
			833	993
			833	992
			833	991
			834	991
			834	990
			834	989
			834	988
			835	987
			835	986
			835	985
			835	984
			836	983
			836	982
			836	981
			836	980
			836	979
			837	978
			837	977
			837	976
			837	975
			838	974
			838	973
			838	972
			838	971
			839	970
			839	969
			839	968
			839	967
			840	966
			840	965
			840	964
			840	963
			841	962
			841	961
			841	960
			842	959
			842	958
			842	957
			842	956
			843	955
			843	954
			843	953
			843	952
			844	951
			844	950
			844	949
			844	948
			845	947
			845	946
			845	945
			845	944
			846	943
			846	942
			846	941
			846	940
			847	939
			847	938
			847	937
			847	936
			848	935
			848	934
			848	933
			848	932
			849	931
			849	930
			849	929
			849	928
			850	927
			850	926
			850	925
			850	924
			851	923
			851	922
			851	921
			852	920
			852	919
			852	918
			852	917
			852	916
			853	915
			853	914
			853	913
			854	912
			854	911
			854	910
			855	909
			855	908
			856	907
			856	906
			856	905
			857	904
			857	903
			857	902
			858	901
			858	900
			858	899
			859	898
			859	897
			859	896
			860	895
			860	894
			860	893
			861	892
			861	891
			861	890
			862	889
			862	888
			863	887
			863	886
			863	885
			864	884
			864	883
			864	882
			865	881
			865	880
			866	879
			866	878
			866	877
			866	876
			867	875
			867	874
			868	873
			868	872
			869	871
			869	870
			869	869
			870	868
			870	867
			870	866
			871	865
			871	864
			871	863
			872	862
			872	861
			873	860
			873	859
			873	858
			874	857
			874	856
			874	855
			875	854
			875	853
			876	852
			876	851
			876	850
			877	849
			877	848
			878	847
			878	846
			878	845
			879	844
			879	843
			880	842
			880	841
			880	840
			881	839
			881	838
			881	837
			882	836
			882	835
			883	834
			883	833
			884	832
			884	831
			884	830
			885	829
			885	828
			885	827
			886	826
			886	825
			887	824
			887	823
			888	822
			888	821
			889	820
			889	819
			889	818
			890	817
			890	816
			891	815
			891	814
			892	813
			892	812
			893	811
			893	810
			894	809
			894	808
			895	807
			895	806
			896	806
			896	805
			896	804
			897	804
			897	803
			898	803
			898	802
			899	801
			900	800
			901	800
		</curveLM12>
	</curves.pixel>
	<curves.scaled type=list>
		<curveLM07 type=matrix rownames=FALSE colnames=FALSE nrow=383 ncol=2 as.numeric=TRUE >
			7.67221250433334	-6.81217536455791
			7.67221250433334	-6.8206905837636
			7.68072772353904	-6.8292058029693
			7.68924294274474	-6.837721022175
			7.68924294274474	-6.8462362413807
			7.69775816195043	-6.85475146058639
			7.69775816195043	-6.86326667979209
			7.70627338115613	-6.87178189899779
			7.70627338115613	-6.88029711820348
			7.71478860036183	-6.88029711820348
			7.71478860036183	-6.88881233740918
			7.71478860036183	-6.89732755661488
			7.72330381956753	-6.90584277582058
			7.72330381956753	-6.91435799502627
			7.73181903877322	-6.91435799502627
			7.73181903877322	-6.92287321423197
			7.73181903877322	-6.93138843343767
			7.74033425797892	-6.93990365264337
			7.74033425797892	-6.94841887184906
			7.74884947718462	-6.95693409105476
			7.74884947718462	-6.96544931026046
			7.75736469639032	-6.97396452946616
			7.75736469639032	-6.98247974867185
			7.75736469639032	-6.99099496787755
			7.76587991559601	-6.99951018708325
			7.76587991559601	-7.00802540628895
			7.77439513480171	-7.01654062549464
			7.77439513480171	-7.02505584470034
			7.78291035400741	-7.03357106390604
			7.78291035400741	-7.04208628311174
			7.7914255732131	-7.05060150231743
			7.7914255732131	-7.05911672152313
			7.7914255732131	-7.06763194072883
			7.7999407924188	-7.07614715993452
			7.7999407924188	-7.08466237914022
			7.8084560116245	-7.09317759834592
			7.8084560116245	-7.10169281755162
			7.8084560116245	-7.11020803675731
			7.8169712308302	-7.11872325596301
			7.8169712308302	-7.12723847516871
			7.82548645003589	-7.13575369437441
			7.82548645003589	-7.1442689135801
			7.82548645003589	-7.1527841327858
			7.83400166924159	-7.1527841327858
			7.83400166924159	-7.1612993519915
			7.83400166924159	-7.1698145711972
			7.84251688844729	-7.17832979040289
			7.84251688844729	-7.18684500960859
			7.84251688844729	-7.19536022881429
			7.85103210765299	-7.20387544801998
			7.85103210765299	-7.21239066722568
			7.85954732685868	-7.22090588643138
			7.85954732685868	-7.22942110563708
			7.86806254606438	-7.23793632484277
			7.86806254606438	-7.24645154404847
			7.86806254606438	-7.25496676325417
			7.86806254606438	-7.26348198245987
			7.87657776527008	-7.26348198245987
			7.87657776527008	-7.27199720166556
			7.87657776527008	-7.28051242087126
			7.88509298447578	-7.28051242087126
			7.88509298447578	-7.28902764007696
			7.88509298447578	-7.29754285928266
			7.89360820368147	-7.30605807848835
			7.89360820368147	-7.31457329769405
			7.89360820368147	-7.32308851689975
			7.90212342288717	-7.33160373610545
			7.90212342288717	-7.34011895531114
			7.91063864209287	-7.34863417451684
			7.91063864209287	-7.35714939372254
			7.91063864209287	-7.36566461292824
			7.91915386129857	-7.37417983213393
			7.91915386129857	-7.38269505133963
			7.92766908050426	-7.39121027054533
			7.92766908050426	-7.39972548975102
			7.92766908050426	-7.40824070895672
			7.93618429970996	-7.41675592816242
			7.93618429970996	-7.42527114736812
			7.93618429970996	-7.43378636657381
			7.94469951891566	-7.44230158577951
			7.94469951891566	-7.45081680498521
			7.95321473812136	-7.45933202419091
			7.95321473812136	-7.4678472433966
			7.95321473812136	-7.4763624626023
			7.96172995732705	-7.484877681808
			7.96172995732705	-7.4933929010137
			7.97024517653275	-7.50190812021939
			7.97024517653275	-7.51042333942509
			7.97024517653275	-7.51893855863079
			7.97876039573845	-7.52745377783649
			7.97876039573845	-7.53596899704218
			7.97876039573845	-7.54448421624788
			7.98727561494414	-7.55299943545358
			7.98727561494414	-7.56151465465928
			7.98727561494414	-7.57002987386497
			7.99579083414984	-7.57854509307067
			7.99579083414984	-7.58706031227637
			7.99579083414984	-7.59557553148206
			8.00430605335554	-7.60409075068776
			8.00430605335554	-7.61260596989346
			8.01282127256124	-7.62112118909916
			8.01282127256124	-7.62963640830485
			8.01282127256124	-7.63815162751055
			8.02133649176693	-7.64666684671625
			8.02133649176693	-7.65518206592195
			8.02133649176693	-7.66369728512764
			8.02985171097263	-7.67221250433334
			8.02985171097263	-7.68072772353904
			8.02985171097263	-7.68924294274474
			8.03836693017833	-7.69775816195043
			8.03836693017833	-7.70627338115613
			8.04688214938403	-7.71478860036183
			8.04688214938403	-7.72330381956753
			8.04688214938403	-7.73181903877322
			8.05539736858972	-7.74033425797892
			8.05539736858972	-7.74884947718462
			8.05539736858972	-7.75736469639032
			8.06391258779542	-7.76587991559601
			8.06391258779542	-7.77439513480171
			8.06391258779542	-7.78291035400741
			8.07242780700112	-7.7914255732131
			8.07242780700112	-7.7999407924188
			8.08094302620682	-7.8084560116245
			8.08094302620682	-7.8169712308302
			8.08094302620682	-7.82548645003589
			8.08094302620682	-7.83400166924159
			8.08945824541251	-7.83400166924159
			8.08945824541251	-7.84251688844729
			8.08945824541251	-7.85103210765299
			8.09797346461821	-7.85954732685868
			8.09797346461821	-7.86806254606438
			8.09797346461821	-7.87657776527008
			8.10648868382391	-7.88509298447578
			8.10648868382391	-7.89360820368147
			8.10648868382391	-7.90212342288717
			8.10648868382391	-7.91063864209287
			8.10648868382391	-7.91915386129857
			8.1150039030296	-7.92766908050426
			8.1150039030296	-7.93618429970996
			8.1150039030296	-7.94469951891566
			8.1150039030296	-7.95321473812136
			8.1235191222353	-7.95321473812136
			8.1235191222353	-7.96172995732705
			8.1235191222353	-7.97024517653275
			8.1235191222353	-7.97876039573845
			8.1235191222353	-7.98727561494414
			8.132034341441	-7.99579083414984
			8.132034341441	-8.00430605335554
			8.132034341441	-8.01282127256124
			8.132034341441	-8.02133649176693
			8.132034341441	-8.02985171097263
			8.1405495606467	-8.02985171097263
			8.1405495606467	-8.03836693017833
			8.1405495606467	-8.04688214938403
			8.1405495606467	-8.05539736858972
			8.1490647798524	-8.06391258779542
			8.1490647798524	-8.07242780700112
			8.1490647798524	-8.08094302620682
			8.1490647798524	-8.08945824541251
			8.15757999905809	-8.09797346461821
			8.15757999905809	-8.10648868382391
			8.15757999905809	-8.1150039030296
			8.15757999905809	-8.1235191222353
			8.16609521826379	-8.132034341441
			8.16609521826379	-8.1405495606467
			8.16609521826379	-8.1490647798524
			8.16609521826379	-8.15757999905809
			8.17461043746949	-8.16609521826379
			8.17461043746949	-8.17461043746949
			8.17461043746949	-8.18312565667518
			8.17461043746949	-8.19164087588088
			8.18312565667518	-8.20015609508658
			8.18312565667518	-8.20867131429228
			8.18312565667518	-8.21718653349797
			8.18312565667518	-8.22570175270367
			8.19164087588088	-8.23421697190937
			8.19164087588088	-8.24273219111507
			8.19164087588088	-8.25124741032076
			8.19164087588088	-8.25976262952646
			8.20015609508658	-8.26827784873216
			8.20015609508658	-8.27679306793786
			8.20015609508658	-8.28530828714355
			8.20015609508658	-8.29382350634925
			8.20015609508658	-8.30233872555495
			8.20867131429228	-8.31085394476064
			8.20867131429228	-8.31936916396634
			8.20867131429228	-8.32788438317204
			8.20867131429228	-8.33639960237774
			8.21718653349797	-8.34491482158343
			8.21718653349797	-8.35343004078913
			8.21718653349797	-8.36194525999483
			8.21718653349797	-8.37046047920053
			8.22570175270367	-8.37046047920053
			8.22570175270367	-8.37897569840622
			8.22570175270367	-8.38749091761192
			8.22570175270367	-8.39600613681762
			8.22570175270367	-8.40452135602332
			8.23421697190937	-8.41303657522901
			8.23421697190937	-8.42155179443471
			8.23421697190937	-8.43006701364041
			8.23421697190937	-8.43858223284611
			8.24273219111507	-8.4470974520518
			8.24273219111507	-8.4556126712575
			8.24273219111507	-8.4641278904632
			8.25124741032076	-8.4726431096689
			8.25124741032076	-8.48115832887459
			8.25124741032076	-8.48967354808029
			8.25124741032076	-8.49818876728599
			8.25124741032076	-8.50670398649168
			8.25976262952646	-8.51521920569738
			8.25976262952646	-8.52373442490308
			8.25976262952646	-8.53224964410878
			8.25976262952646	-8.54076486331447
			8.26827784873216	-8.54076486331447
			8.26827784873216	-8.54928008252017
			8.26827784873216	-8.55779530172587
			8.26827784873216	-8.56631052093157
			8.26827784873216	-8.57482574013726
			8.27679306793786	-8.58334095934296
			8.27679306793786	-8.59185617854866
			8.27679306793786	-8.60037139775436
			8.27679306793786	-8.60888661696005
			8.28530828714355	-8.61740183616575
			8.28530828714355	-8.62591705537145
			8.28530828714355	-8.63443227457715
			8.28530828714355	-8.64294749378284
			8.29382350634925	-8.65146271298854
			8.29382350634925	-8.65997793219424
			8.29382350634925	-8.66849315139993
			8.29382350634925	-8.67700837060563
			8.30233872555495	-8.68552358981133
			8.30233872555495	-8.69403880901703
			8.30233872555495	-8.70255402822272
			8.30233872555495	-8.71106924742842
			8.31085394476064	-8.71958446663412
			8.31085394476064	-8.72809968583982
			8.31085394476064	-8.73661490504551
			8.31085394476064	-8.74513012425121
			8.31936916396634	-8.74513012425121
			8.31936916396634	-8.75364534345691
			8.31936916396634	-8.76216056266261
			8.31936916396634	-8.7706757818683
			8.32788438317204	-8.779191001074
			8.32788438317204	-8.7877062202797
			8.32788438317204	-8.79622143948539
			8.32788438317204	-8.80473665869109
			8.32788438317204	-8.81325187789679
			8.33639960237774	-8.81325187789679
			8.33639960237774	-8.82176709710249
			8.33639960237774	-8.83028231630819
			8.33639960237774	-8.83879753551388
			8.34491482158343	-8.84731275471958
			8.34491482158343	-8.85582797392528
			8.34491482158343	-8.86434319313097
			8.34491482158343	-8.87285841233667
			8.35343004078913	-8.88137363154237
			8.35343004078913	-8.88988885074807
			8.35343004078913	-8.89840406995376
			8.35343004078913	-8.90691928915946
			8.36194525999483	-8.91543450836516
			8.36194525999483	-8.92394972757086
			8.36194525999483	-8.93246494677655
			8.36194525999483	-8.94098016598225
			8.37046047920053	-8.94949538518795
			8.37046047920053	-8.95801060439365
			8.37046047920053	-8.96652582359934
			8.37897569840622	-8.97504104280504
			8.37897569840622	-8.98355626201074
			8.37897569840622	-8.99207148121643
			8.37897569840622	-9.00058670042213
			8.38749091761192	-9.00910191962783
			8.38749091761192	-9.01761713883353
			8.38749091761192	-9.02613235803923
			8.39600613681762	-9.03464757724492
			8.39600613681762	-9.04316279645062
			8.39600613681762	-9.05167801565632
			8.39600613681762	-9.06019323486201
			8.40452135602332	-9.06870845406771
			8.40452135602332	-9.07722367327341
			8.40452135602332	-9.08573889247911
			8.40452135602332	-9.0942541116848
			8.41303657522901	-9.1027693308905
			8.41303657522901	-9.1112845500962
			8.41303657522901	-9.1197997693019
			8.41303657522901	-9.12831498850759
			8.42155179443471	-9.13683020771329
			8.42155179443471	-9.14534542691899
			8.42155179443471	-9.15386064612469
			8.43006701364041	-9.16237586533038
			8.43006701364041	-9.17089108453608
			8.43006701364041	-9.17940630374178
			8.43858223284611	-9.18792152294747
			8.43858223284611	-9.19643674215317
			8.43858223284611	-9.20495196135887
			8.43858223284611	-9.21346718056457
			8.4470974520518	-9.22198239977027
			8.4470974520518	-9.23049761897596
			8.4470974520518	-9.23901283818166
			8.4470974520518	-9.24752805738736
			8.4556126712575	-9.25604327659305
			8.4556126712575	-9.26455849579875
			8.4556126712575	-9.27307371500445
			8.4556126712575	-9.28158893421015
			8.4556126712575	-9.29010415341584
			8.4641278904632	-9.29861937262154
			8.4641278904632	-9.30713459182724
			8.4641278904632	-9.31564981103294
			8.4641278904632	-9.32416503023863
			8.4641278904632	-9.33268024944433
			8.4726431096689	-9.34119546865003
			8.4726431096689	-9.34971068785573
			8.4726431096689	-9.35822590706142
			8.4726431096689	-9.36674112626712
			8.4726431096689	-9.37525634547282
			8.48115832887459	-9.38377156467851
			8.48115832887459	-9.39228678388421
			8.48115832887459	-9.40080200308991
			8.48115832887459	-9.40931722229561
			8.48115832887459	-9.4178324415013
			8.48967354808029	-9.426347660707
			8.48967354808029	-9.4348628799127
			8.48967354808029	-9.4433780991184
			8.48967354808029	-9.45189331832409
			8.48967354808029	-9.46040853752979
			8.48967354808029	-9.46892375673549
			8.49818876728599	-9.47743897594119
			8.49818876728599	-9.48595419514688
			8.49818876728599	-9.49446941435258
			8.49818876728599	-9.50298463355828
			8.49818876728599	-9.51149985276398
			8.49818876728599	-9.52001507196967
			8.50670398649168	-9.52853029117537
			8.50670398649168	-9.53704551038107
			8.50670398649168	-9.54556072958676
			8.50670398649168	-9.55407594879246
			8.50670398649168	-9.56259116799816
			8.50670398649168	-9.57110638720386
			8.51521920569738	-9.57110638720386
			8.51521920569738	-9.57962160640955
			8.51521920569738	-9.58813682561525
			8.51521920569738	-9.59665204482095
			8.51521920569738	-9.60516726402665
			8.51521920569738	-9.61368248323234
			8.51521920569738	-9.62219770243804
			8.52373442490308	-9.63071292164374
			8.52373442490308	-9.63922814084944
			8.52373442490308	-9.64774336005513
			8.52373442490308	-9.65625857926083
			8.52373442490308	-9.66477379846653
			8.52373442490308	-9.67328901767223
			8.52373442490308	-9.68180423687792
			8.52373442490308	-9.69031945608362
			8.53224964410878	-9.69883467528932
			8.53224964410878	-9.70734989449502
			8.53224964410878	-9.71586511370071
			8.53224964410878	-9.72438033290641
			8.53224964410878	-9.73289555211211
			8.53224964410878	-9.7414107713178
			8.53224964410878	-9.7499259905235
			8.53224964410878	-9.7584412097292
			8.54076486331447	-9.7669564289349
			8.54076486331447	-9.77547164814059
			8.54076486331447	-9.78398686734629
			8.54076486331447	-9.79250208655199
			8.54076486331447	-9.80101730575769
			8.54076486331447	-9.80953252496338
			8.54076486331447	-9.81804774416908
			8.54076486331447	-9.82656296337478
			8.54076486331447	-9.83507818258048
			8.54076486331447	-9.84359340178617
			8.54076486331447	-9.85210862099187
			8.54076486331447	-9.86062384019757
			8.54076486331447	-9.86913905940327
			8.54076486331447	-9.87765427860896
			8.54076486331447	-9.88616949781466
			8.54076486331447	-9.89468471702036
			8.54076486331447	-9.90319993622606
			8.54076486331447	-9.91171515543175
			8.54076486331447	-9.92023037463745
			8.53224964410878	-9.92023037463745
			8.53224964410878	-9.92874559384315
			8.53224964410878	-9.93726081304884
			8.52373442490308	-9.94577603225454
		</curveLM07>
		<curveLM08 type=matrix rownames=FALSE colnames=FALSE nrow=70 ncol=2 as.numeric=TRUE >
			8.52373442490308	-9.94577603225454
			8.52373442490308	-9.95429125146024
			8.51521920569738	-9.95429125146024
			8.50670398649168	-9.95429125146024
			8.49818876728599	-9.95429125146024
			8.48967354808029	-9.95429125146024
			8.48115832887459	-9.94577603225454
			8.4726431096689	-9.93726081304884
			8.4641278904632	-9.93726081304884
			8.4556126712575	-9.92874559384315
			8.4470974520518	-9.92874559384315
			8.43858223284611	-9.92023037463745
			8.43006701364041	-9.91171515543175
			8.42155179443471	-9.90319993622606
			8.41303657522901	-9.90319993622606
			8.40452135602332	-9.89468471702036
			8.39600613681762	-9.88616949781466
			8.38749091761192	-9.87765427860896
			8.37897569840622	-9.86913905940327
			8.37046047920053	-9.86062384019757
			8.36194525999483	-9.85210862099187
			8.35343004078913	-9.84359340178617
			8.34491482158343	-9.83507818258048
			8.33639960237774	-9.82656296337478
			8.32788438317204	-9.82656296337478
			8.31936916396634	-9.81804774416908
			8.31936916396634	-9.80953252496338
			8.31085394476064	-9.80101730575769
			8.30233872555495	-9.80101730575769
			8.29382350634925	-9.79250208655199
			8.29382350634925	-9.78398686734629
			8.28530828714355	-9.77547164814059
			8.27679306793786	-9.77547164814059
			8.26827784873216	-9.7669564289349
			8.26827784873216	-9.7584412097292
			8.25976262952646	-9.7499259905235
			8.25124741032076	-9.7414107713178
			8.24273219111507	-9.7414107713178
			8.23421697190937	-9.73289555211211
			8.23421697190937	-9.72438033290641
			8.22570175270367	-9.71586511370071
			8.21718653349797	-9.70734989449502
			8.20867131429228	-9.69883467528932
			8.20015609508658	-9.69031945608362
			8.19164087588088	-9.68180423687792
			8.18312565667518	-9.67328901767223
			8.17461043746949	-9.66477379846653
			8.16609521826379	-9.65625857926083
			8.15757999905809	-9.64774336005513
			8.1490647798524	-9.63922814084944
			8.1405495606467	-9.63071292164374
			8.132034341441	-9.62219770243804
			8.1235191222353	-9.61368248323234
			8.1150039030296	-9.60516726402665
			8.10648868382391	-9.59665204482095
			8.09797346461821	-9.58813682561525
			8.08945824541251	-9.58813682561525
			8.08094302620682	-9.57962160640955
			8.07242780700112	-9.57110638720386
			8.06391258779542	-9.56259116799816
			8.05539736858972	-9.55407594879246
			8.04688214938403	-9.55407594879246
			8.03836693017833	-9.54556072958676
			8.02985171097263	-9.53704551038107
			8.02133649176693	-9.53704551038107
			8.01282127256124	-9.52853029117537
			8.00430605335554	-9.52853029117537
			8.00430605335554	-9.52001507196967
			7.99579083414984	-9.51149985276398
			7.98727561494414	-9.51149985276398
		</curveLM08>
		<curveLM09 type=matrix rownames=FALSE colnames=FALSE nrow=91 ncol=2 as.numeric=TRUE >
			7.98727561494414	-9.51149985276398
			7.97876039573845	-9.52001507196967
			7.97024517653275	-9.52853029117537
			7.97024517653275	-9.53704551038107
			7.96172995732705	-9.54556072958676
			7.96172995732705	-9.55407594879246
			7.95321473812136	-9.56259116799816
			7.95321473812136	-9.57110638720386
			7.94469951891566	-9.57962160640955
			7.94469951891566	-9.58813682561525
			7.93618429970996	-9.59665204482095
			7.93618429970996	-9.60516726402665
			7.93618429970996	-9.61368248323234
			7.92766908050426	-9.62219770243804
			7.92766908050426	-9.63071292164374
			7.92766908050426	-9.63922814084944
			7.91915386129857	-9.64774336005513
			7.91915386129857	-9.65625857926083
			7.91915386129857	-9.66477379846653
			7.91063864209287	-9.67328901767223
			7.91063864209287	-9.68180423687792
			7.91063864209287	-9.69031945608362
			7.91063864209287	-9.69883467528932
			7.91063864209287	-9.70734989449502
			7.90212342288717	-9.71586511370071
			7.90212342288717	-9.72438033290641
			7.90212342288717	-9.73289555211211
			7.90212342288717	-9.7414107713178
			7.89360820368147	-9.7499259905235
			7.89360820368147	-9.7584412097292
			7.89360820368147	-9.7669564289349
			7.89360820368147	-9.77547164814059
			7.88509298447578	-9.78398686734629
			7.88509298447578	-9.79250208655199
			7.88509298447578	-9.80101730575769
			7.88509298447578	-9.80953252496338
			7.88509298447578	-9.81804774416908
			7.87657776527008	-9.82656296337478
			7.87657776527008	-9.83507818258048
			7.87657776527008	-9.84359340178617
			7.87657776527008	-9.85210862099187
			7.87657776527008	-9.86062384019757
			7.86806254606438	-9.86913905940327
			7.86806254606438	-9.87765427860896
			7.86806254606438	-9.88616949781466
			7.86806254606438	-9.89468471702036
			7.86806254606438	-9.90319993622606
			7.86806254606438	-9.91171515543175
			7.85954732685868	-9.92023037463745
			7.85954732685868	-9.92874559384315
			7.85954732685868	-9.93726081304884
			7.85954732685868	-9.94577603225454
			7.85954732685868	-9.95429125146024
			7.85954732685868	-9.96280647066594
			7.85103210765299	-9.97132168987164
			7.85103210765299	-9.97983690907733
			7.85103210765299	-9.98835212828303
			7.85103210765299	-9.99686734748873
			7.85103210765299	-10.0053825666944
			7.84251688844729	-10.0138977859001
			7.84251688844729	-10.0224130051058
			7.84251688844729	-10.0309282243115
			7.83400166924159	-10.0394434435172
			7.83400166924159	-10.0479586627229
			7.83400166924159	-10.0564738819286
			7.82548645003589	-10.0649891011343
			7.82548645003589	-10.07350432034
			7.8169712308302	-10.0820195395457
			7.8169712308302	-10.0905347587514
			7.8084560116245	-10.0990499779571
			7.8084560116245	-10.1075651971628
			7.7999407924188	-10.1160804163685
			7.7914255732131	-10.1245956355742
			7.78291035400741	-10.1331108547799
			7.77439513480171	-10.1416260739856
			7.76587991559601	-10.1501412931913
			7.75736469639032	-10.158656512397
			7.74884947718462	-10.158656512397
			7.74033425797892	-10.1671717316027
			7.73181903877322	-10.1671717316027
			7.72330381956753	-10.1756869508084
			7.71478860036183	-10.1756869508084
			7.70627338115613	-10.1756869508084
			7.69775816195043	-10.1756869508084
			7.68924294274474	-10.1756869508084
			7.68072772353904	-10.1756869508084
			7.67221250433334	-10.1756869508084
			7.66369728512764	-10.1756869508084
			7.65518206592195	-10.1756869508084
			7.64666684671625	-10.1756869508084
			7.63815162751055	-10.1756869508084
		</curveLM09>
		<curveLM10 type=matrix rownames=FALSE colnames=FALSE nrow=89 ncol=2 as.numeric=TRUE >
			7.63815162751055	-10.1756869508084
			7.62963640830485	-10.1756869508084
			7.62112118909916	-10.1756869508084
			7.61260596989346	-10.1756869508084
			7.60409075068776	-10.1756869508084
			7.59557553148206	-10.1671717316027
			7.58706031227637	-10.1671717316027
			7.57854509307067	-10.158656512397
			7.57002987386497	-10.158656512397
			7.56151465465928	-10.1501412931913
			7.55299943545358	-10.1416260739856
			7.54448421624788	-10.1416260739856
			7.53596899704218	-10.1331108547799
			7.52745377783649	-10.1245956355742
			7.52745377783649	-10.1160804163685
			7.51893855863079	-10.1075651971628
			7.51042333942509	-10.0990499779571
			7.50190812021939	-10.0905347587514
			7.50190812021939	-10.0820195395457
			7.50190812021939	-10.07350432034
			7.4933929010137	-10.0649891011343
			7.4933929010137	-10.0564738819286
			7.484877681808	-10.0564738819286
			7.484877681808	-10.0479586627229
			7.484877681808	-10.0394434435172
			7.4763624626023	-10.0309282243115
			7.4763624626023	-10.0224130051058
			7.4763624626023	-10.0138977859001
			7.4678472433966	-10.0053825666944
			7.4678472433966	-9.99686734748873
			7.4678472433966	-9.98835212828303
			7.45933202419091	-9.97983690907733
			7.45933202419091	-9.97132168987164
			7.45933202419091	-9.96280647066594
			7.45933202419091	-9.95429125146024
			7.45081680498521	-9.94577603225454
			7.45081680498521	-9.93726081304884
			7.45081680498521	-9.92874559384315
			7.45081680498521	-9.92023037463745
			7.44230158577951	-9.91171515543175
			7.44230158577951	-9.90319993622606
			7.44230158577951	-9.89468471702036
			7.44230158577951	-9.88616949781466
			7.44230158577951	-9.87765427860896
			7.44230158577951	-9.86913905940327
			7.43378636657381	-9.86062384019757
			7.43378636657381	-9.85210862099187
			7.43378636657381	-9.84359340178617
			7.43378636657381	-9.83507818258048
			7.43378636657381	-9.82656296337478
			7.43378636657381	-9.81804774416908
			7.43378636657381	-9.80953252496338
			7.43378636657381	-9.80101730575769
			7.42527114736812	-9.79250208655199
			7.42527114736812	-9.78398686734629
			7.42527114736812	-9.77547164814059
			7.42527114736812	-9.7669564289349
			7.42527114736812	-9.7584412097292
			7.42527114736812	-9.7499259905235
			7.42527114736812	-9.7414107713178
			7.42527114736812	-9.73289555211211
			7.42527114736812	-9.72438033290641
			7.42527114736812	-9.71586511370071
			7.42527114736812	-9.70734989449502
			7.42527114736812	-9.69883467528932
			7.42527114736812	-9.69031945608362
			7.42527114736812	-9.68180423687792
			7.42527114736812	-9.67328901767223
			7.42527114736812	-9.66477379846653
			7.42527114736812	-9.65625857926083
			7.42527114736812	-9.64774336005513
			7.42527114736812	-9.63922814084944
			7.41675592816242	-9.63922814084944
			7.41675592816242	-9.63071292164374
			7.41675592816242	-9.62219770243804
			7.41675592816242	-9.61368248323234
			7.41675592816242	-9.60516726402665
			7.40824070895672	-9.59665204482095
			7.40824070895672	-9.58813682561525
			7.40824070895672	-9.57962160640955
			7.39972548975102	-9.57962160640955
			7.39972548975102	-9.57110638720386
			7.39972548975102	-9.56259116799816
			7.39121027054533	-9.56259116799816
			7.39121027054533	-9.55407594879246
			7.38269505133963	-9.54556072958676
			7.38269505133963	-9.53704551038107
			7.37417983213393	-9.52853029117537
			7.36566461292824	-9.52853029117537
		</curveLM10>
		<curveLM11 type=matrix rownames=FALSE colnames=FALSE nrow=78 ncol=2 as.numeric=TRUE >
			7.36566461292824	-9.52853029117537
			7.35714939372254	-9.52853029117537
			7.34863417451684	-9.52853029117537
			7.34011895531114	-9.52853029117537
			7.33160373610545	-9.52853029117537
			7.32308851689975	-9.52853029117537
			7.31457329769405	-9.52853029117537
			7.30605807848835	-9.53704551038107
			7.29754285928266	-9.53704551038107
			7.28902764007696	-9.54556072958676
			7.28051242087126	-9.55407594879246
			7.27199720166556	-9.55407594879246
			7.26348198245987	-9.56259116799816
			7.25496676325417	-9.57110638720386
			7.24645154404847	-9.57962160640955
			7.23793632484277	-9.58813682561525
			7.22942110563708	-9.59665204482095
			7.22090588643138	-9.60516726402665
			7.21239066722568	-9.61368248323234
			7.21239066722568	-9.62219770243804
			7.20387544801998	-9.63071292164374
			7.19536022881429	-9.63922814084944
			7.18684500960859	-9.64774336005513
			7.18684500960859	-9.65625857926083
			7.17832979040289	-9.66477379846653
			7.17832979040289	-9.67328901767223
			7.1698145711972	-9.67328901767223
			7.1698145711972	-9.68180423687792
			7.1612993519915	-9.69031945608362
			7.1612993519915	-9.69883467528932
			7.1527841327858	-9.70734989449502
			7.1442689135801	-9.71586511370071
			7.13575369437441	-9.72438033290641
			7.12723847516871	-9.73289555211211
			7.11872325596301	-9.7414107713178
			7.11020803675731	-9.7499259905235
			7.10169281755162	-9.7584412097292
			7.09317759834592	-9.7669564289349
			7.08466237914022	-9.77547164814059
			7.07614715993452	-9.78398686734629
			7.06763194072883	-9.79250208655199
			7.05911672152313	-9.80101730575769
			7.05060150231743	-9.80953252496338
			7.04208628311174	-9.81804774416908
			7.03357106390604	-9.82656296337478
			7.02505584470034	-9.82656296337478
			7.01654062549464	-9.83507818258048
			7.00802540628895	-9.84359340178617
			7.00802540628895	-9.85210862099187
			6.99951018708325	-9.86062384019757
			6.99099496787755	-9.86062384019757
			6.98247974867185	-9.86913905940327
			6.97396452946616	-9.87765427860896
			6.96544931026046	-9.88616949781466
			6.95693409105476	-9.89468471702036
			6.94841887184906	-9.90319993622606
			6.93990365264337	-9.90319993622606
			6.93138843343767	-9.91171515543175
			6.93138843343767	-9.92023037463745
			6.92287321423197	-9.92874559384315
			6.91435799502627	-9.92874559384315
			6.90584277582058	-9.93726081304884
			6.89732755661488	-9.93726081304884
			6.89732755661488	-9.94577603225454
			6.88881233740918	-9.94577603225454
			6.88029711820348	-9.95429125146024
			6.87178189899779	-9.96280647066594
			6.86326667979209	-9.97132168987164
			6.85475146058639	-9.97983690907733
			6.8462362413807	-9.97983690907733
			6.837721022175	-9.97983690907733
			6.837721022175	-9.98835212828303
			6.8292058029693	-9.98835212828303
			6.8206905837636	-9.98835212828303
			6.81217536455791	-9.99686734748873
			6.80366014535221	-9.99686734748873
			6.79514492614651	-9.99686734748873
			6.78662970694081	-9.98835212828303
		</curveLM11>
		<curveLM12 type=matrix rownames=FALSE colnames=FALSE nrow=385 ncol=2 as.numeric=TRUE >
			6.78662970694081	-9.98835212828303
			6.77811448773512	-9.97983690907733
			6.76959926852942	-9.97132168987164
			6.76959926852942	-9.96280647066594
			6.76959926852942	-9.95429125146024
			6.76959926852942	-9.94577603225454
			6.76959926852942	-9.93726081304884
			6.76959926852942	-9.92874559384315
			6.76959926852942	-9.92023037463745
			6.76959926852942	-9.91171515543175
			6.76959926852942	-9.90319993622606
			6.76959926852942	-9.89468471702036
			6.76959926852942	-9.88616949781466
			6.76959926852942	-9.87765427860896
			6.76959926852942	-9.86913905940327
			6.76959926852942	-9.86062384019757
			6.76959926852942	-9.85210862099187
			6.76959926852942	-9.84359340178617
			6.77811448773512	-9.84359340178617
			6.77811448773512	-9.83507818258048
			6.77811448773512	-9.82656296337478
			6.77811448773512	-9.81804774416908
			6.77811448773512	-9.80953252496338
			6.77811448773512	-9.80101730575769
			6.77811448773512	-9.79250208655199
			6.78662970694081	-9.78398686734629
			6.78662970694081	-9.77547164814059
			6.78662970694081	-9.7669564289349
			6.78662970694081	-9.7584412097292
			6.78662970694081	-9.7499259905235
			6.78662970694081	-9.7414107713178
			6.79514492614651	-9.73289555211211
			6.79514492614651	-9.72438033290641
			6.79514492614651	-9.71586511370071
			6.79514492614651	-9.70734989449502
			6.79514492614651	-9.69883467528932
			6.80366014535221	-9.69031945608362
			6.80366014535221	-9.68180423687792
			6.80366014535221	-9.67328901767223
			6.80366014535221	-9.66477379846653
			6.80366014535221	-9.65625857926083
			6.80366014535221	-9.64774336005513
			6.81217536455791	-9.63922814084944
			6.81217536455791	-9.63071292164374
			6.81217536455791	-9.62219770243804
			6.81217536455791	-9.61368248323234
			6.81217536455791	-9.60516726402665
			6.8206905837636	-9.59665204482095
			6.8206905837636	-9.58813682561525
			6.8206905837636	-9.57962160640955
			6.8206905837636	-9.57110638720386
			6.8292058029693	-9.56259116799816
			6.8292058029693	-9.55407594879246
			6.8292058029693	-9.54556072958676
			6.8292058029693	-9.53704551038107
			6.837721022175	-9.52853029117537
			6.837721022175	-9.52001507196967
			6.837721022175	-9.51149985276398
			6.837721022175	-9.50298463355828
			6.837721022175	-9.49446941435258
			6.8462362413807	-9.48595419514688
			6.8462362413807	-9.47743897594119
			6.8462362413807	-9.46892375673549
			6.8462362413807	-9.46040853752979
			6.85475146058639	-9.45189331832409
			6.85475146058639	-9.4433780991184
			6.85475146058639	-9.4348628799127
			6.85475146058639	-9.426347660707
			6.85475146058639	-9.4178324415013
			6.86326667979209	-9.40931722229561
			6.86326667979209	-9.40080200308991
			6.86326667979209	-9.39228678388421
			6.87178189899779	-9.38377156467851
			6.87178189899779	-9.37525634547282
			6.87178189899779	-9.36674112626712
			6.87178189899779	-9.35822590706142
			6.88029711820348	-9.34971068785573
			6.88029711820348	-9.34119546865003
			6.88029711820348	-9.33268024944433
			6.88029711820348	-9.32416503023863
			6.88029711820348	-9.31564981103294
			6.88881233740918	-9.31564981103294
			6.88881233740918	-9.30713459182724
			6.88881233740918	-9.29861937262154
			6.88881233740918	-9.29010415341584
			6.88881233740918	-9.28158893421015
			6.89732755661488	-9.27307371500445
			6.89732755661488	-9.26455849579875
			6.89732755661488	-9.25604327659305
			6.90584277582058	-9.24752805738736
			6.90584277582058	-9.23901283818166
			6.90584277582058	-9.23049761897596
			6.90584277582058	-9.22198239977027
			6.90584277582058	-9.21346718056457
			6.91435799502627	-9.21346718056457
			6.91435799502627	-9.20495196135887
			6.91435799502627	-9.19643674215317
			6.91435799502627	-9.18792152294747
			6.91435799502627	-9.17940630374178
			6.92287321423197	-9.17089108453608
			6.92287321423197	-9.16237586533038
			6.92287321423197	-9.15386064612469
			6.92287321423197	-9.14534542691899
			6.92287321423197	-9.13683020771329
			6.93138843343767	-9.12831498850759
			6.93138843343767	-9.1197997693019
			6.93138843343767	-9.1112845500962
			6.93138843343767	-9.1027693308905
			6.93990365264337	-9.0942541116848
			6.93990365264337	-9.08573889247911
			6.93990365264337	-9.07722367327341
			6.93990365264337	-9.06870845406771
			6.94841887184906	-9.06019323486201
			6.94841887184906	-9.05167801565632
			6.94841887184906	-9.04316279645062
			6.94841887184906	-9.03464757724492
			6.95693409105476	-9.02613235803923
			6.95693409105476	-9.01761713883353
			6.95693409105476	-9.00910191962783
			6.95693409105476	-9.00058670042213
			6.96544931026046	-8.99207148121643
			6.96544931026046	-8.98355626201074
			6.96544931026046	-8.97504104280504
			6.96544931026046	-8.96652582359934
			6.96544931026046	-8.95801060439365
			6.97396452946616	-8.94949538518795
			6.97396452946616	-8.94098016598225
			6.97396452946616	-8.93246494677655
			6.97396452946616	-8.92394972757086
			6.98247974867185	-8.92394972757086
			6.98247974867185	-8.91543450836516
			6.98247974867185	-8.90691928915946
			6.98247974867185	-8.89840406995376
			6.98247974867185	-8.88988885074807
			6.99099496787755	-8.88988885074807
			6.99099496787755	-8.88137363154237
			6.99099496787755	-8.87285841233667
			6.99099496787755	-8.86434319313097
			6.99099496787755	-8.85582797392528
			6.99951018708325	-8.84731275471958
			6.99951018708325	-8.83879753551388
			6.99951018708325	-8.83028231630819
			6.99951018708325	-8.82176709710249
			7.00802540628895	-8.81325187789679
			7.00802540628895	-8.80473665869109
			7.00802540628895	-8.79622143948539
			7.00802540628895	-8.7877062202797
			7.01654062549464	-8.779191001074
			7.01654062549464	-8.7706757818683
			7.01654062549464	-8.76216056266261
			7.01654062549464	-8.75364534345691
			7.01654062549464	-8.74513012425121
			7.02505584470034	-8.74513012425121
			7.02505584470034	-8.73661490504551
			7.02505584470034	-8.72809968583982
			7.02505584470034	-8.71958446663412
			7.03357106390604	-8.71106924742842
			7.03357106390604	-8.70255402822272
			7.03357106390604	-8.69403880901703
			7.03357106390604	-8.68552358981133
			7.04208628311174	-8.67700837060563
			7.04208628311174	-8.66849315139993
			7.04208628311174	-8.65997793219424
			7.04208628311174	-8.65146271298854
			7.05060150231743	-8.64294749378284
			7.05060150231743	-8.63443227457715
			7.05060150231743	-8.62591705537145
			7.05060150231743	-8.61740183616575
			7.05060150231743	-8.60888661696005
			7.05911672152313	-8.60037139775436
			7.05911672152313	-8.59185617854866
			7.05911672152313	-8.58334095934296
			7.05911672152313	-8.57482574013726
			7.06763194072883	-8.56631052093157
			7.06763194072883	-8.55779530172587
			7.06763194072883	-8.54928008252017
			7.06763194072883	-8.54076486331447
			7.07614715993452	-8.53224964410878
			7.07614715993452	-8.52373442490308
			7.07614715993452	-8.51521920569738
			7.08466237914022	-8.50670398649168
			7.08466237914022	-8.49818876728599
			7.08466237914022	-8.48967354808029
			7.08466237914022	-8.48115832887459
			7.09317759834592	-8.4726431096689
			7.09317759834592	-8.4641278904632
			7.09317759834592	-8.4556126712575
			7.09317759834592	-8.4470974520518
			7.09317759834592	-8.43858223284611
			7.10169281755162	-8.43858223284611
			7.10169281755162	-8.43006701364041
			7.10169281755162	-8.42155179443471
			7.10169281755162	-8.41303657522901
			7.11020803675731	-8.40452135602332
			7.11020803675731	-8.39600613681762
			7.11020803675731	-8.38749091761192
			7.11020803675731	-8.37897569840622
			7.11872325596301	-8.37046047920053
			7.11872325596301	-8.36194525999483
			7.11872325596301	-8.35343004078913
			7.11872325596301	-8.34491482158343
			7.11872325596301	-8.33639960237774
			7.12723847516871	-8.32788438317204
			7.12723847516871	-8.31936916396634
			7.12723847516871	-8.31085394476064
			7.12723847516871	-8.30233872555495
			7.13575369437441	-8.29382350634925
			7.13575369437441	-8.28530828714355
			7.13575369437441	-8.27679306793786
			7.13575369437441	-8.26827784873216
			7.1442689135801	-8.25976262952646
			7.1442689135801	-8.25124741032076
			7.1442689135801	-8.24273219111507
			7.1442689135801	-8.23421697190937
			7.1527841327858	-8.22570175270367
			7.1527841327858	-8.21718653349797
			7.1527841327858	-8.20867131429228
			7.1527841327858	-8.20015609508658
			7.1612993519915	-8.19164087588088
			7.1612993519915	-8.18312565667518
			7.1612993519915	-8.17461043746949
			7.1698145711972	-8.16609521826379
			7.1698145711972	-8.15757999905809
			7.1698145711972	-8.1490647798524
			7.1698145711972	-8.1405495606467
			7.17832979040289	-8.132034341441
			7.17832979040289	-8.1235191222353
			7.17832979040289	-8.1150039030296
			7.17832979040289	-8.10648868382391
			7.18684500960859	-8.09797346461821
			7.18684500960859	-8.08945824541251
			7.18684500960859	-8.08094302620682
			7.18684500960859	-8.07242780700112
			7.19536022881429	-8.06391258779542
			7.19536022881429	-8.05539736858972
			7.19536022881429	-8.04688214938403
			7.19536022881429	-8.03836693017833
			7.20387544801998	-8.02985171097263
			7.20387544801998	-8.02133649176693
			7.20387544801998	-8.01282127256124
			7.20387544801998	-8.00430605335554
			7.21239066722568	-7.99579083414984
			7.21239066722568	-7.98727561494414
			7.21239066722568	-7.97876039573845
			7.21239066722568	-7.97024517653275
			7.22090588643138	-7.96172995732705
			7.22090588643138	-7.95321473812136
			7.22090588643138	-7.94469951891566
			7.22090588643138	-7.93618429970996
			7.22942110563708	-7.92766908050426
			7.22942110563708	-7.91915386129857
			7.22942110563708	-7.91063864209287
			7.22942110563708	-7.90212342288717
			7.23793632484277	-7.89360820368147
			7.23793632484277	-7.88509298447578
			7.23793632484277	-7.87657776527008
			7.23793632484277	-7.86806254606438
			7.24645154404847	-7.85954732685868
			7.24645154404847	-7.85103210765299
			7.24645154404847	-7.84251688844729
			7.25496676325417	-7.83400166924159
			7.25496676325417	-7.82548645003589
			7.25496676325417	-7.8169712308302
			7.25496676325417	-7.8084560116245
			7.25496676325417	-7.7999407924188
			7.26348198245987	-7.7914255732131
			7.26348198245987	-7.78291035400741
			7.26348198245987	-7.77439513480171
			7.27199720166556	-7.76587991559601
			7.27199720166556	-7.75736469639032
			7.27199720166556	-7.74884947718462
			7.28051242087126	-7.74033425797892
			7.28051242087126	-7.73181903877322
			7.28902764007696	-7.72330381956753
			7.28902764007696	-7.71478860036183
			7.28902764007696	-7.70627338115613
			7.29754285928266	-7.69775816195043
			7.29754285928266	-7.68924294274474
			7.29754285928266	-7.68072772353904
			7.30605807848835	-7.67221250433334
			7.30605807848835	-7.66369728512764
			7.30605807848835	-7.65518206592195
			7.31457329769405	-7.64666684671625
			7.31457329769405	-7.63815162751055
			7.31457329769405	-7.62963640830485
			7.32308851689975	-7.62112118909916
			7.32308851689975	-7.61260596989346
			7.32308851689975	-7.60409075068776
			7.33160373610545	-7.59557553148206
			7.33160373610545	-7.58706031227637
			7.33160373610545	-7.57854509307067
			7.34011895531114	-7.57002987386497
			7.34011895531114	-7.56151465465928
			7.34863417451684	-7.55299943545358
			7.34863417451684	-7.54448421624788
			7.34863417451684	-7.53596899704218
			7.35714939372254	-7.52745377783649
			7.35714939372254	-7.51893855863079
			7.35714939372254	-7.51042333942509
			7.36566461292824	-7.50190812021939
			7.36566461292824	-7.4933929010137
			7.37417983213393	-7.484877681808
			7.37417983213393	-7.4763624626023
			7.37417983213393	-7.4678472433966
			7.37417983213393	-7.45933202419091
			7.38269505133963	-7.45081680498521
			7.38269505133963	-7.44230158577951
			7.39121027054533	-7.43378636657381
			7.39121027054533	-7.42527114736812
			7.39972548975102	-7.41675592816242
			7.39972548975102	-7.40824070895672
			7.39972548975102	-7.39972548975102
			7.40824070895672	-7.39121027054533
			7.40824070895672	-7.38269505133963
			7.40824070895672	-7.37417983213393
			7.41675592816242	-7.36566461292824
			7.41675592816242	-7.35714939372254
			7.41675592816242	-7.34863417451684
			7.42527114736812	-7.34011895531114
			7.42527114736812	-7.33160373610545
			7.43378636657381	-7.32308851689975
			7.43378636657381	-7.31457329769405
			7.43378636657381	-7.30605807848835
			7.44230158577951	-7.29754285928266
			7.44230158577951	-7.28902764007696
			7.44230158577951	-7.28051242087126
			7.45081680498521	-7.27199720166556
			7.45081680498521	-7.26348198245987
			7.45933202419091	-7.25496676325417
			7.45933202419091	-7.24645154404847
			7.45933202419091	-7.23793632484277
			7.4678472433966	-7.22942110563708
			7.4678472433966	-7.22090588643138
			7.4763624626023	-7.21239066722568
			7.4763624626023	-7.20387544801998
			7.4763624626023	-7.19536022881429
			7.484877681808	-7.18684500960859
			7.484877681808	-7.17832979040289
			7.4933929010137	-7.1698145711972
			7.4933929010137	-7.1612993519915
			7.4933929010137	-7.1527841327858
			7.50190812021939	-7.1442689135801
			7.50190812021939	-7.13575369437441
			7.50190812021939	-7.12723847516871
			7.51042333942509	-7.11872325596301
			7.51042333942509	-7.11020803675731
			7.51893855863079	-7.10169281755162
			7.51893855863079	-7.09317759834592
			7.52745377783649	-7.08466237914022
			7.52745377783649	-7.07614715993452
			7.52745377783649	-7.06763194072883
			7.53596899704218	-7.05911672152313
			7.53596899704218	-7.05060150231743
			7.53596899704218	-7.04208628311174
			7.54448421624788	-7.03357106390604
			7.54448421624788	-7.02505584470034
			7.55299943545358	-7.01654062549464
			7.55299943545358	-7.00802540628895
			7.56151465465928	-6.99951018708325
			7.56151465465928	-6.99099496787755
			7.57002987386497	-6.98247974867185
			7.57002987386497	-6.97396452946616
			7.57002987386497	-6.96544931026046
			7.57854509307067	-6.95693409105476
			7.57854509307067	-6.94841887184906
			7.58706031227637	-6.93990365264337
			7.58706031227637	-6.93138843343767
			7.59557553148206	-6.92287321423197
			7.59557553148206	-6.91435799502627
			7.60409075068776	-6.90584277582058
			7.60409075068776	-6.89732755661488
			7.61260596989346	-6.88881233740918
			7.61260596989346	-6.88029711820348
			7.62112118909916	-6.87178189899779
			7.62112118909916	-6.86326667979209
			7.62963640830485	-6.86326667979209
			7.62963640830485	-6.85475146058639
			7.62963640830485	-6.8462362413807
			7.63815162751055	-6.8462362413807
			7.63815162751055	-6.837721022175
			7.64666684671625	-6.837721022175
			7.64666684671625	-6.8292058029693
			7.65518206592195	-6.8206905837636
			7.66369728512764	-6.81217536455791
			7.67221250433334	-6.81217536455791
		</curveLM12>
	</curves.scaled>
	<ruler.points type=matrix rownames=TRUE colnames=FALSE nrow=5 ncol=2 as.numeric=TRUE >
		Ruler point 1	433	1408
		Ruler point 2	552	1408
		Ruler point 3	668	1409
		Ruler point 4	786	1408
		Ruler point 5	903	1409
	</ruler.points>
</shapes>

