<shapes type=list>
	<ruler.pixel type=vector names=FALSE length=1 as.numeric=TRUE >117.000000000001</ruler.pixel>
	<ruler.interval type=vector names=FALSE length=1 as.numeric=TRUE >1</ruler.interval>
	<scaling.units type=vector names=FALSE length=1 as.numeric=FALSE >cm</scaling.units>
	<scaling type=vector names=FALSE length=1 as.numeric=TRUE >0.00854700854700849</scaling>
	<landmarks.pixel type=matrix rownames=TRUE colnames=FALSE nrow=6 ncol=2 as.numeric=TRUE >
		LM01	902	785
		LM02	996	1168
		LM03	938	1122
		LM04	902	1194
		LM05	866	1124
		LM06	807	1165
	</landmarks.pixel>
	<landmarks.scaled type=matrix rownames=TRUE colnames=FALSE nrow=6 ncol=2 as.numeric=TRUE >
		LM01	7.70940170940165	-6.70940170940166
		LM02	8.51282051282045	-9.98290598290591
		LM03	8.01709401709396	-9.58974358974352
		LM04	7.70940170940165	-10.2051282051281
		LM05	7.40170940170935	-9.60683760683754
		LM06	6.89743589743585	-9.95726495726489
	</landmarks.scaled>
	<curves.control type=list>
		<curveLM07 type=matrix rownames=FALSE colnames=FALSE nrow=7 ncol=2 as.numeric=TRUE >
			902	785
			918	794
			942	860
			978	1011
			993	1093
			1008	1163
			996	1168
		</curveLM07>
		<curveLM08 type=matrix rownames=FALSE colnames=FALSE nrow=5 ncol=2 as.numeric=TRUE >
			996	1168
			992	1172
			976	1152
			952	1121
			938	1122
		</curveLM08>
		<curveLM09 type=matrix rownames=FALSE colnames=FALSE nrow=5 ncol=2 as.numeric=TRUE >
			938	1122
			930	1129
			928	1149
			917	1194
			902	1194
		</curveLM09>
		<curveLM10 type=matrix rownames=FALSE colnames=FALSE nrow=5 ncol=2 as.numeric=TRUE >
			902	1194
			889	1194
			875	1153
			874	1134
			866	1124
		</curveLM10>
		<curveLM11 type=matrix rownames=FALSE colnames=FALSE nrow=5 ncol=2 as.numeric=TRUE >
			866	1124
			855	1119
			846	1134
			811	1170
			807	1165
		</curveLM11>
		<curveLM12 type=matrix rownames=FALSE colnames=FALSE nrow=7 ncol=2 as.numeric=TRUE >
			807	1165
			801	1153
			804	1127
			818	1051
			841	961
			863	826
			902	785
		</curveLM12>
	</curves.control>
	<curves.pixel type=list>
		<curveLM07 type=matrix rownames=FALSE colnames=FALSE nrow=396 ncol=2 as.numeric=TRUE >
			902	785
			903	786
			904	786
			905	787
			906	788
			907	789
			908	790
			909	791
			910	792
			910	793
			911	794
			912	795
			913	796
			913	797
			914	798
			914	799
			915	799
			915	800
			916	801
			916	802
			917	803
			918	804
			918	805
			919	806
			919	807
			920	807
			920	808
			920	809
			921	810
			921	811
			922	812
			923	813
			923	814
			924	815
			924	816
			924	817
			925	818
			925	819
			926	820
			926	821
			927	822
			927	823
			928	824
			928	825
			929	826
			929	827
			929	828
			930	829
			930	830
			931	831
			931	832
			931	833
			932	834
			933	835
			933	836
			933	837
			934	838
			934	839
			934	840
			935	841
			935	842
			936	843
			936	844
			936	845
			937	845
			937	846
			937	847
			937	848
			938	849
			938	850
			939	851
			939	852
			940	853
			940	854
			940	855
			940	856
			941	856
			941	857
			941	858
			942	859
			942	860
			942	861
			943	862
			943	863
			943	864
			943	865
			943	866
			944	866
			944	867
			944	868
			944	869
			944	870
			945	871
			945	872
			945	873
			945	874
			946	875
			946	876
			946	877
			946	878
			946	879
			947	880
			947	881
			947	882
			948	883
			948	884
			948	885
			948	886
			948	887
			949	888
			949	889
			949	890
			949	891
			950	892
			950	893
			950	894
			950	895
			950	896
			951	897
			951	898
			951	899
			951	900
			952	901
			952	902
			952	903
			953	904
			953	905
			953	906
			953	907
			953	908
			954	909
			954	910
			954	911
			954	912
			955	913
			955	914
			955	915
			955	916
			955	917
			956	918
			956	919
			956	920
			956	921
			957	922
			957	923
			957	924
			957	925
			958	926
			958	927
			958	928
			958	929
			958	930
			959	930
			959	931
			959	932
			959	933
			959	934
			960	935
			960	936
			960	937
			960	938
			960	939
			961	940
			961	941
			961	942
			961	943
			962	944
			962	945
			962	946
			962	947
			963	948
			963	949
			963	950
			963	951
			963	952
			964	953
			964	954
			964	955
			964	956
			964	957
			965	958
			965	959
			965	960
			966	961
			966	962
			966	963
			966	964
			966	965
			967	966
			967	967
			967	968
			967	969
			968	970
			968	971
			968	972
			968	973
			968	974
			969	975
			969	976
			969	977
			969	978
			970	979
			970	980
			970	981
			970	982
			970	983
			971	984
			971	985
			971	986
			971	987
			971	988
			972	989
			972	990
			972	991
			972	992
			972	993
			973	993
			973	994
			973	995
			973	996
			973	997
			974	998
			974	999
			974	1000
			974	1001
			975	1002
			975	1003
			975	1004
			975	1005
			976	1006
			976	1007
			976	1008
			976	1009
			976	1010
			977	1011
			977	1012
			977	1013
			977	1014
			977	1015
			978	1016
			978	1017
			978	1018
			978	1019
			978	1020
			979	1021
			979	1022
			979	1023
			979	1024
			980	1025
			980	1026
			980	1027
			980	1028
			980	1029
			981	1030
			981	1031
			981	1032
			981	1033
			981	1034
			982	1035
			982	1036
			982	1037
			982	1038
			982	1039
			983	1040
			983	1041
			983	1042
			983	1043
			983	1044
			984	1045
			984	1046
			984	1047
			984	1048
			984	1049
			985	1050
			985	1051
			985	1052
			985	1053
			985	1054
			986	1055
			986	1056
			986	1057
			986	1058
			987	1059
			987	1060
			987	1061
			987	1062
			987	1063
			987	1064
			988	1065
			988	1066
			988	1067
			988	1068
			988	1069
			989	1070
			989	1071
			989	1072
			989	1073
			989	1074
			990	1074
			990	1075
			990	1076
			990	1077
			990	1078
			990	1079
			991	1080
			991	1081
			991	1082
			991	1083
			991	1084
			992	1085
			992	1086
			992	1087
			992	1088
			992	1089
			993	1090
			993	1091
			993	1092
			993	1093
			993	1094
			993	1095
			994	1096
			994	1097
			994	1098
			994	1099
			995	1100
			995	1101
			995	1102
			995	1103
			995	1104
			995	1105
			996	1106
			996	1107
			996	1108
			996	1109
			997	1110
			997	1111
			997	1112
			997	1113
			997	1114
			997	1115
			998	1116
			998	1117
			998	1118
			998	1119
			998	1120
			998	1121
			999	1122
			999	1123
			999	1124
			999	1125
			999	1126
			999	1127
			999	1128
			1000	1129
			1000	1130
			1000	1131
			1000	1132
			1000	1133
			1000	1134
			1000	1135
			1000	1136
			1001	1137
			1001	1138
			1001	1139
			1001	1140
			1001	1141
			1001	1142
			1001	1143
			1001	1144
			1001	1145
			1001	1146
			1001	1147
			1001	1148
			1001	1149
			1001	1150
			1001	1151
			1001	1152
			1001	1153
			1001	1154
			1001	1155
			1001	1156
			1001	1157
			1001	1158
			1001	1159
			1001	1160
			1000	1161
			1000	1162
			1000	1163
			999	1164
			999	1165
			999	1166
			998	1166
			998	1167
			997	1167
			997	1168
			996	1168
		</curveLM07>
		<curveLM08 type=matrix rownames=FALSE colnames=FALSE nrow=71 ncol=2 as.numeric=TRUE >
			996	1168
			995	1169
			994	1169
			993	1168
			992	1168
			991	1167
			990	1167
			989	1166
			988	1165
			987	1164
			986	1163
			985	1163
			984	1162
			983	1161
			982	1160
			982	1159
			981	1158
			981	1157
			980	1157
			979	1156
			979	1155
			978	1154
			977	1153
			976	1153
			976	1152
			975	1151
			974	1150
			974	1149
			973	1148
			972	1148
			972	1147
			971	1146
			971	1145
			970	1145
			969	1144
			969	1143
			968	1142
			967	1141
			966	1140
			965	1139
			964	1138
			963	1137
			963	1136
			962	1136
			961	1135
			961	1134
			960	1134
			959	1133
			959	1132
			958	1132
			957	1131
			956	1130
			955	1129
			954	1128
			953	1128
			952	1127
			951	1127
			951	1126
			950	1126
			949	1125
			948	1125
			947	1124
			946	1124
			945	1123
			944	1123
			943	1123
			942	1122
			941	1122
			940	1122
			939	1122
			938	1122
		</curveLM08>
		<curveLM09 type=matrix rownames=FALSE colnames=FALSE nrow=81 ncol=2 as.numeric=TRUE >
			938	1122
			937	1123
			936	1124
			935	1125
			934	1126
			934	1127
			933	1128
			933	1129
			933	1130
			932	1130
			932	1131
			932	1132
			931	1133
			931	1134
			931	1135
			930	1136
			930	1137
			930	1138
			929	1139
			929	1140
			929	1141
			929	1142
			929	1143
			929	1144
			928	1145
			928	1146
			928	1147
			928	1148
			928	1149
			928	1150
			927	1151
			927	1152
			927	1153
			927	1154
			926	1155
			926	1156
			926	1157
			926	1158
			925	1159
			925	1160
			925	1161
			924	1162
			924	1163
			924	1164
			923	1165
			923	1166
			923	1167
			923	1168
			922	1169
			922	1170
			921	1171
			921	1172
			921	1173
			920	1174
			920	1175
			919	1176
			919	1177
			919	1178
			918	1178
			918	1179
			917	1180
			917	1181
			917	1182
			916	1182
			916	1183
			915	1184
			915	1185
			914	1186
			913	1187
			912	1188
			911	1189
			911	1190
			910	1191
			909	1192
			908	1192
			907	1193
			906	1193
			905	1193
			904	1194
			903	1194
			902	1194
		</curveLM09>
		<curveLM10 type=matrix rownames=FALSE colnames=FALSE nrow=79 ncol=2 as.numeric=TRUE >
			902	1194
			901	1194
			900	1194
			899	1193
			898	1193
			897	1192
			896	1192
			895	1191
			894	1191
			894	1190
			893	1189
			892	1188
			891	1187
			891	1186
			890	1185
			889	1184
			888	1183
			887	1182
			887	1181
			886	1180
			886	1179
			885	1178
			885	1177
			884	1176
			884	1175
			884	1174
			883	1173
			883	1172
			882	1171
			882	1170
			881	1169
			881	1168
			880	1167
			880	1166
			879	1165
			879	1164
			879	1163
			878	1162
			878	1161
			878	1160
			877	1159
			877	1158
			876	1157
			876	1156
			876	1155
			875	1154
			875	1153
			875	1152
			875	1151
			875	1150
			875	1149
			875	1148
			875	1147
			874	1147
			874	1146
			874	1145
			874	1144
			874	1143
			874	1142
			873	1141
			873	1140
			873	1139
			873	1138
			872	1137
			872	1136
			872	1135
			872	1134
			871	1134
			871	1133
			871	1132
			870	1131
			870	1130
			869	1129
			869	1128
			868	1127
			868	1126
			867	1126
			867	1125
			866	1124
		</curveLM10>
		<curveLM11 type=matrix rownames=FALSE colnames=FALSE nrow=64 ncol=2 as.numeric=TRUE >
			866	1124
			865	1124
			864	1123
			863	1123
			862	1123
			861	1123
			860	1123
			859	1123
			858	1123
			857	1124
			856	1124
			855	1124
			854	1125
			853	1126
			852	1127
			851	1128
			850	1128
			849	1129
			849	1130
			848	1131
			847	1132
			847	1133
			846	1134
			845	1135
			844	1136
			843	1137
			842	1138
			841	1139
			840	1140
			839	1141
			838	1142
			837	1143
			836	1144
			835	1145
			834	1146
			833	1147
			832	1148
			831	1149
			830	1150
			829	1151
			828	1151
			828	1152
			827	1153
			826	1154
			825	1154
			824	1155
			824	1156
			823	1156
			822	1157
			821	1158
			820	1159
			819	1160
			818	1160
			817	1161
			816	1162
			815	1163
			814	1163
			813	1164
			812	1164
			811	1165
			810	1165
			809	1166
			808	1166
			807	1165
		</curveLM11>
		<curveLM12 type=matrix rownames=FALSE colnames=FALSE nrow=392 ncol=2 as.numeric=TRUE >
			807	1165
			807	1164
			806	1163
			806	1162
			805	1161
			805	1160
			805	1159
			804	1158
			804	1157
			804	1156
			804	1155
			804	1154
			804	1153
			803	1152
			803	1151
			803	1150
			803	1149
			803	1148
			803	1147
			803	1146
			803	1145
			803	1144
			803	1143
			803	1142
			803	1141
			803	1140
			803	1139
			803	1138
			803	1137
			803	1136
			803	1135
			803	1134
			803	1133
			804	1132
			804	1131
			804	1130
			804	1129
			804	1128
			804	1127
			804	1126
			804	1125
			805	1124
			805	1123
			805	1122
			805	1121
			805	1120
			806	1119
			806	1118
			806	1117
			806	1116
			806	1115
			806	1114
			807	1113
			807	1112
			807	1111
			807	1110
			807	1109
			808	1108
			808	1107
			808	1106
			808	1105
			808	1104
			809	1103
			809	1102
			809	1101
			809	1100
			809	1099
			810	1098
			810	1097
			810	1096
			810	1095
			810	1094
			811	1093
			811	1092
			811	1091
			811	1090
			811	1089
			812	1088
			812	1087
			812	1086
			812	1085
			812	1084
			813	1083
			813	1082
			813	1081
			813	1080
			813	1079
			814	1078
			814	1077
			814	1076
			814	1075
			814	1074
			815	1073
			815	1072
			815	1071
			815	1070
			816	1069
			816	1068
			816	1067
			816	1066
			816	1065
			817	1064
			817	1063
			817	1062
			817	1061
			817	1060
			818	1059
			818	1058
			818	1057
			818	1056
			819	1055
			819	1054
			819	1053
			819	1052
			819	1051
			820	1050
			820	1049
			820	1048
			820	1047
			821	1046
			821	1045
			821	1044
			821	1043
			821	1042
			822	1041
			822	1040
			822	1039
			822	1038
			823	1037
			823	1036
			823	1035
			823	1034
			823	1033
			824	1033
			824	1032
			824	1031
			824	1030
			825	1029
			825	1028
			825	1027
			825	1026
			825	1025
			826	1024
			826	1023
			826	1022
			826	1021
			827	1020
			827	1019
			827	1018
			827	1017
			827	1016
			828	1015
			828	1014
			828	1013
			828	1012
			829	1011
			829	1010
			829	1009
			829	1008
			830	1007
			830	1006
			830	1005
			830	1004
			831	1003
			831	1002
			831	1001
			831	1000
			832	999
			832	998
			832	997
			832	996
			832	995
			833	994
			833	993
			833	992
			834	991
			834	990
			834	989
			834	988
			835	987
			835	986
			835	985
			835	984
			836	983
			836	982
			836	981
			836	980
			836	979
			837	979
			837	978
			837	977
			837	976
			837	975
			838	974
			838	973
			838	972
			838	971
			839	970
			839	969
			839	968
			840	967
			840	966
			840	965
			840	964
			841	963
			841	962
			841	961
			841	960
			841	959
			841	958
			842	957
			842	956
			842	955
			842	954
			842	953
			842	952
			843	951
			843	950
			843	949
			843	948
			843	947
			844	946
			844	945
			844	944
			844	943
			844	942
			844	941
			845	940
			845	939
			845	938
			845	937
			845	936
			846	935
			846	934
			846	933
			846	932
			846	931
			846	930
			847	930
			847	929
			847	928
			847	927
			847	926
			848	925
			848	924
			848	923
			848	922
			848	921
			848	920
			849	919
			849	918
			849	917
			849	916
			850	915
			850	914
			850	913
			850	912
			850	911
			851	910
			851	909
			851	908
			851	907
			851	906
			852	905
			852	904
			852	903
			853	902
			853	901
			853	900
			853	899
			853	898
			854	897
			854	896
			854	895
			854	894
			855	893
			855	892
			855	891
			855	890
			856	889
			856	888
			856	887
			856	886
			857	885
			857	884
			857	883
			858	882
			858	881
			858	880
			858	879
			859	878
			859	877
			859	876
			859	875
			860	874
			860	873
			860	872
			861	871
			861	870
			861	869
			861	868
			862	867
			862	866
			862	865
			862	864
			863	863
			863	862
			863	861
			864	860
			864	859
			865	858
			865	857
			865	856
			865	855
			866	855
			866	854
			866	853
			866	852
			867	851
			867	850
			867	849
			868	848
			868	847
			869	846
			869	845
			869	844
			870	843
			870	842
			870	841
			871	840
			871	839
			872	838
			872	837
			872	836
			873	835
			873	834
			873	833
			874	832
			874	831
			875	830
			875	829
			875	828
			876	827
			876	826
			877	826
			877	825
			877	824
			878	823
			878	822
			879	821
			879	820
			879	819
			880	819
			880	818
			881	817
			881	816
			882	815
			882	814
			883	813
			883	812
			884	811
			884	810
			885	809
			885	808
			886	807
			886	806
			887	806
			887	805
			888	804
			888	803
			889	802
			889	801
			890	801
			890	800
			891	799
			892	798
			892	797
			893	797
			893	796
			894	795
			894	794
			895	794
			895	793
			896	792
			897	791
			898	790
			898	789
			899	788
			900	788
			900	787
			901	786
			902	785
		</curveLM12>
	</curves.pixel>
	<curves.scaled type=list>
		<curveLM07 type=matrix rownames=FALSE colnames=FALSE nrow=396 ncol=2 as.numeric=TRUE >
			7.70940170940165	-6.70940170940166
			7.71794871794866	-6.71794871794867
			7.72649572649567	-6.71794871794867
			7.73504273504268	-6.72649572649568
			7.74358974358969	-6.73504273504269
			7.7521367521367	-6.74358974358969
			7.7606837606837	-6.7521367521367
			7.76923076923071	-6.76068376068371
			7.77777777777772	-6.76923076923072
			7.77777777777772	-6.77777777777773
			7.78632478632473	-6.78632478632474
			7.79487179487174	-6.79487179487175
			7.80341880341875	-6.80341880341875
			7.80341880341875	-6.81196581196576
			7.81196581196576	-6.82051282051277
			7.81196581196576	-6.82905982905978
			7.82051282051276	-6.82905982905978
			7.82051282051276	-6.83760683760679
			7.82905982905977	-6.8461538461538
			7.82905982905977	-6.85470085470081
			7.83760683760678	-6.86324786324781
			7.84615384615379	-6.87179487179482
			7.84615384615379	-6.88034188034183
			7.8547008547008	-6.88888888888884
			7.8547008547008	-6.89743589743585
			7.86324786324781	-6.89743589743585
			7.86324786324781	-6.90598290598286
			7.86324786324781	-6.91452991452987
			7.87179487179482	-6.92307692307687
			7.87179487179482	-6.93162393162388
			7.88034188034182	-6.94017094017089
			7.88888888888883	-6.9487179487179
			7.88888888888883	-6.95726495726491
			7.89743589743584	-6.96581196581192
			7.89743589743584	-6.97435897435892
			7.89743589743584	-6.98290598290593
			7.90598290598285	-6.99145299145294
			7.90598290598285	-6.99999999999995
			7.91452991452986	-7.00854700854696
			7.91452991452986	-7.01709401709397
			7.92307692307687	-7.02564102564097
			7.92307692307687	-7.03418803418798
			7.93162393162387	-7.04273504273499
			7.93162393162387	-7.051282051282
			7.94017094017088	-7.05982905982901
			7.94017094017088	-7.06837606837602
			7.94017094017088	-7.07692307692303
			7.94871794871789	-7.08547008547003
			7.94871794871789	-7.09401709401704
			7.9572649572649	-7.10256410256405
			7.9572649572649	-7.11111111111106
			7.9572649572649	-7.11965811965807
			7.96581196581191	-7.12820512820508
			7.97435897435892	-7.13675213675209
			7.97435897435892	-7.14529914529909
			7.97435897435892	-7.1538461538461
			7.98290598290593	-7.16239316239311
			7.98290598290593	-7.17094017094012
			7.98290598290593	-7.17948717948713
			7.99145299145293	-7.18803418803414
			7.99145299145293	-7.19658119658114
			7.99999999999994	-7.20512820512815
			7.99999999999994	-7.21367521367516
			7.99999999999994	-7.22222222222217
			8.00854700854695	-7.22222222222217
			8.00854700854695	-7.23076923076918
			8.00854700854695	-7.23931623931619
			8.00854700854695	-7.2478632478632
			8.01709401709396	-7.2564102564102
			8.01709401709396	-7.26495726495721
			8.02564102564097	-7.27350427350422
			8.02564102564097	-7.28205128205123
			8.03418803418798	-7.29059829059824
			8.03418803418798	-7.29914529914525
			8.03418803418798	-7.30769230769226
			8.03418803418798	-7.31623931623926
			8.04273504273498	-7.31623931623926
			8.04273504273498	-7.32478632478627
			8.04273504273498	-7.33333333333328
			8.05128205128199	-7.34188034188029
			8.05128205128199	-7.3504273504273
			8.05128205128199	-7.35897435897431
			8.059829059829	-7.36752136752131
			8.059829059829	-7.37606837606832
			8.059829059829	-7.38461538461533
			8.059829059829	-7.39316239316234
			8.059829059829	-7.40170940170935
			8.06837606837601	-7.40170940170935
			8.06837606837601	-7.41025641025636
			8.06837606837601	-7.41880341880336
			8.06837606837601	-7.42735042735037
			8.06837606837601	-7.43589743589738
			8.07692307692302	-7.44444444444439
			8.07692307692302	-7.4529914529914
			8.07692307692302	-7.46153846153841
			8.07692307692302	-7.47008547008542
			8.08547008547003	-7.47863247863242
			8.08547008547003	-7.48717948717943
			8.08547008547003	-7.49572649572644
			8.08547008547003	-7.50427350427345
			8.08547008547003	-7.51282051282046
			8.09401709401704	-7.52136752136747
			8.09401709401704	-7.52991452991448
			8.09401709401704	-7.53846153846148
			8.10256410256404	-7.54700854700849
			8.10256410256404	-7.5555555555555
			8.10256410256404	-7.56410256410251
			8.10256410256404	-7.57264957264952
			8.10256410256404	-7.58119658119653
			8.11111111111105	-7.58974358974354
			8.11111111111105	-7.59829059829054
			8.11111111111105	-7.60683760683755
			8.11111111111105	-7.61538461538456
			8.11965811965806	-7.62393162393157
			8.11965811965806	-7.63247863247858
			8.11965811965806	-7.64102564102559
			8.11965811965806	-7.64957264957259
			8.11965811965806	-7.6581196581196
			8.12820512820507	-7.66666666666661
			8.12820512820507	-7.67521367521362
			8.12820512820507	-7.68376068376063
			8.12820512820507	-7.69230769230764
			8.13675213675208	-7.70085470085465
			8.13675213675208	-7.70940170940165
			8.13675213675208	-7.71794871794866
			8.14529914529909	-7.72649572649567
			8.14529914529909	-7.73504273504268
			8.14529914529909	-7.74358974358969
			8.14529914529909	-7.7521367521367
			8.14529914529909	-7.7606837606837
			8.15384615384609	-7.76923076923071
			8.15384615384609	-7.77777777777772
			8.15384615384609	-7.78632478632473
			8.15384615384609	-7.79487179487174
			8.1623931623931	-7.80341880341875
			8.1623931623931	-7.81196581196576
			8.1623931623931	-7.82051282051276
			8.1623931623931	-7.82905982905977
			8.1623931623931	-7.83760683760678
			8.17094017094011	-7.84615384615379
			8.17094017094011	-7.8547008547008
			8.17094017094011	-7.86324786324781
			8.17094017094011	-7.87179487179482
			8.17948717948712	-7.88034188034182
			8.17948717948712	-7.88888888888883
			8.17948717948712	-7.89743589743584
			8.17948717948712	-7.90598290598285
			8.18803418803413	-7.91452991452986
			8.18803418803413	-7.92307692307687
			8.18803418803413	-7.93162393162387
			8.18803418803413	-7.94017094017088
			8.18803418803413	-7.94871794871789
			8.19658119658114	-7.94871794871789
			8.19658119658114	-7.9572649572649
			8.19658119658114	-7.96581196581191
			8.19658119658114	-7.97435897435892
			8.19658119658114	-7.98290598290593
			8.20512820512815	-7.99145299145293
			8.20512820512815	-7.99999999999994
			8.20512820512815	-8.00854700854695
			8.20512820512815	-8.01709401709396
			8.20512820512815	-8.02564102564097
			8.21367521367515	-8.03418803418798
			8.21367521367515	-8.04273504273498
			8.21367521367515	-8.05128205128199
			8.21367521367515	-8.059829059829
			8.22222222222216	-8.06837606837601
			8.22222222222216	-8.07692307692302
			8.22222222222216	-8.08547008547003
			8.22222222222216	-8.09401709401704
			8.23076923076917	-8.10256410256404
			8.23076923076917	-8.11111111111105
			8.23076923076917	-8.11965811965806
			8.23076923076917	-8.12820512820507
			8.23076923076917	-8.13675213675208
			8.23931623931618	-8.14529914529909
			8.23931623931618	-8.15384615384609
			8.23931623931618	-8.1623931623931
			8.23931623931618	-8.17094017094011
			8.23931623931618	-8.17948717948712
			8.24786324786319	-8.18803418803413
			8.24786324786319	-8.19658119658114
			8.24786324786319	-8.20512820512815
			8.2564102564102	-8.21367521367515
			8.2564102564102	-8.22222222222216
			8.2564102564102	-8.23076923076917
			8.2564102564102	-8.23931623931618
			8.2564102564102	-8.24786324786319
			8.26495726495721	-8.2564102564102
			8.26495726495721	-8.26495726495721
			8.26495726495721	-8.27350427350421
			8.26495726495721	-8.28205128205122
			8.27350427350421	-8.29059829059823
			8.27350427350421	-8.29914529914524
			8.27350427350421	-8.30769230769225
			8.27350427350421	-8.31623931623926
			8.27350427350421	-8.32478632478627
			8.28205128205122	-8.33333333333327
			8.28205128205122	-8.34188034188028
			8.28205128205122	-8.35042735042729
			8.28205128205122	-8.3589743589743
			8.29059829059823	-8.36752136752131
			8.29059829059823	-8.37606837606832
			8.29059829059823	-8.38461538461532
			8.29059829059823	-8.39316239316233
			8.29059829059823	-8.40170940170934
			8.29914529914524	-8.41025641025635
			8.29914529914524	-8.41880341880336
			8.29914529914524	-8.42735042735037
			8.29914529914524	-8.43589743589738
			8.29914529914524	-8.44444444444438
			8.30769230769225	-8.45299145299139
			8.30769230769225	-8.4615384615384
			8.30769230769225	-8.47008547008541
			8.30769230769225	-8.47863247863242
			8.30769230769225	-8.48717948717943
			8.31623931623926	-8.48717948717943
			8.31623931623926	-8.49572649572644
			8.31623931623926	-8.50427350427344
			8.31623931623926	-8.51282051282045
			8.31623931623926	-8.52136752136746
			8.32478632478627	-8.52991452991447
			8.32478632478627	-8.53846153846148
			8.32478632478627	-8.54700854700848
			8.32478632478627	-8.55555555555549
			8.33333333333327	-8.5641025641025
			8.33333333333327	-8.57264957264951
			8.33333333333327	-8.58119658119652
			8.33333333333327	-8.58974358974353
			8.34188034188028	-8.59829059829054
			8.34188034188028	-8.60683760683754
			8.34188034188028	-8.61538461538455
			8.34188034188028	-8.62393162393156
			8.34188034188028	-8.63247863247857
			8.35042735042729	-8.64102564102558
			8.35042735042729	-8.64957264957259
			8.35042735042729	-8.6581196581196
			8.35042735042729	-8.6666666666666
			8.35042735042729	-8.67521367521361
			8.3589743589743	-8.68376068376062
			8.3589743589743	-8.69230769230763
			8.3589743589743	-8.70085470085464
			8.3589743589743	-8.70940170940165
			8.3589743589743	-8.71794871794866
			8.36752136752131	-8.72649572649566
			8.36752136752131	-8.73504273504267
			8.36752136752131	-8.74358974358968
			8.36752136752131	-8.75213675213669
			8.37606837606832	-8.7606837606837
			8.37606837606832	-8.76923076923071
			8.37606837606832	-8.77777777777771
			8.37606837606832	-8.78632478632472
			8.37606837606832	-8.79487179487173
			8.38461538461532	-8.80341880341874
			8.38461538461532	-8.81196581196575
			8.38461538461532	-8.82051282051276
			8.38461538461532	-8.82905982905977
			8.38461538461532	-8.83760683760677
			8.39316239316233	-8.84615384615378
			8.39316239316233	-8.85470085470079
			8.39316239316233	-8.8632478632478
			8.39316239316233	-8.87179487179481
			8.39316239316233	-8.88034188034182
			8.40170940170934	-8.88888888888883
			8.40170940170934	-8.89743589743583
			8.40170940170934	-8.90598290598284
			8.40170940170934	-8.91452991452985
			8.40170940170934	-8.92307692307686
			8.41025641025635	-8.93162393162387
			8.41025641025635	-8.94017094017088
			8.41025641025635	-8.94871794871788
			8.41025641025635	-8.95726495726489
			8.41025641025635	-8.9658119658119
			8.41880341880336	-8.97435897435891
			8.41880341880336	-8.98290598290592
			8.41880341880336	-8.99145299145293
			8.41880341880336	-8.99999999999993
			8.41880341880336	-9.00854700854694
			8.42735042735037	-9.01709401709395
			8.42735042735037	-9.02564102564096
			8.42735042735037	-9.03418803418797
			8.42735042735037	-9.04273504273498
			8.43589743589738	-9.05128205128199
			8.43589743589738	-9.05982905982899
			8.43589743589738	-9.068376068376
			8.43589743589738	-9.07692307692301
			8.43589743589738	-9.08547008547002
			8.43589743589738	-9.09401709401703
			8.44444444444438	-9.10256410256404
			8.44444444444438	-9.11111111111104
			8.44444444444438	-9.11965811965805
			8.44444444444438	-9.12820512820506
			8.44444444444438	-9.13675213675207
			8.45299145299139	-9.14529914529908
			8.45299145299139	-9.15384615384609
			8.45299145299139	-9.1623931623931
			8.45299145299139	-9.1709401709401
			8.45299145299139	-9.17948717948711
			8.4615384615384	-9.17948717948711
			8.4615384615384	-9.18803418803412
			8.4615384615384	-9.19658119658113
			8.4615384615384	-9.20512820512814
			8.4615384615384	-9.21367521367515
			8.4615384615384	-9.22222222222216
			8.47008547008541	-9.23076923076916
			8.47008547008541	-9.23931623931617
			8.47008547008541	-9.24786324786318
			8.47008547008541	-9.25641025641019
			8.47008547008541	-9.2649572649572
			8.47863247863242	-9.27350427350421
			8.47863247863242	-9.28205128205122
			8.47863247863242	-9.29059829059822
			8.47863247863242	-9.29914529914523
			8.47863247863242	-9.30769230769224
			8.48717948717943	-9.31623931623925
			8.48717948717943	-9.32478632478626
			8.48717948717943	-9.33333333333327
			8.48717948717943	-9.34188034188027
			8.48717948717943	-9.35042735042728
			8.48717948717943	-9.35897435897429
			8.49572649572644	-9.3675213675213
			8.49572649572644	-9.37606837606831
			8.49572649572644	-9.38461538461532
			8.49572649572644	-9.39316239316233
			8.50427350427344	-9.40170940170933
			8.50427350427344	-9.41025641025634
			8.50427350427344	-9.41880341880335
			8.50427350427344	-9.42735042735036
			8.50427350427344	-9.43589743589737
			8.50427350427344	-9.44444444444438
			8.51282051282045	-9.45299145299139
			8.51282051282045	-9.46153846153839
			8.51282051282045	-9.4700854700854
			8.51282051282045	-9.47863247863241
			8.52136752136746	-9.48717948717942
			8.52136752136746	-9.49572649572643
			8.52136752136746	-9.50427350427343
			8.52136752136746	-9.51282051282044
			8.52136752136746	-9.52136752136745
			8.52136752136746	-9.52991452991446
			8.52991452991447	-9.53846153846147
			8.52991452991447	-9.54700854700848
			8.52991452991447	-9.55555555555549
			8.52991452991447	-9.56410256410249
			8.52991452991447	-9.5726495726495
			8.52991452991447	-9.58119658119651
			8.53846153846148	-9.58974358974352
			8.53846153846148	-9.59829059829053
			8.53846153846148	-9.60683760683754
			8.53846153846148	-9.61538461538455
			8.53846153846148	-9.62393162393155
			8.53846153846148	-9.63247863247856
			8.53846153846148	-9.64102564102557
			8.54700854700848	-9.64957264957258
			8.54700854700848	-9.65811965811959
			8.54700854700848	-9.6666666666666
			8.54700854700848	-9.67521367521361
			8.54700854700848	-9.68376068376061
			8.54700854700848	-9.69230769230762
			8.54700854700848	-9.70085470085463
			8.54700854700848	-9.70940170940164
			8.55555555555549	-9.71794871794865
			8.55555555555549	-9.72649572649566
			8.55555555555549	-9.73504273504266
			8.55555555555549	-9.74358974358967
			8.55555555555549	-9.75213675213668
			8.55555555555549	-9.76068376068369
			8.55555555555549	-9.7692307692307
			8.55555555555549	-9.77777777777771
			8.55555555555549	-9.78632478632472
			8.55555555555549	-9.79487179487172
			8.55555555555549	-9.80341880341873
			8.55555555555549	-9.81196581196574
			8.55555555555549	-9.82051282051275
			8.55555555555549	-9.82905982905976
			8.55555555555549	-9.83760683760677
			8.55555555555549	-9.84615384615378
			8.55555555555549	-9.85470085470078
			8.55555555555549	-9.86324786324779
			8.55555555555549	-9.8717948717948
			8.55555555555549	-9.88034188034181
			8.55555555555549	-9.88888888888882
			8.55555555555549	-9.89743589743583
			8.55555555555549	-9.90598290598284
			8.55555555555549	-9.91452991452984
			8.54700854700848	-9.92307692307685
			8.54700854700848	-9.93162393162386
			8.54700854700848	-9.94017094017087
			8.53846153846148	-9.94871794871788
			8.53846153846148	-9.95726495726489
			8.53846153846148	-9.96581196581189
			8.52991452991447	-9.96581196581189
			8.52991452991447	-9.9743589743589
			8.52136752136746	-9.9743589743589
			8.52136752136746	-9.98290598290591
			8.51282051282045	-9.98290598290591
		</curveLM07>
		<curveLM08 type=matrix rownames=FALSE colnames=FALSE nrow=71 ncol=2 as.numeric=TRUE >
			8.51282051282045	-9.98290598290591
			8.50427350427344	-9.99145299145292
			8.49572649572644	-9.99145299145292
			8.48717948717943	-9.98290598290591
			8.47863247863242	-9.98290598290591
			8.47008547008541	-9.9743589743589
			8.4615384615384	-9.9743589743589
			8.45299145299139	-9.96581196581189
			8.44444444444438	-9.95726495726489
			8.43589743589738	-9.94871794871788
			8.42735042735037	-9.94017094017087
			8.41880341880336	-9.94017094017087
			8.41025641025635	-9.93162393162386
			8.40170940170934	-9.92307692307685
			8.39316239316233	-9.91452991452984
			8.39316239316233	-9.90598290598284
			8.38461538461532	-9.89743589743583
			8.38461538461532	-9.88888888888882
			8.37606837606832	-9.88888888888882
			8.36752136752131	-9.88034188034181
			8.36752136752131	-9.8717948717948
			8.3589743589743	-9.86324786324779
			8.35042735042729	-9.85470085470078
			8.34188034188028	-9.85470085470078
			8.34188034188028	-9.84615384615378
			8.33333333333327	-9.83760683760677
			8.32478632478627	-9.82905982905976
			8.32478632478627	-9.82051282051275
			8.31623931623926	-9.81196581196574
			8.30769230769225	-9.81196581196574
			8.30769230769225	-9.80341880341873
			8.29914529914524	-9.79487179487172
			8.29914529914524	-9.78632478632472
			8.29059829059823	-9.78632478632472
			8.28205128205122	-9.77777777777771
			8.28205128205122	-9.7692307692307
			8.27350427350421	-9.76068376068369
			8.26495726495721	-9.75213675213668
			8.2564102564102	-9.74358974358967
			8.24786324786319	-9.73504273504266
			8.23931623931618	-9.72649572649566
			8.23076923076917	-9.71794871794865
			8.23076923076917	-9.70940170940164
			8.22222222222216	-9.70940170940164
			8.21367521367515	-9.70085470085463
			8.21367521367515	-9.69230769230762
			8.20512820512815	-9.69230769230762
			8.19658119658114	-9.68376068376061
			8.19658119658114	-9.67521367521361
			8.18803418803413	-9.67521367521361
			8.17948717948712	-9.6666666666666
			8.17094017094011	-9.65811965811959
			8.1623931623931	-9.64957264957258
			8.15384615384609	-9.64102564102557
			8.14529914529909	-9.64102564102557
			8.13675213675208	-9.63247863247856
			8.12820512820507	-9.63247863247856
			8.12820512820507	-9.62393162393155
			8.11965811965806	-9.62393162393155
			8.11111111111105	-9.61538461538455
			8.10256410256404	-9.61538461538455
			8.09401709401704	-9.60683760683754
			8.08547008547003	-9.60683760683754
			8.07692307692302	-9.59829059829053
			8.06837606837601	-9.59829059829053
			8.059829059829	-9.59829059829053
			8.05128205128199	-9.58974358974352
			8.04273504273498	-9.58974358974352
			8.03418803418798	-9.58974358974352
			8.02564102564097	-9.58974358974352
			8.01709401709396	-9.58974358974352
		</curveLM08>
		<curveLM09 type=matrix rownames=FALSE colnames=FALSE nrow=81 ncol=2 as.numeric=TRUE >
			8.01709401709396	-9.58974358974352
			8.00854700854695	-9.59829059829053
			7.99999999999994	-9.60683760683754
			7.99145299145293	-9.61538461538455
			7.98290598290593	-9.62393162393155
			7.98290598290593	-9.63247863247856
			7.97435897435892	-9.64102564102557
			7.97435897435892	-9.64957264957258
			7.97435897435892	-9.65811965811959
			7.96581196581191	-9.65811965811959
			7.96581196581191	-9.6666666666666
			7.96581196581191	-9.67521367521361
			7.9572649572649	-9.68376068376061
			7.9572649572649	-9.69230769230762
			7.9572649572649	-9.70085470085463
			7.94871794871789	-9.70940170940164
			7.94871794871789	-9.71794871794865
			7.94871794871789	-9.72649572649566
			7.94017094017088	-9.73504273504266
			7.94017094017088	-9.74358974358967
			7.94017094017088	-9.75213675213668
			7.94017094017088	-9.76068376068369
			7.94017094017088	-9.7692307692307
			7.94017094017088	-9.77777777777771
			7.93162393162387	-9.78632478632472
			7.93162393162387	-9.79487179487172
			7.93162393162387	-9.80341880341873
			7.93162393162387	-9.81196581196574
			7.93162393162387	-9.82051282051275
			7.93162393162387	-9.82905982905976
			7.92307692307687	-9.83760683760677
			7.92307692307687	-9.84615384615378
			7.92307692307687	-9.85470085470078
			7.92307692307687	-9.86324786324779
			7.91452991452986	-9.8717948717948
			7.91452991452986	-9.88034188034181
			7.91452991452986	-9.88888888888882
			7.91452991452986	-9.89743589743583
			7.90598290598285	-9.90598290598284
			7.90598290598285	-9.91452991452984
			7.90598290598285	-9.92307692307685
			7.89743589743584	-9.93162393162386
			7.89743589743584	-9.94017094017087
			7.89743589743584	-9.94871794871788
			7.88888888888883	-9.95726495726489
			7.88888888888883	-9.96581196581189
			7.88888888888883	-9.9743589743589
			7.88888888888883	-9.98290598290591
			7.88034188034182	-9.99145299145292
			7.88034188034182	-9.99999999999993
			7.87179487179482	-10.0085470085469
			7.87179487179482	-10.0170940170939
			7.87179487179482	-10.025641025641
			7.86324786324781	-10.034188034188
			7.86324786324781	-10.042735042735
			7.8547008547008	-10.051282051282
			7.8547008547008	-10.059829059829
			7.8547008547008	-10.068376068376
			7.84615384615379	-10.068376068376
			7.84615384615379	-10.076923076923
			7.83760683760678	-10.08547008547
			7.83760683760678	-10.094017094017
			7.83760683760678	-10.102564102564
			7.82905982905977	-10.102564102564
			7.82905982905977	-10.111111111111
			7.82051282051276	-10.119658119658
			7.82051282051276	-10.1282051282051
			7.81196581196576	-10.1367521367521
			7.80341880341875	-10.1452991452991
			7.79487179487174	-10.1538461538461
			7.78632478632473	-10.1623931623931
			7.78632478632473	-10.1709401709401
			7.77777777777772	-10.1794871794871
			7.76923076923071	-10.1880341880341
			7.7606837606837	-10.1880341880341
			7.7521367521367	-10.1965811965811
			7.74358974358969	-10.1965811965811
			7.73504273504268	-10.1965811965811
			7.72649572649567	-10.2051282051281
			7.71794871794866	-10.2051282051281
			7.70940170940165	-10.2051282051281
		</curveLM09>
		<curveLM10 type=matrix rownames=FALSE colnames=FALSE nrow=79 ncol=2 as.numeric=TRUE >
			7.70940170940165	-10.2051282051281
			7.70085470085465	-10.2051282051281
			7.69230769230764	-10.2051282051281
			7.68376068376063	-10.1965811965811
			7.67521367521362	-10.1965811965811
			7.66666666666661	-10.1880341880341
			7.6581196581196	-10.1880341880341
			7.64957264957259	-10.1794871794871
			7.64102564102559	-10.1794871794871
			7.64102564102559	-10.1709401709401
			7.63247863247858	-10.1623931623931
			7.62393162393157	-10.1538461538461
			7.61538461538456	-10.1452991452991
			7.61538461538456	-10.1367521367521
			7.60683760683755	-10.1282051282051
			7.59829059829054	-10.119658119658
			7.58974358974354	-10.111111111111
			7.58119658119653	-10.102564102564
			7.58119658119653	-10.094017094017
			7.57264957264952	-10.08547008547
			7.57264957264952	-10.076923076923
			7.56410256410251	-10.068376068376
			7.56410256410251	-10.059829059829
			7.5555555555555	-10.051282051282
			7.5555555555555	-10.042735042735
			7.5555555555555	-10.034188034188
			7.54700854700849	-10.025641025641
			7.54700854700849	-10.0170940170939
			7.53846153846148	-10.0085470085469
			7.53846153846148	-9.99999999999993
			7.52991452991448	-9.99145299145292
			7.52991452991448	-9.98290598290591
			7.52136752136747	-9.9743589743589
			7.52136752136747	-9.96581196581189
			7.51282051282046	-9.95726495726489
			7.51282051282046	-9.94871794871788
			7.51282051282046	-9.94017094017087
			7.50427350427345	-9.93162393162386
			7.50427350427345	-9.92307692307685
			7.50427350427345	-9.91452991452984
			7.49572649572644	-9.90598290598284
			7.49572649572644	-9.89743589743583
			7.48717948717943	-9.88888888888882
			7.48717948717943	-9.88034188034181
			7.48717948717943	-9.8717948717948
			7.47863247863242	-9.86324786324779
			7.47863247863242	-9.85470085470078
			7.47863247863242	-9.84615384615378
			7.47863247863242	-9.83760683760677
			7.47863247863242	-9.82905982905976
			7.47863247863242	-9.82051282051275
			7.47863247863242	-9.81196581196574
			7.47863247863242	-9.80341880341873
			7.47008547008542	-9.80341880341873
			7.47008547008542	-9.79487179487172
			7.47008547008542	-9.78632478632472
			7.47008547008542	-9.77777777777771
			7.47008547008542	-9.7692307692307
			7.47008547008542	-9.76068376068369
			7.46153846153841	-9.75213675213668
			7.46153846153841	-9.74358974358967
			7.46153846153841	-9.73504273504266
			7.46153846153841	-9.72649572649566
			7.4529914529914	-9.71794871794865
			7.4529914529914	-9.70940170940164
			7.4529914529914	-9.70085470085463
			7.4529914529914	-9.69230769230762
			7.44444444444439	-9.69230769230762
			7.44444444444439	-9.68376068376061
			7.44444444444439	-9.67521367521361
			7.43589743589738	-9.6666666666666
			7.43589743589738	-9.65811965811959
			7.42735042735037	-9.64957264957258
			7.42735042735037	-9.64102564102557
			7.41880341880336	-9.63247863247856
			7.41880341880336	-9.62393162393155
			7.41025641025636	-9.62393162393155
			7.41025641025636	-9.61538461538455
			7.40170940170935	-9.60683760683754
		</curveLM10>
		<curveLM11 type=matrix rownames=FALSE colnames=FALSE nrow=64 ncol=2 as.numeric=TRUE >
			7.40170940170935	-9.60683760683754
			7.39316239316234	-9.60683760683754
			7.38461538461533	-9.59829059829053
			7.37606837606832	-9.59829059829053
			7.36752136752131	-9.59829059829053
			7.35897435897431	-9.59829059829053
			7.3504273504273	-9.59829059829053
			7.34188034188029	-9.59829059829053
			7.33333333333328	-9.59829059829053
			7.32478632478627	-9.60683760683754
			7.31623931623926	-9.60683760683754
			7.30769230769226	-9.60683760683754
			7.29914529914525	-9.61538461538455
			7.29059829059824	-9.62393162393155
			7.28205128205123	-9.63247863247856
			7.27350427350422	-9.64102564102557
			7.26495726495721	-9.64102564102557
			7.2564102564102	-9.64957264957258
			7.2564102564102	-9.65811965811959
			7.2478632478632	-9.6666666666666
			7.23931623931619	-9.67521367521361
			7.23931623931619	-9.68376068376061
			7.23076923076918	-9.69230769230762
			7.22222222222217	-9.70085470085463
			7.21367521367516	-9.70940170940164
			7.20512820512815	-9.71794871794865
			7.19658119658114	-9.72649572649566
			7.18803418803414	-9.73504273504266
			7.17948717948713	-9.74358974358967
			7.17094017094012	-9.75213675213668
			7.16239316239311	-9.76068376068369
			7.1538461538461	-9.7692307692307
			7.14529914529909	-9.77777777777771
			7.13675213675209	-9.78632478632472
			7.12820512820508	-9.79487179487172
			7.11965811965807	-9.80341880341873
			7.11111111111106	-9.81196581196574
			7.10256410256405	-9.82051282051275
			7.09401709401704	-9.82905982905976
			7.08547008547003	-9.83760683760677
			7.07692307692303	-9.83760683760677
			7.07692307692303	-9.84615384615378
			7.06837606837602	-9.85470085470078
			7.05982905982901	-9.86324786324779
			7.051282051282	-9.86324786324779
			7.04273504273499	-9.8717948717948
			7.04273504273499	-9.88034188034181
			7.03418803418798	-9.88034188034181
			7.02564102564097	-9.88888888888882
			7.01709401709397	-9.89743589743583
			7.00854700854696	-9.90598290598284
			6.99999999999995	-9.91452991452984
			6.99145299145294	-9.91452991452984
			6.98290598290593	-9.92307692307685
			6.97435897435892	-9.93162393162386
			6.96581196581192	-9.94017094017087
			6.95726495726491	-9.94017094017087
			6.9487179487179	-9.94871794871788
			6.94017094017089	-9.94871794871788
			6.93162393162388	-9.95726495726489
			6.92307692307687	-9.95726495726489
			6.91452991452987	-9.96581196581189
			6.90598290598286	-9.96581196581189
			6.89743589743585	-9.95726495726489
		</curveLM11>
		<curveLM12 type=matrix rownames=FALSE colnames=FALSE nrow=392 ncol=2 as.numeric=TRUE >
			6.89743589743585	-9.95726495726489
			6.89743589743585	-9.94871794871788
			6.88888888888884	-9.94017094017087
			6.88888888888884	-9.93162393162386
			6.88034188034183	-9.92307692307685
			6.88034188034183	-9.91452991452984
			6.88034188034183	-9.90598290598284
			6.87179487179482	-9.89743589743583
			6.87179487179482	-9.88888888888882
			6.87179487179482	-9.88034188034181
			6.87179487179482	-9.8717948717948
			6.87179487179482	-9.86324786324779
			6.87179487179482	-9.85470085470078
			6.86324786324781	-9.84615384615378
			6.86324786324781	-9.83760683760677
			6.86324786324781	-9.82905982905976
			6.86324786324781	-9.82051282051275
			6.86324786324781	-9.81196581196574
			6.86324786324781	-9.80341880341873
			6.86324786324781	-9.79487179487172
			6.86324786324781	-9.78632478632472
			6.86324786324781	-9.77777777777771
			6.86324786324781	-9.7692307692307
			6.86324786324781	-9.76068376068369
			6.86324786324781	-9.75213675213668
			6.86324786324781	-9.74358974358967
			6.86324786324781	-9.73504273504266
			6.86324786324781	-9.72649572649566
			6.86324786324781	-9.71794871794865
			6.86324786324781	-9.70940170940164
			6.86324786324781	-9.70085470085463
			6.86324786324781	-9.69230769230762
			6.86324786324781	-9.68376068376061
			6.87179487179482	-9.67521367521361
			6.87179487179482	-9.6666666666666
			6.87179487179482	-9.65811965811959
			6.87179487179482	-9.64957264957258
			6.87179487179482	-9.64102564102557
			6.87179487179482	-9.63247863247856
			6.87179487179482	-9.62393162393155
			6.87179487179482	-9.61538461538455
			6.88034188034183	-9.60683760683754
			6.88034188034183	-9.59829059829053
			6.88034188034183	-9.58974358974352
			6.88034188034183	-9.58119658119651
			6.88034188034183	-9.5726495726495
			6.88888888888884	-9.56410256410249
			6.88888888888884	-9.55555555555549
			6.88888888888884	-9.54700854700848
			6.88888888888884	-9.53846153846147
			6.88888888888884	-9.52991452991446
			6.88888888888884	-9.52136752136745
			6.89743589743585	-9.51282051282044
			6.89743589743585	-9.50427350427343
			6.89743589743585	-9.49572649572643
			6.89743589743585	-9.48717948717942
			6.89743589743585	-9.47863247863241
			6.90598290598286	-9.4700854700854
			6.90598290598286	-9.46153846153839
			6.90598290598286	-9.45299145299139
			6.90598290598286	-9.44444444444438
			6.90598290598286	-9.43589743589737
			6.91452991452987	-9.42735042735036
			6.91452991452987	-9.41880341880335
			6.91452991452987	-9.41025641025634
			6.91452991452987	-9.40170940170933
			6.91452991452987	-9.39316239316233
			6.92307692307687	-9.38461538461532
			6.92307692307687	-9.37606837606831
			6.92307692307687	-9.3675213675213
			6.92307692307687	-9.35897435897429
			6.92307692307687	-9.35042735042728
			6.93162393162388	-9.34188034188027
			6.93162393162388	-9.33333333333327
			6.93162393162388	-9.32478632478626
			6.93162393162388	-9.31623931623925
			6.93162393162388	-9.30769230769224
			6.94017094017089	-9.29914529914523
			6.94017094017089	-9.29059829059822
			6.94017094017089	-9.28205128205122
			6.94017094017089	-9.27350427350421
			6.94017094017089	-9.2649572649572
			6.9487179487179	-9.25641025641019
			6.9487179487179	-9.24786324786318
			6.9487179487179	-9.23931623931617
			6.9487179487179	-9.23076923076916
			6.9487179487179	-9.22222222222216
			6.95726495726491	-9.21367521367515
			6.95726495726491	-9.20512820512814
			6.95726495726491	-9.19658119658113
			6.95726495726491	-9.18803418803412
			6.95726495726491	-9.17948717948711
			6.96581196581192	-9.1709401709401
			6.96581196581192	-9.1623931623931
			6.96581196581192	-9.15384615384609
			6.96581196581192	-9.14529914529908
			6.97435897435892	-9.13675213675207
			6.97435897435892	-9.12820512820506
			6.97435897435892	-9.11965811965805
			6.97435897435892	-9.11111111111104
			6.97435897435892	-9.10256410256404
			6.98290598290593	-9.09401709401703
			6.98290598290593	-9.08547008547002
			6.98290598290593	-9.07692307692301
			6.98290598290593	-9.068376068376
			6.98290598290593	-9.05982905982899
			6.99145299145294	-9.05128205128199
			6.99145299145294	-9.04273504273498
			6.99145299145294	-9.03418803418797
			6.99145299145294	-9.02564102564096
			6.99999999999995	-9.01709401709395
			6.99999999999995	-9.00854700854694
			6.99999999999995	-8.99999999999993
			6.99999999999995	-8.99145299145293
			6.99999999999995	-8.98290598290592
			7.00854700854696	-8.97435897435891
			7.00854700854696	-8.9658119658119
			7.00854700854696	-8.95726495726489
			7.00854700854696	-8.94871794871788
			7.01709401709397	-8.94017094017088
			7.01709401709397	-8.93162393162387
			7.01709401709397	-8.92307692307686
			7.01709401709397	-8.91452991452985
			7.01709401709397	-8.90598290598284
			7.02564102564097	-8.89743589743583
			7.02564102564097	-8.88888888888883
			7.02564102564097	-8.88034188034182
			7.02564102564097	-8.87179487179481
			7.03418803418798	-8.8632478632478
			7.03418803418798	-8.85470085470079
			7.03418803418798	-8.84615384615378
			7.03418803418798	-8.83760683760677
			7.03418803418798	-8.82905982905977
			7.04273504273499	-8.82905982905977
			7.04273504273499	-8.82051282051276
			7.04273504273499	-8.81196581196575
			7.04273504273499	-8.80341880341874
			7.051282051282	-8.79487179487173
			7.051282051282	-8.78632478632472
			7.051282051282	-8.77777777777771
			7.051282051282	-8.76923076923071
			7.051282051282	-8.7606837606837
			7.05982905982901	-8.75213675213669
			7.05982905982901	-8.74358974358968
			7.05982905982901	-8.73504273504267
			7.05982905982901	-8.72649572649566
			7.06837606837602	-8.71794871794866
			7.06837606837602	-8.70940170940165
			7.06837606837602	-8.70085470085464
			7.06837606837602	-8.69230769230763
			7.06837606837602	-8.68376068376062
			7.07692307692303	-8.67521367521361
			7.07692307692303	-8.6666666666666
			7.07692307692303	-8.6581196581196
			7.07692307692303	-8.64957264957259
			7.08547008547003	-8.64102564102558
			7.08547008547003	-8.63247863247857
			7.08547008547003	-8.62393162393156
			7.08547008547003	-8.61538461538455
			7.09401709401704	-8.60683760683754
			7.09401709401704	-8.59829059829054
			7.09401709401704	-8.58974358974353
			7.09401709401704	-8.58119658119652
			7.10256410256405	-8.57264957264951
			7.10256410256405	-8.5641025641025
			7.10256410256405	-8.55555555555549
			7.10256410256405	-8.54700854700848
			7.11111111111106	-8.53846153846148
			7.11111111111106	-8.52991452991447
			7.11111111111106	-8.52136752136746
			7.11111111111106	-8.51282051282045
			7.11111111111106	-8.50427350427344
			7.11965811965807	-8.49572649572644
			7.11965811965807	-8.48717948717943
			7.11965811965807	-8.47863247863242
			7.12820512820508	-8.47008547008541
			7.12820512820508	-8.4615384615384
			7.12820512820508	-8.45299145299139
			7.12820512820508	-8.44444444444438
			7.13675213675209	-8.43589743589738
			7.13675213675209	-8.42735042735037
			7.13675213675209	-8.41880341880336
			7.13675213675209	-8.41025641025635
			7.14529914529909	-8.40170940170934
			7.14529914529909	-8.39316239316233
			7.14529914529909	-8.38461538461532
			7.14529914529909	-8.37606837606832
			7.14529914529909	-8.36752136752131
			7.1538461538461	-8.36752136752131
			7.1538461538461	-8.3589743589743
			7.1538461538461	-8.35042735042729
			7.1538461538461	-8.34188034188028
			7.1538461538461	-8.33333333333327
			7.16239316239311	-8.32478632478627
			7.16239316239311	-8.31623931623926
			7.16239316239311	-8.30769230769225
			7.16239316239311	-8.29914529914524
			7.17094017094012	-8.29059829059823
			7.17094017094012	-8.28205128205122
			7.17094017094012	-8.27350427350421
			7.17948717948713	-8.26495726495721
			7.17948717948713	-8.2564102564102
			7.17948717948713	-8.24786324786319
			7.17948717948713	-8.23931623931618
			7.18803418803414	-8.23076923076917
			7.18803418803414	-8.22222222222216
			7.18803418803414	-8.21367521367515
			7.18803418803414	-8.20512820512815
			7.18803418803414	-8.19658119658114
			7.18803418803414	-8.18803418803413
			7.19658119658114	-8.17948717948712
			7.19658119658114	-8.17094017094011
			7.19658119658114	-8.1623931623931
			7.19658119658114	-8.15384615384609
			7.19658119658114	-8.14529914529909
			7.19658119658114	-8.13675213675208
			7.20512820512815	-8.12820512820507
			7.20512820512815	-8.11965811965806
			7.20512820512815	-8.11111111111105
			7.20512820512815	-8.10256410256404
			7.20512820512815	-8.09401709401704
			7.21367521367516	-8.08547008547003
			7.21367521367516	-8.07692307692302
			7.21367521367516	-8.06837606837601
			7.21367521367516	-8.059829059829
			7.21367521367516	-8.05128205128199
			7.21367521367516	-8.04273504273498
			7.22222222222217	-8.03418803418798
			7.22222222222217	-8.02564102564097
			7.22222222222217	-8.01709401709396
			7.22222222222217	-8.00854700854695
			7.22222222222217	-7.99999999999994
			7.23076923076918	-7.99145299145293
			7.23076923076918	-7.98290598290593
			7.23076923076918	-7.97435897435892
			7.23076923076918	-7.96581196581191
			7.23076923076918	-7.9572649572649
			7.23076923076918	-7.94871794871789
			7.23931623931619	-7.94871794871789
			7.23931623931619	-7.94017094017088
			7.23931623931619	-7.93162393162387
			7.23931623931619	-7.92307692307687
			7.23931623931619	-7.91452991452986
			7.2478632478632	-7.90598290598285
			7.2478632478632	-7.89743589743584
			7.2478632478632	-7.88888888888883
			7.2478632478632	-7.88034188034182
			7.2478632478632	-7.87179487179482
			7.2478632478632	-7.86324786324781
			7.2564102564102	-7.8547008547008
			7.2564102564102	-7.84615384615379
			7.2564102564102	-7.83760683760678
			7.2564102564102	-7.82905982905977
			7.26495726495721	-7.82051282051276
			7.26495726495721	-7.81196581196576
			7.26495726495721	-7.80341880341875
			7.26495726495721	-7.79487179487174
			7.26495726495721	-7.78632478632473
			7.27350427350422	-7.77777777777772
			7.27350427350422	-7.76923076923071
			7.27350427350422	-7.7606837606837
			7.27350427350422	-7.7521367521367
			7.27350427350422	-7.74358974358969
			7.28205128205123	-7.73504273504268
			7.28205128205123	-7.72649572649567
			7.28205128205123	-7.71794871794866
			7.29059829059824	-7.70940170940165
			7.29059829059824	-7.70085470085465
			7.29059829059824	-7.69230769230764
			7.29059829059824	-7.68376068376063
			7.29059829059824	-7.67521367521362
			7.29914529914525	-7.66666666666661
			7.29914529914525	-7.6581196581196
			7.29914529914525	-7.64957264957259
			7.29914529914525	-7.64102564102559
			7.30769230769226	-7.63247863247858
			7.30769230769226	-7.62393162393157
			7.30769230769226	-7.61538461538456
			7.30769230769226	-7.60683760683755
			7.31623931623926	-7.59829059829054
			7.31623931623926	-7.58974358974354
			7.31623931623926	-7.58119658119653
			7.31623931623926	-7.57264957264952
			7.32478632478627	-7.56410256410251
			7.32478632478627	-7.5555555555555
			7.32478632478627	-7.54700854700849
			7.33333333333328	-7.53846153846148
			7.33333333333328	-7.52991452991448
			7.33333333333328	-7.52136752136747
			7.33333333333328	-7.51282051282046
			7.34188034188029	-7.50427350427345
			7.34188034188029	-7.49572649572644
			7.34188034188029	-7.48717948717943
			7.34188034188029	-7.47863247863242
			7.3504273504273	-7.47008547008542
			7.3504273504273	-7.46153846153841
			7.3504273504273	-7.4529914529914
			7.35897435897431	-7.44444444444439
			7.35897435897431	-7.43589743589738
			7.35897435897431	-7.42735042735037
			7.35897435897431	-7.41880341880336
			7.36752136752131	-7.41025641025636
			7.36752136752131	-7.40170940170935
			7.36752136752131	-7.39316239316234
			7.36752136752131	-7.38461538461533
			7.37606837606832	-7.37606837606832
			7.37606837606832	-7.36752136752131
			7.37606837606832	-7.35897435897431
			7.38461538461533	-7.3504273504273
			7.38461538461533	-7.34188034188029
			7.39316239316234	-7.33333333333328
			7.39316239316234	-7.32478632478627
			7.39316239316234	-7.31623931623926
			7.39316239316234	-7.30769230769226
			7.40170940170935	-7.30769230769226
			7.40170940170935	-7.29914529914525
			7.40170940170935	-7.29059829059824
			7.40170940170935	-7.28205128205123
			7.41025641025636	-7.27350427350422
			7.41025641025636	-7.26495726495721
			7.41025641025636	-7.2564102564102
			7.41880341880336	-7.2478632478632
			7.41880341880336	-7.23931623931619
			7.42735042735037	-7.23076923076918
			7.42735042735037	-7.22222222222217
			7.42735042735037	-7.21367521367516
			7.43589743589738	-7.20512820512815
			7.43589743589738	-7.19658119658114
			7.43589743589738	-7.18803418803414
			7.44444444444439	-7.17948717948713
			7.44444444444439	-7.17094017094012
			7.4529914529914	-7.16239316239311
			7.4529914529914	-7.1538461538461
			7.4529914529914	-7.14529914529909
			7.46153846153841	-7.13675213675209
			7.46153846153841	-7.12820512820508
			7.46153846153841	-7.11965811965807
			7.47008547008542	-7.11111111111106
			7.47008547008542	-7.10256410256405
			7.47863247863242	-7.09401709401704
			7.47863247863242	-7.08547008547003
			7.47863247863242	-7.07692307692303
			7.48717948717943	-7.06837606837602
			7.48717948717943	-7.05982905982901
			7.49572649572644	-7.05982905982901
			7.49572649572644	-7.051282051282
			7.49572649572644	-7.04273504273499
			7.50427350427345	-7.03418803418798
			7.50427350427345	-7.02564102564097
			7.51282051282046	-7.01709401709397
			7.51282051282046	-7.00854700854696
			7.51282051282046	-6.99999999999995
			7.52136752136747	-6.99999999999995
			7.52136752136747	-6.99145299145294
			7.52991452991448	-6.98290598290593
			7.52991452991448	-6.97435897435892
			7.53846153846148	-6.96581196581192
			7.53846153846148	-6.95726495726491
			7.54700854700849	-6.9487179487179
			7.54700854700849	-6.94017094017089
			7.5555555555555	-6.93162393162388
			7.5555555555555	-6.92307692307687
			7.56410256410251	-6.91452991452987
			7.56410256410251	-6.90598290598286
			7.57264957264952	-6.89743589743585
			7.57264957264952	-6.88888888888884
			7.58119658119653	-6.88888888888884
			7.58119658119653	-6.88034188034183
			7.58974358974354	-6.87179487179482
			7.58974358974354	-6.86324786324781
			7.59829059829054	-6.85470085470081
			7.59829059829054	-6.8461538461538
			7.60683760683755	-6.8461538461538
			7.60683760683755	-6.83760683760679
			7.61538461538456	-6.82905982905978
			7.62393162393157	-6.82051282051277
			7.62393162393157	-6.81196581196576
			7.63247863247858	-6.81196581196576
			7.63247863247858	-6.80341880341875
			7.64102564102559	-6.79487179487175
			7.64102564102559	-6.78632478632474
			7.64957264957259	-6.78632478632474
			7.64957264957259	-6.77777777777773
			7.6581196581196	-6.76923076923072
			7.66666666666661	-6.76068376068371
			7.67521367521362	-6.7521367521367
			7.67521367521362	-6.74358974358969
			7.68376068376063	-6.73504273504269
			7.69230769230764	-6.73504273504269
			7.69230769230764	-6.72649572649568
			7.70085470085465	-6.71794871794867
			7.70940170940165	-6.70940170940166
		</curveLM12>
	</curves.scaled>
	<ruler.points type=matrix rownames=TRUE colnames=FALSE nrow=5 ncol=2 as.numeric=TRUE >
		Ruler point 1	434	1410
		Ruler point 2	551	1409
		Ruler point 3	668	1409
		Ruler point 4	785	1409
		Ruler point 5	902	1409
	</ruler.points>
</shapes>

