<shapes type=list>
	<ruler.pixel type=vector names=FALSE length=1 as.numeric=TRUE >117.317329107651</ruler.pixel>
	<ruler.interval type=vector names=FALSE length=1 as.numeric=TRUE >1</ruler.interval>
	<scaling.units type=vector names=FALSE length=1 as.numeric=FALSE >cm</scaling.units>
	<scaling type=vector names=FALSE length=1 as.numeric=TRUE >0.00852388992833611</scaling>
	<landmarks.pixel type=matrix rownames=TRUE colnames=FALSE nrow=6 ncol=2 as.numeric=TRUE >
		LM01	675	33
		LM02	760	517
		LM03	718	521
		LM04	679	601
		LM05	635	523
		LM06	586	508
	</landmarks.pixel>
	<landmarks.scaled type=matrix rownames=TRUE colnames=FALSE nrow=6 ncol=2 as.numeric=TRUE >
		LM01	5.75362570162688	-0.281288367635092
		LM02	6.47815634553544	-4.40685109294977
		LM03	6.12015296854533	-4.44094665266311
		LM04	5.78772126134022	-5.12285784693
		LM05	5.41267010449343	-4.45799443251979
		LM06	4.99499949800496	-4.33013608359474
	</landmarks.scaled>
	<curves.control type=list>
		<curveLM07 type=matrix rownames=FALSE colnames=FALSE nrow=9 ncol=2 as.numeric=TRUE >
			675	33
			684	36
			712	142
			734	236
			737	342
			733	424
			747	472
			765	512
			760	517
		</curveLM07>
		<curveLM08 type=matrix rownames=FALSE colnames=FALSE nrow=5 ncol=2 as.numeric=TRUE >
			760	517
			753	524
			737	519
			725	517
			718	521
		</curveLM08>
		<curveLM09 type=matrix rownames=FALSE colnames=FALSE nrow=5 ncol=2 as.numeric=TRUE >
			718	521
			701	534
			702	578
			696	608
			679	601
		</curveLM09>
		<curveLM10 type=matrix rownames=FALSE colnames=FALSE nrow=5 ncol=2 as.numeric=TRUE >
			679	601
			655	603
			653	579
			641	539
			635	523
		</curveLM10>
		<curveLM11 type=matrix rownames=FALSE colnames=FALSE nrow=5 ncol=2 as.numeric=TRUE >
			635	523
			615	520
			595	517
			589	514
			586	508
		</curveLM11>
		<curveLM12 type=matrix rownames=FALSE colnames=FALSE nrow=9 ncol=2 as.numeric=TRUE >
			586	508
			581	502
			597	479
			612	426
			611	339
			620	269
			636	178
			671	35
			675	33
		</curveLM12>
	</curves.control>
	<curves.pixel type=list>
		<curveLM07 type=matrix rownames=FALSE colnames=FALSE nrow=493 ncol=2 as.numeric=TRUE >
			675	33
			676	33
			676	34
			677	35
			678	35
			678	36
			679	37
			679	38
			680	39
			680	40
			681	41
			681	42
			682	43
			682	44
			683	45
			683	46
			683	47
			684	48
			684	49
			684	50
			685	51
			685	52
			685	53
			686	54
			686	55
			687	56
			687	57
			687	58
			688	59
			688	60
			688	61
			689	62
			689	63
			690	64
			690	65
			690	66
			690	67
			691	68
			691	69
			691	70
			692	71
			692	72
			692	73
			693	74
			693	75
			693	76
			694	77
			694	78
			694	79
			694	80
			695	80
			695	81
			695	82
			696	83
			696	84
			696	85
			696	86
			697	87
			697	88
			697	89
			698	90
			698	91
			698	92
			699	93
			699	94
			699	95
			699	96
			700	97
			700	98
			700	99
			701	100
			701	101
			701	102
			701	103
			702	104
			702	105
			702	106
			703	107
			703	108
			703	109
			703	110
			704	111
			704	112
			704	113
			704	114
			705	115
			705	116
			705	117
			706	118
			706	119
			706	120
			706	121
			707	122
			707	123
			707	124
			708	125
			708	126
			708	127
			708	128
			709	129
			709	130
			709	131
			709	132
			710	133
			710	134
			710	135
			710	136
			711	137
			711	138
			711	139
			711	140
			712	141
			712	142
			712	143
			712	144
			713	145
			713	146
			713	147
			713	148
			714	149
			714	150
			714	151
			714	152
			715	153
			715	154
			715	155
			715	156
			715	157
			716	158
			716	159
			716	160
			716	161
			716	162
			717	163
			717	164
			717	165
			717	166
			717	167
			718	167
			718	168
			718	169
			718	170
			718	171
			719	172
			719	173
			719	174
			719	175
			719	176
			719	177
			720	178
			720	179
			720	180
			720	181
			720	182
			721	183
			721	184
			721	185
			721	186
			721	187
			721	188
			722	189
			722	190
			722	191
			722	192
			722	193
			723	194
			723	195
			723	196
			723	197
			723	198
			723	199
			723	200
			724	200
			724	201
			724	202
			724	203
			724	204
			724	205
			725	206
			725	207
			725	208
			725	209
			725	210
			725	211
			726	212
			726	213
			726	214
			726	215
			726	216
			726	217
			726	218
			727	219
			727	220
			727	221
			727	222
			727	223
			727	224
			727	225
			728	226
			728	227
			728	228
			728	229
			728	230
			728	231
			728	232
			728	233
			729	234
			729	235
			729	236
			729	237
			729	238
			729	239
			729	240
			730	241
			730	242
			730	243
			730	244
			730	245
			730	246
			730	247
			730	248
			730	249
			731	250
			731	251
			731	252
			731	253
			731	254
			731	255
			731	256
			731	257
			731	258
			732	259
			732	260
			732	261
			732	262
			732	263
			732	264
			732	265
			732	266
			732	267
			732	268
			733	269
			733	270
			733	271
			733	272
			733	273
			733	274
			733	275
			733	276
			733	277
			733	278
			733	279
			734	280
			734	281
			734	282
			734	283
			734	284
			734	285
			734	286
			734	287
			734	288
			734	289
			734	290
			734	291
			735	292
			735	293
			735	294
			735	295
			735	296
			735	297
			735	298
			735	299
			735	300
			735	301
			735	302
			735	303
			735	304
			735	305
			735	306
			735	307
			736	308
			736	309
			736	310
			736	311
			736	312
			736	313
			736	314
			736	315
			736	316
			736	317
			736	318
			736	319
			736	320
			736	321
			736	322
			736	323
			736	324
			736	325
			736	326
			736	327
			737	328
			737	329
			737	330
			737	331
			737	332
			737	333
			737	334
			737	335
			737	336
			737	337
			737	338
			737	339
			737	340
			737	341
			737	342
			737	343
			737	344
			737	345
			737	346
			737	347
			737	348
			737	349
			737	350
			737	351
			737	352
			737	353
			737	354
			736	354
			736	355
			736	356
			736	357
			736	358
			736	359
			736	360
			736	361
			736	362
			736	363
			736	364
			736	365
			736	366
			736	367
			736	368
			736	369
			736	370
			736	371
			736	372
			736	373
			736	374
			736	375
			736	376
			736	377
			736	378
			736	379
			736	380
			736	381
			736	382
			736	383
			736	384
			736	385
			736	386
			736	387
			736	388
			736	389
			736	390
			736	391
			736	392
			736	393
			736	394
			736	395
			736	396
			736	397
			737	398
			737	399
			737	400
			737	401
			737	402
			737	403
			737	404
			737	405
			737	406
			737	407
			737	408
			737	409
			737	410
			737	411
			737	412
			737	413
			737	414
			737	415
			738	416
			738	417
			738	418
			738	419
			738	420
			738	421
			738	422
			738	423
			738	424
			738	425
			738	426
			739	427
			739	428
			739	429
			739	430
			739	431
			739	432
			739	433
			739	434
			739	435
			740	436
			740	437
			740	438
			740	439
			740	440
			740	441
			740	442
			741	442
			741	443
			741	444
			741	445
			741	446
			741	447
			742	448
			742	449
			742	450
			742	451
			742	452
			743	453
			743	454
			743	455
			743	456
			743	457
			743	458
			744	458
			744	459
			744	460
			744	461
			744	462
			745	463
			745	464
			745	465
			745	466
			746	467
			746	468
			746	469
			746	470
			747	471
			747	472
			748	473
			748	474
			748	475
			749	476
			749	477
			750	478
			750	479
			751	480
			751	481
			751	482
			752	483
			752	484
			753	485
			753	486
			753	487
			754	488
			754	489
			755	490
			755	491
			756	492
			756	493
			756	494
			757	495
			757	496
			757	497
			757	498
			758	499
			758	500
			759	501
			759	502
			759	503
			759	504
			760	505
			760	506
			760	507
			760	508
			761	509
			761	510
			761	511
			761	512
			761	513
			761	514
			761	515
			761	516
			760	517
		</curveLM07>
		<curveLM08 type=matrix rownames=FALSE colnames=FALSE nrow=43 ncol=2 as.numeric=TRUE >
			760	517
			759	518
			758	519
			757	519
			756	520
			755	520
			754	520
			753	521
			752	521
			751	521
			750	521
			749	521
			748	521
			747	521
			746	521
			745	521
			744	521
			743	520
			742	520
			741	520
			740	520
			739	519
			738	519
			737	519
			736	519
			735	519
			734	519
			733	518
			732	518
			731	518
			730	518
			729	518
			728	518
			727	518
			726	519
			725	519
			724	519
			723	519
			722	519
			721	520
			720	520
			719	521
			718	521
		</curveLM08>
		<curveLM09 type=matrix rownames=FALSE colnames=FALSE nrow=96 ncol=2 as.numeric=TRUE >
			718	521
			717	522
			716	523
			715	524
			714	525
			713	526
			712	527
			712	528
			711	529
			710	530
			710	531
			709	532
			709	533
			708	534
			708	535
			707	536
			707	537
			707	538
			706	539
			706	540
			706	541
			705	542
			705	543
			705	544
			705	545
			704	546
			704	547
			704	548
			704	549
			704	550
			704	551
			703	551
			703	552
			703	553
			703	554
			703	555
			703	556
			703	557
			703	558
			703	559
			702	560
			702	561
			702	562
			702	563
			702	564
			702	565
			702	566
			702	567
			702	568
			702	569
			702	570
			702	571
			702	572
			702	573
			702	574
			702	575
			702	576
			702	577
			702	578
			702	579
			702	580
			701	580
			701	581
			701	582
			701	583
			700	584
			700	585
			700	586
			700	587
			699	588
			699	589
			698	590
			698	591
			698	592
			697	593
			697	594
			696	595
			696	596
			695	596
			695	597
			694	598
			693	599
			692	600
			691	600
			690	601
			689	602
			688	602
			687	602
			686	602
			685	602
			684	602
			683	602
			682	602
			681	602
			680	601
			679	601
		</curveLM09>
		<curveLM10 type=matrix rownames=FALSE colnames=FALSE nrow=98 ncol=2 as.numeric=TRUE >
			679	601
			678	601
			677	601
			676	601
			675	601
			674	601
			673	601
			672	601
			671	601
			670	601
			669	600
			668	600
			667	600
			666	600
			665	599
			664	599
			663	598
			662	598
			661	597
			660	596
			659	595
			658	594
			657	593
			657	592
			656	592
			656	591
			656	590
			655	589
			655	588
			655	587
			654	586
			654	585
			654	584
			653	583
			653	582
			653	581
			653	580
			653	579
			653	578
			652	577
			652	576
			652	575
			652	574
			651	573
			651	572
			650	571
			650	570
			650	569
			650	568
			650	567
			649	567
			649	566
			649	565
			649	564
			648	564
			648	563
			648	562
			648	561
			647	561
			647	560
			647	559
			647	558
			646	558
			646	557
			646	556
			646	555
			645	554
			645	553
			645	552
			644	551
			644	550
			644	549
			643	548
			643	547
			643	546
			643	545
			642	544
			642	543
			641	542
			641	541
			641	540
			640	539
			640	538
			640	537
			640	536
			639	535
			639	534
			639	533
			638	532
			638	531
			637	530
			637	529
			637	528
			637	527
			636	526
			636	525
			635	524
			635	523
		</curveLM10>
		<curveLM11 type=matrix rownames=FALSE colnames=FALSE nrow=56 ncol=2 as.numeric=TRUE >
			635	523
			634	523
			633	523
			632	523
			631	522
			630	522
			629	522
			628	522
			627	522
			626	522
			625	522
			625	521
			624	521
			623	521
			622	521
			621	521
			620	521
			619	521
			618	520
			617	520
			616	520
			615	520
			614	520
			613	520
			612	520
			612	519
			611	519
			610	519
			609	519
			608	519
			607	519
			606	519
			605	519
			605	518
			604	518
			603	518
			602	518
			601	518
			600	518
			599	518
			598	517
			597	517
			596	517
			595	517
			594	517
			594	516
			593	516
			592	515
			591	515
			591	514
			590	513
			589	512
			588	511
			587	510
			587	509
			586	508
		</curveLM11>
		<curveLM12 type=matrix rownames=FALSE colnames=FALSE nrow=486 ncol=2 as.numeric=TRUE >
			586	508
			585	507
			585	506
			585	505
			585	504
			585	503
			585	502
			585	501
			586	500
			586	499
			586	498
			587	497
			587	496
			587	495
			588	494
			589	493
			589	492
			590	491
			590	490
			591	489
			591	488
			592	487
			592	486
			593	485
			594	484
			595	483
			595	482
			596	481
			596	480
			597	479
			597	478
			598	477
			598	476
			598	475
			598	474
			599	473
			599	472
			599	471
			599	470
			600	469
			600	468
			600	467
			600	466
			601	465
			601	464
			601	463
			601	462
			601	461
			602	460
			602	459
			602	458
			602	457
			603	456
			603	455
			603	454
			603	453
			603	452
			603	451
			604	450
			604	449
			604	448
			604	447
			604	446
			604	445
			605	444
			605	443
			605	442
			605	441
			605	440
			605	439
			606	438
			606	437
			606	436
			606	435
			606	434
			606	433
			606	432
			606	431
			607	430
			607	429
			607	428
			607	427
			607	426
			607	425
			607	424
			607	423
			608	422
			608	421
			608	420
			608	419
			608	418
			608	417
			608	416
			608	415
			608	414
			608	413
			609	412
			609	411
			609	410
			609	409
			609	408
			609	407
			609	406
			609	405
			609	404
			609	403
			609	402
			609	401
			609	400
			610	399
			610	398
			610	397
			610	396
			610	395
			610	394
			610	393
			610	392
			610	391
			610	390
			610	389
			610	388
			610	387
			610	386
			610	385
			610	384
			610	383
			610	382
			610	381
			611	380
			611	379
			611	378
			611	377
			611	376
			611	375
			611	374
			611	373
			611	372
			611	371
			611	370
			611	369
			611	368
			611	367
			611	366
			611	365
			611	364
			611	363
			611	362
			611	361
			611	360
			611	359
			611	358
			611	357
			611	356
			611	355
			611	354
			611	353
			611	352
			611	351
			611	350
			611	349
			611	348
			611	347
			611	346
			611	345
			611	344
			611	343
			611	342
			611	341
			611	340
			611	339
			611	338
			611	337
			611	336
			612	335
			612	334
			612	333
			612	332
			612	331
			612	330
			612	329
			612	328
			613	327
			613	326
			613	325
			613	324
			613	323
			613	322
			613	321
			614	320
			614	319
			614	318
			614	317
			614	316
			614	315
			614	314
			615	313
			615	312
			615	311
			615	310
			615	309
			615	308
			615	307
			615	306
			616	305
			616	304
			616	303
			616	302
			616	301
			616	300
			616	299
			617	299
			617	298
			617	297
			617	296
			617	295
			617	294
			617	293
			618	292
			618	291
			618	290
			618	289
			618	288
			618	287
			618	286
			619	285
			619	284
			619	283
			619	282
			619	281
			619	280
			619	279
			620	278
			620	277
			620	276
			620	275
			620	274
			620	273
			620	272
			621	271
			621	270
			621	269
			621	268
			621	267
			621	266
			622	265
			622	264
			622	263
			622	262
			622	261
			622	260
			623	259
			623	258
			623	257
			623	256
			623	255
			623	254
			623	253
			624	252
			624	251
			624	250
			624	249
			624	248
			624	247
			625	246
			625	245
			625	244
			625	243
			625	242
			625	241
			625	240
			626	239
			626	238
			626	237
			626	236
			626	235
			626	234
			627	234
			627	233
			627	232
			627	231
			627	230
			627	229
			627	228
			628	227
			628	226
			628	225
			628	224
			628	223
			629	222
			629	221
			629	220
			629	219
			629	218
			629	217
			629	216
			630	215
			630	214
			630	213
			630	212
			630	211
			630	210
			631	209
			631	208
			631	207
			631	206
			631	205
			632	204
			632	203
			632	202
			632	201
			632	200
			632	199
			633	198
			633	197
			633	196
			633	195
			633	194
			633	193
			634	192
			634	191
			634	190
			634	189
			634	188
			634	187
			635	186
			635	185
			635	184
			635	183
			635	182
			636	181
			636	180
			636	179
			636	178
			636	177
			637	176
			637	175
			637	174
			637	173
			637	172
			638	171
			638	170
			638	169
			638	168
			639	167
			639	166
			639	165
			640	164
			640	163
			640	162
			640	161
			640	160
			641	159
			641	158
			641	157
			641	156
			642	155
			642	154
			642	153
			642	152
			643	151
			643	150
			643	149
			643	148
			644	148
			644	147
			644	146
			644	145
			644	144
			645	143
			645	142
			645	141
			645	140
			646	139
			646	138
			646	137
			646	136
			647	135
			647	134
			647	133
			647	132
			648	131
			648	130
			648	129
			648	128
			649	127
			649	126
			649	125
			649	124
			650	123
			650	122
			650	121
			650	120
			651	119
			651	118
			651	117
			651	116
			652	115
			652	114
			652	113
			652	112
			653	111
			653	110
			653	109
			653	108
			654	108
			654	107
			654	106
			654	105
			654	104
			655	103
			655	102
			655	101
			656	100
			656	99
			656	98
			656	97
			656	96
			657	96
			657	95
			657	94
			657	93
			657	92
			658	92
			658	91
			658	90
			658	89
			658	88
			659	88
			659	87
			659	86
			659	85
			660	84
			660	83
			660	82
			660	81
			661	80
			661	79
			661	78
			662	77
			662	76
			662	75
			662	74
			663	73
			663	72
			663	71
			663	70
			664	69
			664	68
			664	67
			664	66
			665	66
			665	65
			665	64
			665	63
			665	62
			666	61
			666	60
			666	59
			667	58
			667	57
			667	56
			667	55
			668	55
			668	54
			668	53
			668	52
			669	51
			669	50
			669	49
			669	48
			670	47
			670	46
			670	45
			671	44
			671	43
			671	42
			672	41
			672	40
			672	39
			673	38
			673	37
			673	36
			674	35
			674	34
			675	34
			675	33
		</curveLM12>
	</curves.pixel>
	<curves.scaled type=list>
		<curveLM07 type=matrix rownames=FALSE colnames=FALSE nrow=493 ncol=2 as.numeric=TRUE >
			5.75362570162688	-0.281288367635092
			5.76214959155521	-0.281288367635092
			5.76214959155521	-0.289812257563428
			5.77067348148355	-0.298336147491764
			5.77919737141188	-0.298336147491764
			5.77919737141188	-0.3068600374201
			5.78772126134022	-0.315383927348436
			5.78772126134022	-0.323907817276772
			5.79624515126856	-0.332431707205108
			5.79624515126856	-0.340955597133444
			5.80476904119689	-0.349479487061781
			5.80476904119689	-0.358003376990117
			5.81329293112523	-0.366527266918453
			5.81329293112523	-0.375051156846789
			5.82181682105356	-0.383575046775125
			5.82181682105356	-0.392098936703461
			5.82181682105356	-0.400622826631797
			5.8303407109819	-0.409146716560133
			5.8303407109819	-0.417670606488469
			5.8303407109819	-0.426194496416806
			5.83886460091024	-0.434718386345142
			5.83886460091024	-0.443242276273478
			5.83886460091024	-0.451766166201814
			5.84738849083857	-0.46029005613015
			5.84738849083857	-0.468813946058486
			5.85591238076691	-0.477337835986822
			5.85591238076691	-0.485861725915158
			5.85591238076691	-0.494385615843494
			5.86443627069524	-0.502909505771831
			5.86443627069524	-0.511433395700167
			5.86443627069524	-0.519957285628503
			5.87296016062358	-0.528481175556839
			5.87296016062358	-0.537005065485175
			5.88148405055192	-0.545528955413511
			5.88148405055192	-0.554052845341847
			5.88148405055192	-0.562576735270183
			5.88148405055192	-0.571100625198519
			5.89000794048025	-0.579624515126856
			5.89000794048025	-0.588148405055192
			5.89000794048025	-0.596672294983528
			5.89853183040859	-0.605196184911864
			5.89853183040859	-0.6137200748402
			5.89853183040859	-0.622243964768536
			5.90705572033692	-0.630767854696872
			5.90705572033692	-0.639291744625208
			5.90705572033692	-0.647815634553544
			5.91557961026526	-0.65633952448188
			5.91557961026526	-0.664863414410217
			5.91557961026526	-0.673387304338553
			5.91557961026526	-0.681911194266889
			5.9241035001936	-0.681911194266889
			5.9241035001936	-0.690435084195225
			5.9241035001936	-0.698958974123561
			5.93262739012193	-0.707482864051897
			5.93262739012193	-0.716006753980233
			5.93262739012193	-0.724530643908569
			5.93262739012193	-0.733054533836906
			5.94115128005027	-0.741578423765242
			5.94115128005027	-0.750102313693578
			5.94115128005027	-0.758626203621914
			5.94967516997861	-0.76715009355025
			5.94967516997861	-0.775673983478586
			5.94967516997861	-0.784197873406922
			5.95819905990694	-0.792721763335258
			5.95819905990694	-0.801245653263594
			5.95819905990694	-0.809769543191931
			5.95819905990694	-0.818293433120267
			5.96672294983528	-0.826817323048603
			5.96672294983528	-0.835341212976939
			5.96672294983528	-0.843865102905275
			5.97524683976361	-0.852388992833611
			5.97524683976361	-0.860912882761947
			5.97524683976361	-0.869436772690283
			5.97524683976361	-0.877960662618619
			5.98377072969195	-0.886484552546956
			5.98377072969195	-0.895008442475292
			5.98377072969195	-0.903532332403628
			5.99229461962029	-0.912056222331964
			5.99229461962029	-0.9205801122603
			5.99229461962029	-0.929104002188636
			5.99229461962029	-0.937627892116972
			6.00081850954862	-0.946151782045308
			6.00081850954862	-0.954675671973644
			6.00081850954862	-0.963199561901981
			6.00081850954862	-0.971723451830317
			6.00934239947696	-0.980247341758653
			6.00934239947696	-0.988771231686989
			6.00934239947696	-0.997295121615325
			6.01786628940529	-1.00581901154366
			6.01786628940529	-1.014342901472
			6.01786628940529	-1.02286679140033
			6.01786628940529	-1.03139068132867
			6.02639017933363	-1.03991457125701
			6.02639017933363	-1.04843846118534
			6.02639017933363	-1.05696235111368
			6.03491406926197	-1.06548624104201
			6.03491406926197	-1.07401013097035
			6.03491406926197	-1.08253402089869
			6.03491406926197	-1.09105791082702
			6.0434379591903	-1.09958180075536
			6.0434379591903	-1.10810569068369
			6.0434379591903	-1.11662958061203
			6.0434379591903	-1.12515347054037
			6.05196184911864	-1.1336773604687
			6.05196184911864	-1.14220125039704
			6.05196184911864	-1.15072514032537
			6.05196184911864	-1.15924903025371
			6.06048573904697	-1.16777292018205
			6.06048573904697	-1.17629681011038
			6.06048573904697	-1.18482070003872
			6.06048573904697	-1.19334458996706
			6.06900962897531	-1.20186847989539
			6.06900962897531	-1.21039236982373
			6.06900962897531	-1.21891625975206
			6.06900962897531	-1.2274401496804
			6.07753351890365	-1.23596403960874
			6.07753351890365	-1.24448792953707
			6.07753351890365	-1.25301181946541
			6.07753351890365	-1.26153570939374
			6.08605740883198	-1.27005959932208
			6.08605740883198	-1.27858348925042
			6.08605740883198	-1.28710737917875
			6.08605740883198	-1.29563126910709
			6.09458129876032	-1.30415515903543
			6.09458129876032	-1.31267904896376
			6.09458129876032	-1.3212029388921
			6.09458129876032	-1.32972682882043
			6.09458129876032	-1.33825071874877
			6.10310518868866	-1.34677460867711
			6.10310518868866	-1.35529849860544
			6.10310518868866	-1.36382238853378
			6.10310518868866	-1.37234627846211
			6.10310518868866	-1.38087016839045
			6.11162907861699	-1.38939405831879
			6.11162907861699	-1.39791794824712
			6.11162907861699	-1.40644183817546
			6.11162907861699	-1.41496572810379
			6.11162907861699	-1.42348961803213
			6.12015296854533	-1.42348961803213
			6.12015296854533	-1.43201350796047
			6.12015296854533	-1.4405373978888
			6.12015296854533	-1.44906128781714
			6.12015296854533	-1.45758517774547
			6.12867685847366	-1.46610906767381
			6.12867685847366	-1.47463295760215
			6.12867685847366	-1.48315684753048
			6.12867685847366	-1.49168073745882
			6.12867685847366	-1.50020462738716
			6.12867685847366	-1.50872851731549
			6.137200748402	-1.51725240724383
			6.137200748402	-1.52577629717216
			6.137200748402	-1.5343001871005
			6.137200748402	-1.54282407702884
			6.137200748402	-1.55134796695717
			6.14572463833034	-1.55987185688551
			6.14572463833034	-1.56839574681384
			6.14572463833034	-1.57691963674218
			6.14572463833034	-1.58544352667052
			6.14572463833034	-1.59396741659885
			6.14572463833034	-1.60249130652719
			6.15424852825867	-1.61101519645553
			6.15424852825867	-1.61953908638386
			6.15424852825867	-1.6280629763122
			6.15424852825867	-1.63658686624053
			6.15424852825867	-1.64511075616887
			6.16277241818701	-1.65363464609721
			6.16277241818701	-1.66215853602554
			6.16277241818701	-1.67068242595388
			6.16277241818701	-1.67920631588221
			6.16277241818701	-1.68773020581055
			6.16277241818701	-1.69625409573889
			6.16277241818701	-1.70477798566722
			6.17129630811534	-1.70477798566722
			6.17129630811534	-1.71330187559556
			6.17129630811534	-1.72182576552389
			6.17129630811534	-1.73034965545223
			6.17129630811534	-1.73887354538057
			6.17129630811534	-1.7473974353089
			6.17982019804368	-1.75592132523724
			6.17982019804368	-1.76444521516557
			6.17982019804368	-1.77296910509391
			6.17982019804368	-1.78149299502225
			6.17982019804368	-1.79001688495058
			6.17982019804368	-1.79854077487892
			6.18834408797202	-1.80706466480726
			6.18834408797202	-1.81558855473559
			6.18834408797202	-1.82411244466393
			6.18834408797202	-1.83263633459226
			6.18834408797202	-1.8411602245206
			6.18834408797202	-1.84968411444894
			6.18834408797202	-1.85820800437727
			6.19686797790035	-1.86673189430561
			6.19686797790035	-1.87525578423394
			6.19686797790035	-1.88377967416228
			6.19686797790035	-1.89230356409062
			6.19686797790035	-1.90082745401895
			6.19686797790035	-1.90935134394729
			6.19686797790035	-1.91787523387562
			6.20539186782869	-1.92639912380396
			6.20539186782869	-1.9349230137323
			6.20539186782869	-1.94344690366063
			6.20539186782869	-1.95197079358897
			6.20539186782869	-1.96049468351731
			6.20539186782869	-1.96901857344564
			6.20539186782869	-1.97754246337398
			6.20539186782869	-1.98606635330231
			6.21391575775703	-1.99459024323065
			6.21391575775703	-2.00311413315899
			6.21391575775703	-2.01163802308732
			6.21391575775703	-2.02016191301566
			6.21391575775703	-2.02868580294399
			6.21391575775703	-2.03720969287233
			6.21391575775703	-2.04573358280067
			6.22243964768536	-2.054257472729
			6.22243964768536	-2.06278136265734
			6.22243964768536	-2.07130525258567
			6.22243964768536	-2.07982914251401
			6.22243964768536	-2.08835303244235
			6.22243964768536	-2.09687692237068
			6.22243964768536	-2.10540081229902
			6.22243964768536	-2.11392470222736
			6.22243964768536	-2.12244859215569
			6.2309635376137	-2.13097248208403
			6.2309635376137	-2.13949637201236
			6.2309635376137	-2.1480202619407
			6.2309635376137	-2.15654415186904
			6.2309635376137	-2.16506804179737
			6.2309635376137	-2.17359193172571
			6.2309635376137	-2.18211582165404
			6.2309635376137	-2.19063971158238
			6.2309635376137	-2.19916360151072
			6.23948742754203	-2.20768749143905
			6.23948742754203	-2.21621138136739
			6.23948742754203	-2.22473527129572
			6.23948742754203	-2.23325916122406
			6.23948742754203	-2.2417830511524
			6.23948742754203	-2.25030694108073
			6.23948742754203	-2.25883083100907
			6.23948742754203	-2.26735472093741
			6.23948742754203	-2.27587861086574
			6.23948742754203	-2.28440250079408
			6.24801131747037	-2.29292639072241
			6.24801131747037	-2.30145028065075
			6.24801131747037	-2.30997417057909
			6.24801131747037	-2.31849806050742
			6.24801131747037	-2.32702195043576
			6.24801131747037	-2.33554584036409
			6.24801131747037	-2.34406973029243
			6.24801131747037	-2.35259362022077
			6.24801131747037	-2.3611175101491
			6.24801131747037	-2.36964140007744
			6.24801131747037	-2.37816529000578
			6.25653520739871	-2.38668917993411
			6.25653520739871	-2.39521306986245
			6.25653520739871	-2.40373695979078
			6.25653520739871	-2.41226084971912
			6.25653520739871	-2.42078473964746
			6.25653520739871	-2.42930862957579
			6.25653520739871	-2.43783251950413
			6.25653520739871	-2.44635640943246
			6.25653520739871	-2.4548802993608
			6.25653520739871	-2.46340418928914
			6.25653520739871	-2.47192807921747
			6.25653520739871	-2.48045196914581
			6.26505909732704	-2.48897585907414
			6.26505909732704	-2.49749974900248
			6.26505909732704	-2.50602363893082
			6.26505909732704	-2.51454752885915
			6.26505909732704	-2.52307141878749
			6.26505909732704	-2.53159530871582
			6.26505909732704	-2.54011919864416
			6.26505909732704	-2.5486430885725
			6.26505909732704	-2.55716697850083
			6.26505909732704	-2.56569086842917
			6.26505909732704	-2.57421475835751
			6.26505909732704	-2.58273864828584
			6.26505909732704	-2.59126253821418
			6.26505909732704	-2.59978642814251
			6.26505909732704	-2.60831031807085
			6.26505909732704	-2.61683420799919
			6.27358298725538	-2.62535809792752
			6.27358298725538	-2.63388198785586
			6.27358298725538	-2.64240587778419
			6.27358298725538	-2.65092976771253
			6.27358298725538	-2.65945365764087
			6.27358298725538	-2.6679775475692
			6.27358298725538	-2.67650143749754
			6.27358298725538	-2.68502532742587
			6.27358298725538	-2.69354921735421
			6.27358298725538	-2.70207310728255
			6.27358298725538	-2.71059699721088
			6.27358298725538	-2.71912088713922
			6.27358298725538	-2.72764477706756
			6.27358298725538	-2.73616866699589
			6.27358298725538	-2.74469255692423
			6.27358298725538	-2.75321644685256
			6.27358298725538	-2.7617403367809
			6.27358298725538	-2.77026422670924
			6.27358298725538	-2.77878811663757
			6.27358298725538	-2.78731200656591
			6.28210687718371	-2.79583589649424
			6.28210687718371	-2.80435978642258
			6.28210687718371	-2.81288367635092
			6.28210687718371	-2.82140756627925
			6.28210687718371	-2.82993145620759
			6.28210687718371	-2.83845534613592
			6.28210687718371	-2.84697923606426
			6.28210687718371	-2.8555031259926
			6.28210687718371	-2.86402701592093
			6.28210687718371	-2.87255090584927
			6.28210687718371	-2.88107479577761
			6.28210687718371	-2.88959868570594
			6.28210687718371	-2.89812257563428
			6.28210687718371	-2.90664646556261
			6.28210687718371	-2.91517035549095
			6.28210687718371	-2.92369424541929
			6.28210687718371	-2.93221813534762
			6.28210687718371	-2.94074202527596
			6.28210687718371	-2.94926591520429
			6.28210687718371	-2.95778980513263
			6.28210687718371	-2.96631369506097
			6.28210687718371	-2.9748375849893
			6.28210687718371	-2.98336147491764
			6.28210687718371	-2.99188536484598
			6.28210687718371	-3.00040925477431
			6.28210687718371	-3.00893314470265
			6.28210687718371	-3.01745703463098
			6.27358298725538	-3.01745703463098
			6.27358298725538	-3.02598092455932
			6.27358298725538	-3.03450481448766
			6.27358298725538	-3.04302870441599
			6.27358298725538	-3.05155259434433
			6.27358298725538	-3.06007648427266
			6.27358298725538	-3.068600374201
			6.27358298725538	-3.07712426412934
			6.27358298725538	-3.08564815405767
			6.27358298725538	-3.09417204398601
			6.27358298725538	-3.10269593391434
			6.27358298725538	-3.11121982384268
			6.27358298725538	-3.11974371377102
			6.27358298725538	-3.12826760369935
			6.27358298725538	-3.13679149362769
			6.27358298725538	-3.14531538355602
			6.27358298725538	-3.15383927348436
			6.27358298725538	-3.1623631634127
			6.27358298725538	-3.17088705334103
			6.27358298725538	-3.17941094326937
			6.27358298725538	-3.18793483319771
			6.27358298725538	-3.19645872312604
			6.27358298725538	-3.20498261305438
			6.27358298725538	-3.21350650298271
			6.27358298725538	-3.22203039291105
			6.27358298725538	-3.23055428283939
			6.27358298725538	-3.23907817276772
			6.27358298725538	-3.24760206269606
			6.27358298725538	-3.25612595262439
			6.27358298725538	-3.26464984255273
			6.27358298725538	-3.27317373248107
			6.27358298725538	-3.2816976224094
			6.27358298725538	-3.29022151233774
			6.27358298725538	-3.29874540226607
			6.27358298725538	-3.30726929219441
			6.27358298725538	-3.31579318212275
			6.27358298725538	-3.32431707205108
			6.27358298725538	-3.33284096197942
			6.27358298725538	-3.34136485190776
			6.27358298725538	-3.34988874183609
			6.27358298725538	-3.35841263176443
			6.27358298725538	-3.36693652169276
			6.27358298725538	-3.3754604116211
			6.27358298725538	-3.38398430154944
			6.28210687718371	-3.39250819147777
			6.28210687718371	-3.40103208140611
			6.28210687718371	-3.40955597133444
			6.28210687718371	-3.41807986126278
			6.28210687718371	-3.42660375119112
			6.28210687718371	-3.43512764111945
			6.28210687718371	-3.44365153104779
			6.28210687718371	-3.45217542097613
			6.28210687718371	-3.46069931090446
			6.28210687718371	-3.4692232008328
			6.28210687718371	-3.47774709076113
			6.28210687718371	-3.48627098068947
			6.28210687718371	-3.49479487061781
			6.28210687718371	-3.50331876054614
			6.28210687718371	-3.51184265047448
			6.28210687718371	-3.52036654040281
			6.28210687718371	-3.52889043033115
			6.28210687718371	-3.53741432025949
			6.29063076711205	-3.54593821018782
			6.29063076711205	-3.55446210011616
			6.29063076711205	-3.56298599004449
			6.29063076711205	-3.57150987997283
			6.29063076711205	-3.58003376990117
			6.29063076711205	-3.5885576598295
			6.29063076711205	-3.59708154975784
			6.29063076711205	-3.60560543968617
			6.29063076711205	-3.61412932961451
			6.29063076711205	-3.62265321954285
			6.29063076711205	-3.63117710947118
			6.29915465704039	-3.63970099939952
			6.29915465704039	-3.64822488932786
			6.29915465704039	-3.65674877925619
			6.29915465704039	-3.66527266918453
			6.29915465704039	-3.67379655911286
			6.29915465704039	-3.6823204490412
			6.29915465704039	-3.69084433896954
			6.29915465704039	-3.69936822889787
			6.29915465704039	-3.70789211882621
			6.30767854696872	-3.71641600875454
			6.30767854696872	-3.72493989868288
			6.30767854696872	-3.73346378861122
			6.30767854696872	-3.74198767853955
			6.30767854696872	-3.75051156846789
			6.30767854696872	-3.75903545839622
			6.30767854696872	-3.76755934832456
			6.31620243689706	-3.76755934832456
			6.31620243689706	-3.7760832382529
			6.31620243689706	-3.78460712818123
			6.31620243689706	-3.79313101810957
			6.31620243689706	-3.80165490803791
			6.31620243689706	-3.81017879796624
			6.32472632682539	-3.81870268789458
			6.32472632682539	-3.82722657782291
			6.32472632682539	-3.83575046775125
			6.32472632682539	-3.84427435767959
			6.32472632682539	-3.85279824760792
			6.33325021675373	-3.86132213753626
			6.33325021675373	-3.86984602746459
			6.33325021675373	-3.87836991739293
			6.33325021675373	-3.88689380732127
			6.33325021675373	-3.8954176972496
			6.33325021675373	-3.90394158717794
			6.34177410668207	-3.90394158717794
			6.34177410668207	-3.91246547710628
			6.34177410668207	-3.92098936703461
			6.34177410668207	-3.92951325696295
			6.34177410668207	-3.93803714689128
			6.3502979966104	-3.94656103681962
			6.3502979966104	-3.95508492674796
			6.3502979966104	-3.96360881667629
			6.3502979966104	-3.97213270660463
			6.35882188653874	-3.98065659653296
			6.35882188653874	-3.9891804864613
			6.35882188653874	-3.99770437638964
			6.35882188653874	-4.00622826631797
			6.36734577646707	-4.01475215624631
			6.36734577646707	-4.02327604617464
			6.37586966639541	-4.03179993610298
			6.37586966639541	-4.04032382603132
			6.37586966639541	-4.04884771595965
			6.38439355632375	-4.05737160588799
			6.38439355632375	-4.06589549581633
			6.39291744625208	-4.07441938574466
			6.39291744625208	-4.082943275673
			6.40144133618042	-4.09146716560133
			6.40144133618042	-4.09999105552967
			6.40144133618042	-4.10851494545801
			6.40996522610876	-4.11703883538634
			6.40996522610876	-4.12556272531468
			6.41848911603709	-4.13408661524301
			6.41848911603709	-4.14261050517135
			6.41848911603709	-4.15113439509969
			6.42701300596543	-4.15965828502802
			6.42701300596543	-4.16818217495636
			6.43553689589376	-4.17670606488469
			6.43553689589376	-4.18522995481303
			6.4440607858221	-4.19375384474137
			6.4440607858221	-4.2022777346697
			6.4440607858221	-4.21080162459804
			6.45258467575044	-4.21932551452637
			6.45258467575044	-4.22784940445471
			6.45258467575044	-4.23637329438305
			6.45258467575044	-4.24489718431138
			6.46110856567877	-4.25342107423972
			6.46110856567877	-4.26194496416806
			6.46963245560711	-4.27046885409639
			6.46963245560711	-4.27899274402473
			6.46963245560711	-4.28751663395306
			6.46963245560711	-4.2960405238814
			6.47815634553544	-4.30456441380974
			6.47815634553544	-4.31308830373807
			6.47815634553544	-4.32161219366641
			6.47815634553544	-4.33013608359474
			6.48668023546378	-4.33865997352308
			6.48668023546378	-4.34718386345142
			6.48668023546378	-4.35570775337975
			6.48668023546378	-4.36423164330809
			6.48668023546378	-4.37275553323642
			6.48668023546378	-4.38127942316476
			6.48668023546378	-4.3898033130931
			6.48668023546378	-4.39832720302143
			6.47815634553544	-4.40685109294977
		</curveLM07>
		<curveLM08 type=matrix rownames=FALSE colnames=FALSE nrow=43 ncol=2 as.numeric=TRUE >
			6.47815634553544	-4.40685109294977
			6.46963245560711	-4.41537498287811
			6.46110856567877	-4.42389887280644
			6.45258467575044	-4.42389887280644
			6.4440607858221	-4.43242276273478
			6.43553689589376	-4.43242276273478
			6.42701300596543	-4.43242276273478
			6.41848911603709	-4.44094665266311
			6.40996522610876	-4.44094665266311
			6.40144133618042	-4.44094665266311
			6.39291744625208	-4.44094665266311
			6.38439355632375	-4.44094665266311
			6.37586966639541	-4.44094665266311
			6.36734577646707	-4.44094665266311
			6.35882188653874	-4.44094665266311
			6.3502979966104	-4.44094665266311
			6.34177410668207	-4.44094665266311
			6.33325021675373	-4.43242276273478
			6.32472632682539	-4.43242276273478
			6.31620243689706	-4.43242276273478
			6.30767854696872	-4.43242276273478
			6.29915465704039	-4.42389887280644
			6.29063076711205	-4.42389887280644
			6.28210687718371	-4.42389887280644
			6.27358298725538	-4.42389887280644
			6.26505909732704	-4.42389887280644
			6.25653520739871	-4.42389887280644
			6.24801131747037	-4.41537498287811
			6.23948742754203	-4.41537498287811
			6.2309635376137	-4.41537498287811
			6.22243964768536	-4.41537498287811
			6.21391575775703	-4.41537498287811
			6.20539186782869	-4.41537498287811
			6.19686797790035	-4.41537498287811
			6.18834408797202	-4.42389887280644
			6.17982019804368	-4.42389887280644
			6.17129630811534	-4.42389887280644
			6.16277241818701	-4.42389887280644
			6.15424852825867	-4.42389887280644
			6.14572463833034	-4.43242276273478
			6.137200748402	-4.43242276273478
			6.12867685847366	-4.44094665266311
			6.12015296854533	-4.44094665266311
		</curveLM08>
		<curveLM09 type=matrix rownames=FALSE colnames=FALSE nrow=96 ncol=2 as.numeric=TRUE >
			6.12015296854533	-4.44094665266311
			6.11162907861699	-4.44947054259145
			6.10310518868866	-4.45799443251979
			6.09458129876032	-4.46651832244812
			6.08605740883198	-4.47504221237646
			6.07753351890365	-4.48356610230479
			6.06900962897531	-4.49208999223313
			6.06900962897531	-4.50061388216147
			6.06048573904697	-4.5091377720898
			6.05196184911864	-4.51766166201814
			6.05196184911864	-4.52618555194648
			6.0434379591903	-4.53470944187481
			6.0434379591903	-4.54323333180315
			6.03491406926197	-4.55175722173148
			6.03491406926197	-4.56028111165982
			6.02639017933363	-4.56880500158816
			6.02639017933363	-4.57732889151649
			6.02639017933363	-4.58585278144483
			6.01786628940529	-4.59437667137316
			6.01786628940529	-4.6029005613015
			6.01786628940529	-4.61142445122984
			6.00934239947696	-4.61994834115817
			6.00934239947696	-4.62847223108651
			6.00934239947696	-4.63699612101484
			6.00934239947696	-4.64552001094318
			6.00081850954862	-4.65404390087152
			6.00081850954862	-4.66256779079985
			6.00081850954862	-4.67109168072819
			6.00081850954862	-4.67961557065652
			6.00081850954862	-4.68813946058486
			6.00081850954862	-4.6966633505132
			5.99229461962029	-4.6966633505132
			5.99229461962029	-4.70518724044153
			5.99229461962029	-4.71371113036987
			5.99229461962029	-4.72223502029821
			5.99229461962029	-4.73075891022654
			5.99229461962029	-4.73928280015488
			5.99229461962029	-4.74780669008321
			5.99229461962029	-4.75633058001155
			5.99229461962029	-4.76485446993989
			5.98377072969195	-4.77337835986822
			5.98377072969195	-4.78190224979656
			5.98377072969195	-4.79042613972489
			5.98377072969195	-4.79895002965323
			5.98377072969195	-4.80747391958157
			5.98377072969195	-4.8159978095099
			5.98377072969195	-4.82452169943824
			5.98377072969195	-4.83304558936657
			5.98377072969195	-4.84156947929491
			5.98377072969195	-4.85009336922325
			5.98377072969195	-4.85861725915158
			5.98377072969195	-4.86714114907992
			5.98377072969195	-4.87566503900825
			5.98377072969195	-4.88418892893659
			5.98377072969195	-4.89271281886493
			5.98377072969195	-4.90123670879326
			5.98377072969195	-4.9097605987216
			5.98377072969195	-4.91828448864994
			5.98377072969195	-4.92680837857827
			5.98377072969195	-4.93533226850661
			5.98377072969195	-4.94385615843494
			5.97524683976361	-4.94385615843494
			5.97524683976361	-4.95238004836328
			5.97524683976361	-4.96090393829162
			5.97524683976361	-4.96942782821995
			5.96672294983528	-4.97795171814829
			5.96672294983528	-4.98647560807663
			5.96672294983528	-4.99499949800496
			5.96672294983528	-5.0035233879333
			5.95819905990694	-5.01204727786163
			5.95819905990694	-5.02057116778997
			5.94967516997861	-5.02909505771831
			5.94967516997861	-5.03761894764664
			5.94967516997861	-5.04614283757498
			5.94115128005027	-5.05466672750331
			5.94115128005027	-5.06319061743165
			5.93262739012193	-5.07171450735999
			5.93262739012193	-5.08023839728832
			5.9241035001936	-5.08023839728832
			5.9241035001936	-5.08876228721666
			5.91557961026526	-5.09728617714499
			5.90705572033692	-5.10581006707333
			5.89853183040859	-5.11433395700167
			5.89000794048025	-5.11433395700167
			5.88148405055192	-5.12285784693
			5.87296016062358	-5.13138173685834
			5.86443627069524	-5.13138173685834
			5.85591238076691	-5.13138173685834
			5.84738849083857	-5.13138173685834
			5.83886460091024	-5.13138173685834
			5.8303407109819	-5.13138173685834
			5.82181682105356	-5.13138173685834
			5.81329293112523	-5.13138173685834
			5.80476904119689	-5.13138173685834
			5.79624515126856	-5.12285784693
			5.78772126134022	-5.12285784693
		</curveLM09>
		<curveLM10 type=matrix rownames=FALSE colnames=FALSE nrow=98 ncol=2 as.numeric=TRUE >
			5.78772126134022	-5.12285784693
			5.77919737141188	-5.12285784693
			5.77067348148355	-5.12285784693
			5.76214959155521	-5.12285784693
			5.75362570162688	-5.12285784693
			5.74510181169854	-5.12285784693
			5.7365779217702	-5.12285784693
			5.72805403184187	-5.12285784693
			5.71953014191353	-5.12285784693
			5.71100625198519	-5.12285784693
			5.70248236205686	-5.11433395700167
			5.69395847212852	-5.11433395700167
			5.68543458220019	-5.11433395700167
			5.67691069227185	-5.11433395700167
			5.66838680234351	-5.10581006707333
			5.65986291241518	-5.10581006707333
			5.65133902248684	-5.09728617714499
			5.64281513255851	-5.09728617714499
			5.63429124263017	-5.08876228721666
			5.62576735270183	-5.08023839728832
			5.6172434627735	-5.07171450735999
			5.60871957284516	-5.06319061743165
			5.60019568291682	-5.05466672750331
			5.60019568291682	-5.04614283757498
			5.59167179298849	-5.04614283757498
			5.59167179298849	-5.03761894764664
			5.59167179298849	-5.02909505771831
			5.58314790306015	-5.02057116778997
			5.58314790306015	-5.01204727786163
			5.58314790306015	-5.0035233879333
			5.57462401313182	-4.99499949800496
			5.57462401313182	-4.98647560807663
			5.57462401313182	-4.97795171814829
			5.56610012320348	-4.96942782821995
			5.56610012320348	-4.96090393829162
			5.56610012320348	-4.95238004836328
			5.56610012320348	-4.94385615843494
			5.56610012320348	-4.93533226850661
			5.56610012320348	-4.92680837857827
			5.55757623327514	-4.91828448864994
			5.55757623327514	-4.9097605987216
			5.55757623327514	-4.90123670879326
			5.55757623327514	-4.89271281886493
			5.54905234334681	-4.88418892893659
			5.54905234334681	-4.87566503900825
			5.54052845341847	-4.86714114907992
			5.54052845341847	-4.85861725915158
			5.54052845341847	-4.85009336922325
			5.54052845341847	-4.84156947929491
			5.54052845341847	-4.83304558936657
			5.53200456349014	-4.83304558936657
			5.53200456349014	-4.82452169943824
			5.53200456349014	-4.8159978095099
			5.53200456349014	-4.80747391958157
			5.5234806735618	-4.80747391958157
			5.5234806735618	-4.79895002965323
			5.5234806735618	-4.79042613972489
			5.5234806735618	-4.78190224979656
			5.51495678363346	-4.78190224979656
			5.51495678363346	-4.77337835986822
			5.51495678363346	-4.76485446993989
			5.51495678363346	-4.75633058001155
			5.50643289370513	-4.75633058001155
			5.50643289370513	-4.74780669008321
			5.50643289370513	-4.73928280015488
			5.50643289370513	-4.73075891022654
			5.49790900377679	-4.72223502029821
			5.49790900377679	-4.71371113036987
			5.49790900377679	-4.70518724044153
			5.48938511384846	-4.6966633505132
			5.48938511384846	-4.68813946058486
			5.48938511384846	-4.67961557065652
			5.48086122392012	-4.67109168072819
			5.48086122392012	-4.66256779079985
			5.48086122392012	-4.65404390087152
			5.48086122392012	-4.64552001094318
			5.47233733399178	-4.63699612101484
			5.47233733399178	-4.62847223108651
			5.46381344406345	-4.61994834115817
			5.46381344406345	-4.61142445122984
			5.46381344406345	-4.6029005613015
			5.45528955413511	-4.59437667137316
			5.45528955413511	-4.58585278144483
			5.45528955413511	-4.57732889151649
			5.45528955413511	-4.56880500158816
			5.44676566420677	-4.56028111165982
			5.44676566420677	-4.55175722173148
			5.44676566420677	-4.54323333180315
			5.43824177427844	-4.53470944187481
			5.43824177427844	-4.52618555194648
			5.4297178843501	-4.51766166201814
			5.4297178843501	-4.5091377720898
			5.4297178843501	-4.50061388216147
			5.4297178843501	-4.49208999223313
			5.42119399442177	-4.48356610230479
			5.42119399442177	-4.47504221237646
			5.41267010449343	-4.46651832244812
			5.41267010449343	-4.45799443251979
		</curveLM10>
		<curveLM11 type=matrix rownames=FALSE colnames=FALSE nrow=56 ncol=2 as.numeric=TRUE >
			5.41267010449343	-4.45799443251979
			5.40414621456509	-4.45799443251979
			5.39562232463676	-4.45799443251979
			5.38709843470842	-4.45799443251979
			5.37857454478009	-4.44947054259145
			5.37005065485175	-4.44947054259145
			5.36152676492341	-4.44947054259145
			5.35300287499508	-4.44947054259145
			5.34447898506674	-4.44947054259145
			5.33595509513841	-4.44947054259145
			5.32743120521007	-4.44947054259145
			5.32743120521007	-4.44094665266311
			5.31890731528173	-4.44094665266311
			5.3103834253534	-4.44094665266311
			5.30185953542506	-4.44094665266311
			5.29333564549672	-4.44094665266311
			5.28481175556839	-4.44094665266311
			5.27628786564005	-4.44094665266311
			5.26776397571172	-4.43242276273478
			5.25924008578338	-4.43242276273478
			5.25071619585504	-4.43242276273478
			5.24219230592671	-4.43242276273478
			5.23366841599837	-4.43242276273478
			5.22514452607004	-4.43242276273478
			5.2166206361417	-4.43242276273478
			5.2166206361417	-4.42389887280644
			5.20809674621336	-4.42389887280644
			5.19957285628503	-4.42389887280644
			5.19104896635669	-4.42389887280644
			5.18252507642836	-4.42389887280644
			5.17400118650002	-4.42389887280644
			5.16547729657168	-4.42389887280644
			5.15695340664335	-4.42389887280644
			5.15695340664335	-4.41537498287811
			5.14842951671501	-4.41537498287811
			5.13990562678667	-4.41537498287811
			5.13138173685834	-4.41537498287811
			5.12285784693	-4.41537498287811
			5.11433395700167	-4.41537498287811
			5.10581006707333	-4.41537498287811
			5.09728617714499	-4.40685109294977
			5.08876228721666	-4.40685109294977
			5.08023839728832	-4.40685109294977
			5.07171450735999	-4.40685109294977
			5.06319061743165	-4.40685109294977
			5.06319061743165	-4.39832720302143
			5.05466672750331	-4.39832720302143
			5.04614283757498	-4.3898033130931
			5.03761894764664	-4.3898033130931
			5.03761894764664	-4.38127942316476
			5.02909505771831	-4.37275553323642
			5.02057116778997	-4.36423164330809
			5.01204727786163	-4.35570775337975
			5.0035233879333	-4.34718386345142
			5.0035233879333	-4.33865997352308
			4.99499949800496	-4.33013608359474
		</curveLM11>
		<curveLM12 type=matrix rownames=FALSE colnames=FALSE nrow=486 ncol=2 as.numeric=TRUE >
			4.99499949800496	-4.33013608359474
			4.98647560807663	-4.32161219366641
			4.98647560807663	-4.31308830373807
			4.98647560807663	-4.30456441380974
			4.98647560807663	-4.2960405238814
			4.98647560807663	-4.28751663395306
			4.98647560807663	-4.27899274402473
			4.98647560807663	-4.27046885409639
			4.99499949800496	-4.26194496416806
			4.99499949800496	-4.25342107423972
			4.99499949800496	-4.24489718431138
			5.0035233879333	-4.23637329438305
			5.0035233879333	-4.22784940445471
			5.0035233879333	-4.21932551452637
			5.01204727786163	-4.21080162459804
			5.02057116778997	-4.2022777346697
			5.02057116778997	-4.19375384474137
			5.02909505771831	-4.18522995481303
			5.02909505771831	-4.17670606488469
			5.03761894764664	-4.16818217495636
			5.03761894764664	-4.15965828502802
			5.04614283757498	-4.15113439509969
			5.04614283757498	-4.14261050517135
			5.05466672750331	-4.13408661524301
			5.06319061743165	-4.12556272531468
			5.07171450735999	-4.11703883538634
			5.07171450735999	-4.10851494545801
			5.08023839728832	-4.09999105552967
			5.08023839728832	-4.09146716560133
			5.08876228721666	-4.082943275673
			5.08876228721666	-4.07441938574466
			5.09728617714499	-4.06589549581633
			5.09728617714499	-4.05737160588799
			5.09728617714499	-4.04884771595965
			5.09728617714499	-4.04032382603132
			5.10581006707333	-4.03179993610298
			5.10581006707333	-4.02327604617464
			5.10581006707333	-4.01475215624631
			5.10581006707333	-4.00622826631797
			5.11433395700167	-3.99770437638964
			5.11433395700167	-3.9891804864613
			5.11433395700167	-3.98065659653296
			5.11433395700167	-3.97213270660463
			5.12285784693	-3.96360881667629
			5.12285784693	-3.95508492674796
			5.12285784693	-3.94656103681962
			5.12285784693	-3.93803714689128
			5.12285784693	-3.92951325696295
			5.13138173685834	-3.92098936703461
			5.13138173685834	-3.91246547710628
			5.13138173685834	-3.90394158717794
			5.13138173685834	-3.8954176972496
			5.13990562678667	-3.88689380732127
			5.13990562678667	-3.87836991739293
			5.13990562678667	-3.86984602746459
			5.13990562678667	-3.86132213753626
			5.13990562678667	-3.85279824760792
			5.13990562678667	-3.84427435767959
			5.14842951671501	-3.83575046775125
			5.14842951671501	-3.82722657782291
			5.14842951671501	-3.81870268789458
			5.14842951671501	-3.81017879796624
			5.14842951671501	-3.80165490803791
			5.14842951671501	-3.79313101810957
			5.15695340664335	-3.78460712818123
			5.15695340664335	-3.7760832382529
			5.15695340664335	-3.76755934832456
			5.15695340664335	-3.75903545839622
			5.15695340664335	-3.75051156846789
			5.15695340664335	-3.74198767853955
			5.16547729657168	-3.73346378861122
			5.16547729657168	-3.72493989868288
			5.16547729657168	-3.71641600875454
			5.16547729657168	-3.70789211882621
			5.16547729657168	-3.69936822889787
			5.16547729657168	-3.69084433896954
			5.16547729657168	-3.6823204490412
			5.16547729657168	-3.67379655911286
			5.17400118650002	-3.66527266918453
			5.17400118650002	-3.65674877925619
			5.17400118650002	-3.64822488932786
			5.17400118650002	-3.63970099939952
			5.17400118650002	-3.63117710947118
			5.17400118650002	-3.62265321954285
			5.17400118650002	-3.61412932961451
			5.17400118650002	-3.60560543968617
			5.18252507642836	-3.59708154975784
			5.18252507642836	-3.5885576598295
			5.18252507642836	-3.58003376990117
			5.18252507642836	-3.57150987997283
			5.18252507642836	-3.56298599004449
			5.18252507642836	-3.55446210011616
			5.18252507642836	-3.54593821018782
			5.18252507642836	-3.53741432025949
			5.18252507642836	-3.52889043033115
			5.18252507642836	-3.52036654040281
			5.19104896635669	-3.51184265047448
			5.19104896635669	-3.50331876054614
			5.19104896635669	-3.49479487061781
			5.19104896635669	-3.48627098068947
			5.19104896635669	-3.47774709076113
			5.19104896635669	-3.4692232008328
			5.19104896635669	-3.46069931090446
			5.19104896635669	-3.45217542097613
			5.19104896635669	-3.44365153104779
			5.19104896635669	-3.43512764111945
			5.19104896635669	-3.42660375119112
			5.19104896635669	-3.41807986126278
			5.19104896635669	-3.40955597133444
			5.19957285628503	-3.40103208140611
			5.19957285628503	-3.39250819147777
			5.19957285628503	-3.38398430154944
			5.19957285628503	-3.3754604116211
			5.19957285628503	-3.36693652169276
			5.19957285628503	-3.35841263176443
			5.19957285628503	-3.34988874183609
			5.19957285628503	-3.34136485190776
			5.19957285628503	-3.33284096197942
			5.19957285628503	-3.32431707205108
			5.19957285628503	-3.31579318212275
			5.19957285628503	-3.30726929219441
			5.19957285628503	-3.29874540226607
			5.19957285628503	-3.29022151233774
			5.19957285628503	-3.2816976224094
			5.19957285628503	-3.27317373248107
			5.19957285628503	-3.26464984255273
			5.19957285628503	-3.25612595262439
			5.19957285628503	-3.24760206269606
			5.20809674621336	-3.23907817276772
			5.20809674621336	-3.23055428283939
			5.20809674621336	-3.22203039291105
			5.20809674621336	-3.21350650298271
			5.20809674621336	-3.20498261305438
			5.20809674621336	-3.19645872312604
			5.20809674621336	-3.18793483319771
			5.20809674621336	-3.17941094326937
			5.20809674621336	-3.17088705334103
			5.20809674621336	-3.1623631634127
			5.20809674621336	-3.15383927348436
			5.20809674621336	-3.14531538355602
			5.20809674621336	-3.13679149362769
			5.20809674621336	-3.12826760369935
			5.20809674621336	-3.11974371377102
			5.20809674621336	-3.11121982384268
			5.20809674621336	-3.10269593391434
			5.20809674621336	-3.09417204398601
			5.20809674621336	-3.08564815405767
			5.20809674621336	-3.07712426412934
			5.20809674621336	-3.068600374201
			5.20809674621336	-3.06007648427266
			5.20809674621336	-3.05155259434433
			5.20809674621336	-3.04302870441599
			5.20809674621336	-3.03450481448766
			5.20809674621336	-3.02598092455932
			5.20809674621336	-3.01745703463098
			5.20809674621336	-3.00893314470265
			5.20809674621336	-3.00040925477431
			5.20809674621336	-2.99188536484598
			5.20809674621336	-2.98336147491764
			5.20809674621336	-2.9748375849893
			5.20809674621336	-2.96631369506097
			5.20809674621336	-2.95778980513263
			5.20809674621336	-2.94926591520429
			5.20809674621336	-2.94074202527596
			5.20809674621336	-2.93221813534762
			5.20809674621336	-2.92369424541929
			5.20809674621336	-2.91517035549095
			5.20809674621336	-2.90664646556261
			5.20809674621336	-2.89812257563428
			5.20809674621336	-2.88959868570594
			5.20809674621336	-2.88107479577761
			5.20809674621336	-2.87255090584927
			5.20809674621336	-2.86402701592093
			5.2166206361417	-2.8555031259926
			5.2166206361417	-2.84697923606426
			5.2166206361417	-2.83845534613592
			5.2166206361417	-2.82993145620759
			5.2166206361417	-2.82140756627925
			5.2166206361417	-2.81288367635092
			5.2166206361417	-2.80435978642258
			5.2166206361417	-2.79583589649424
			5.22514452607004	-2.78731200656591
			5.22514452607004	-2.77878811663757
			5.22514452607004	-2.77026422670924
			5.22514452607004	-2.7617403367809
			5.22514452607004	-2.75321644685256
			5.22514452607004	-2.74469255692423
			5.22514452607004	-2.73616866699589
			5.23366841599837	-2.72764477706756
			5.23366841599837	-2.71912088713922
			5.23366841599837	-2.71059699721088
			5.23366841599837	-2.70207310728255
			5.23366841599837	-2.69354921735421
			5.23366841599837	-2.68502532742587
			5.23366841599837	-2.67650143749754
			5.24219230592671	-2.6679775475692
			5.24219230592671	-2.65945365764087
			5.24219230592671	-2.65092976771253
			5.24219230592671	-2.64240587778419
			5.24219230592671	-2.63388198785586
			5.24219230592671	-2.62535809792752
			5.24219230592671	-2.61683420799919
			5.24219230592671	-2.60831031807085
			5.25071619585504	-2.59978642814251
			5.25071619585504	-2.59126253821418
			5.25071619585504	-2.58273864828584
			5.25071619585504	-2.57421475835751
			5.25071619585504	-2.56569086842917
			5.25071619585504	-2.55716697850083
			5.25071619585504	-2.5486430885725
			5.25924008578338	-2.5486430885725
			5.25924008578338	-2.54011919864416
			5.25924008578338	-2.53159530871582
			5.25924008578338	-2.52307141878749
			5.25924008578338	-2.51454752885915
			5.25924008578338	-2.50602363893082
			5.25924008578338	-2.49749974900248
			5.26776397571172	-2.48897585907414
			5.26776397571172	-2.48045196914581
			5.26776397571172	-2.47192807921747
			5.26776397571172	-2.46340418928914
			5.26776397571172	-2.4548802993608
			5.26776397571172	-2.44635640943246
			5.26776397571172	-2.43783251950413
			5.27628786564005	-2.42930862957579
			5.27628786564005	-2.42078473964746
			5.27628786564005	-2.41226084971912
			5.27628786564005	-2.40373695979078
			5.27628786564005	-2.39521306986245
			5.27628786564005	-2.38668917993411
			5.27628786564005	-2.37816529000578
			5.28481175556839	-2.36964140007744
			5.28481175556839	-2.3611175101491
			5.28481175556839	-2.35259362022077
			5.28481175556839	-2.34406973029243
			5.28481175556839	-2.33554584036409
			5.28481175556839	-2.32702195043576
			5.28481175556839	-2.31849806050742
			5.29333564549672	-2.30997417057909
			5.29333564549672	-2.30145028065075
			5.29333564549672	-2.29292639072241
			5.29333564549672	-2.28440250079408
			5.29333564549672	-2.27587861086574
			5.29333564549672	-2.26735472093741
			5.30185953542506	-2.25883083100907
			5.30185953542506	-2.25030694108073
			5.30185953542506	-2.2417830511524
			5.30185953542506	-2.23325916122406
			5.30185953542506	-2.22473527129572
			5.30185953542506	-2.21621138136739
			5.3103834253534	-2.20768749143905
			5.3103834253534	-2.19916360151072
			5.3103834253534	-2.19063971158238
			5.3103834253534	-2.18211582165404
			5.3103834253534	-2.17359193172571
			5.3103834253534	-2.16506804179737
			5.3103834253534	-2.15654415186904
			5.31890731528173	-2.1480202619407
			5.31890731528173	-2.13949637201236
			5.31890731528173	-2.13097248208403
			5.31890731528173	-2.12244859215569
			5.31890731528173	-2.11392470222736
			5.31890731528173	-2.10540081229902
			5.32743120521007	-2.09687692237068
			5.32743120521007	-2.08835303244235
			5.32743120521007	-2.07982914251401
			5.32743120521007	-2.07130525258567
			5.32743120521007	-2.06278136265734
			5.32743120521007	-2.054257472729
			5.32743120521007	-2.04573358280067
			5.33595509513841	-2.03720969287233
			5.33595509513841	-2.02868580294399
			5.33595509513841	-2.02016191301566
			5.33595509513841	-2.01163802308732
			5.33595509513841	-2.00311413315899
			5.33595509513841	-1.99459024323065
			5.34447898506674	-1.99459024323065
			5.34447898506674	-1.98606635330231
			5.34447898506674	-1.97754246337398
			5.34447898506674	-1.96901857344564
			5.34447898506674	-1.96049468351731
			5.34447898506674	-1.95197079358897
			5.34447898506674	-1.94344690366063
			5.35300287499508	-1.9349230137323
			5.35300287499508	-1.92639912380396
			5.35300287499508	-1.91787523387562
			5.35300287499508	-1.90935134394729
			5.35300287499508	-1.90082745401895
			5.36152676492341	-1.89230356409062
			5.36152676492341	-1.88377967416228
			5.36152676492341	-1.87525578423394
			5.36152676492341	-1.86673189430561
			5.36152676492341	-1.85820800437727
			5.36152676492341	-1.84968411444894
			5.36152676492341	-1.8411602245206
			5.37005065485175	-1.83263633459226
			5.37005065485175	-1.82411244466393
			5.37005065485175	-1.81558855473559
			5.37005065485175	-1.80706466480726
			5.37005065485175	-1.79854077487892
			5.37005065485175	-1.79001688495058
			5.37857454478009	-1.78149299502225
			5.37857454478009	-1.77296910509391
			5.37857454478009	-1.76444521516557
			5.37857454478009	-1.75592132523724
			5.37857454478009	-1.7473974353089
			5.38709843470842	-1.73887354538057
			5.38709843470842	-1.73034965545223
			5.38709843470842	-1.72182576552389
			5.38709843470842	-1.71330187559556
			5.38709843470842	-1.70477798566722
			5.38709843470842	-1.69625409573889
			5.39562232463676	-1.68773020581055
			5.39562232463676	-1.67920631588221
			5.39562232463676	-1.67068242595388
			5.39562232463676	-1.66215853602554
			5.39562232463676	-1.65363464609721
			5.39562232463676	-1.64511075616887
			5.40414621456509	-1.63658686624053
			5.40414621456509	-1.6280629763122
			5.40414621456509	-1.61953908638386
			5.40414621456509	-1.61101519645553
			5.40414621456509	-1.60249130652719
			5.40414621456509	-1.59396741659885
			5.41267010449343	-1.58544352667052
			5.41267010449343	-1.57691963674218
			5.41267010449343	-1.56839574681384
			5.41267010449343	-1.55987185688551
			5.41267010449343	-1.55134796695717
			5.42119399442177	-1.54282407702884
			5.42119399442177	-1.5343001871005
			5.42119399442177	-1.52577629717216
			5.42119399442177	-1.51725240724383
			5.42119399442177	-1.50872851731549
			5.4297178843501	-1.50020462738716
			5.4297178843501	-1.49168073745882
			5.4297178843501	-1.48315684753048
			5.4297178843501	-1.47463295760215
			5.4297178843501	-1.46610906767381
			5.43824177427844	-1.45758517774547
			5.43824177427844	-1.44906128781714
			5.43824177427844	-1.4405373978888
			5.43824177427844	-1.43201350796047
			5.44676566420677	-1.42348961803213
			5.44676566420677	-1.41496572810379
			5.44676566420677	-1.40644183817546
			5.45528955413511	-1.39791794824712
			5.45528955413511	-1.38939405831879
			5.45528955413511	-1.38087016839045
			5.45528955413511	-1.37234627846211
			5.45528955413511	-1.36382238853378
			5.46381344406345	-1.35529849860544
			5.46381344406345	-1.34677460867711
			5.46381344406345	-1.33825071874877
			5.46381344406345	-1.32972682882043
			5.47233733399178	-1.3212029388921
			5.47233733399178	-1.31267904896376
			5.47233733399178	-1.30415515903543
			5.47233733399178	-1.29563126910709
			5.48086122392012	-1.28710737917875
			5.48086122392012	-1.27858348925042
			5.48086122392012	-1.27005959932208
			5.48086122392012	-1.26153570939374
			5.48938511384846	-1.26153570939374
			5.48938511384846	-1.25301181946541
			5.48938511384846	-1.24448792953707
			5.48938511384846	-1.23596403960874
			5.48938511384846	-1.2274401496804
			5.49790900377679	-1.21891625975206
			5.49790900377679	-1.21039236982373
			5.49790900377679	-1.20186847989539
			5.49790900377679	-1.19334458996706
			5.50643289370513	-1.18482070003872
			5.50643289370513	-1.17629681011038
			5.50643289370513	-1.16777292018205
			5.50643289370513	-1.15924903025371
			5.51495678363346	-1.15072514032537
			5.51495678363346	-1.14220125039704
			5.51495678363346	-1.1336773604687
			5.51495678363346	-1.12515347054037
			5.5234806735618	-1.11662958061203
			5.5234806735618	-1.10810569068369
			5.5234806735618	-1.09958180075536
			5.5234806735618	-1.09105791082702
			5.53200456349014	-1.08253402089869
			5.53200456349014	-1.07401013097035
			5.53200456349014	-1.06548624104201
			5.53200456349014	-1.05696235111368
			5.54052845341847	-1.04843846118534
			5.54052845341847	-1.03991457125701
			5.54052845341847	-1.03139068132867
			5.54052845341847	-1.02286679140033
			5.54905234334681	-1.014342901472
			5.54905234334681	-1.00581901154366
			5.54905234334681	-0.997295121615325
			5.54905234334681	-0.988771231686989
			5.55757623327514	-0.980247341758653
			5.55757623327514	-0.971723451830317
			5.55757623327514	-0.963199561901981
			5.55757623327514	-0.954675671973644
			5.56610012320348	-0.946151782045308
			5.56610012320348	-0.937627892116972
			5.56610012320348	-0.929104002188636
			5.56610012320348	-0.9205801122603
			5.57462401313182	-0.9205801122603
			5.57462401313182	-0.912056222331964
			5.57462401313182	-0.903532332403628
			5.57462401313182	-0.895008442475292
			5.57462401313182	-0.886484552546956
			5.58314790306015	-0.877960662618619
			5.58314790306015	-0.869436772690283
			5.58314790306015	-0.860912882761947
			5.59167179298849	-0.852388992833611
			5.59167179298849	-0.843865102905275
			5.59167179298849	-0.835341212976939
			5.59167179298849	-0.826817323048603
			5.59167179298849	-0.818293433120267
			5.60019568291682	-0.818293433120267
			5.60019568291682	-0.809769543191931
			5.60019568291682	-0.801245653263594
			5.60019568291682	-0.792721763335258
			5.60019568291682	-0.784197873406922
			5.60871957284516	-0.784197873406922
			5.60871957284516	-0.775673983478586
			5.60871957284516	-0.76715009355025
			5.60871957284516	-0.758626203621914
			5.60871957284516	-0.750102313693578
			5.6172434627735	-0.750102313693578
			5.6172434627735	-0.741578423765242
			5.6172434627735	-0.733054533836906
			5.6172434627735	-0.724530643908569
			5.62576735270183	-0.716006753980233
			5.62576735270183	-0.707482864051897
			5.62576735270183	-0.698958974123561
			5.62576735270183	-0.690435084195225
			5.63429124263017	-0.681911194266889
			5.63429124263017	-0.673387304338553
			5.63429124263017	-0.664863414410217
			5.64281513255851	-0.65633952448188
			5.64281513255851	-0.647815634553544
			5.64281513255851	-0.639291744625208
			5.64281513255851	-0.630767854696872
			5.65133902248684	-0.622243964768536
			5.65133902248684	-0.6137200748402
			5.65133902248684	-0.605196184911864
			5.65133902248684	-0.596672294983528
			5.65986291241518	-0.588148405055192
			5.65986291241518	-0.579624515126856
			5.65986291241518	-0.571100625198519
			5.65986291241518	-0.562576735270183
			5.66838680234351	-0.562576735270183
			5.66838680234351	-0.554052845341847
			5.66838680234351	-0.545528955413511
			5.66838680234351	-0.537005065485175
			5.66838680234351	-0.528481175556839
			5.67691069227185	-0.519957285628503
			5.67691069227185	-0.511433395700167
			5.67691069227185	-0.502909505771831
			5.68543458220019	-0.494385615843494
			5.68543458220019	-0.485861725915158
			5.68543458220019	-0.477337835986822
			5.68543458220019	-0.468813946058486
			5.69395847212852	-0.468813946058486
			5.69395847212852	-0.46029005613015
			5.69395847212852	-0.451766166201814
			5.69395847212852	-0.443242276273478
			5.70248236205686	-0.434718386345142
			5.70248236205686	-0.426194496416806
			5.70248236205686	-0.417670606488469
			5.70248236205686	-0.409146716560133
			5.71100625198519	-0.400622826631797
			5.71100625198519	-0.392098936703461
			5.71100625198519	-0.383575046775125
			5.71953014191353	-0.375051156846789
			5.71953014191353	-0.366527266918453
			5.71953014191353	-0.358003376990117
			5.72805403184187	-0.349479487061781
			5.72805403184187	-0.340955597133444
			5.72805403184187	-0.332431707205108
			5.7365779217702	-0.323907817276772
			5.7365779217702	-0.315383927348436
			5.7365779217702	-0.3068600374201
			5.74510181169854	-0.298336147491764
			5.74510181169854	-0.289812257563428
			5.75362570162688	-0.289812257563428
			5.75362570162688	-0.281288367635092
		</curveLM12>
	</curves.scaled>
	<ruler.points type=matrix rownames=TRUE colnames=FALSE nrow=5 ncol=2 as.numeric=TRUE >
		Ruler point 1	210	814
		Ruler point 2	327	814
		Ruler point 3	445	813
		Ruler point 4	562	814
		Ruler point 5	679	814
	</ruler.points>
</shapes>

