<shapes type=list>
	<ruler.pixel type=vector names=FALSE length=1 as.numeric=TRUE >117.250000018642</ruler.pixel>
	<ruler.interval type=vector names=FALSE length=1 as.numeric=TRUE >1</ruler.interval>
	<scaling.units type=vector names=FALSE length=1 as.numeric=FALSE >cm</scaling.units>
	<scaling type=vector names=FALSE length=1 as.numeric=TRUE >0.0085287846468316</scaling>
	<landmarks.pixel type=matrix rownames=TRUE colnames=FALSE nrow=6 ncol=2 as.numeric=TRUE >
		LM01	673	338
		LM02	762	520
		LM03	708	535
		LM04	673	602
		LM05	644	539
		LM06	591	523
	</landmarks.pixel>
	<landmarks.scaled type=matrix rownames=TRUE colnames=FALSE nrow=6 ncol=2 as.numeric=TRUE >
		LM01	5.73987206731767	-2.88272921062908
		LM02	6.49893390088568	-4.43496801635243
		LM03	6.03837952995678	-4.56289978605491
		LM04	5.73987206731767	-5.13432835739262
		LM05	5.49253731255955	-4.59701492464223
		LM06	5.04051172627748	-4.46055437029293
	</landmarks.scaled>
	<curves.control type=list>
		<curveLM07 type=matrix rownames=FALSE colnames=FALSE nrow=5 ncol=2 as.numeric=TRUE >
			673	338
			684	343
			703	386
			725	443
			762	520
		</curveLM07>
		<curveLM08 type=matrix rownames=FALSE colnames=FALSE nrow=5 ncol=2 as.numeric=TRUE >
			762	520
			759	532
			736	533
			721	533
			708	535
		</curveLM08>
		<curveLM09 type=matrix rownames=FALSE colnames=FALSE nrow=5 ncol=2 as.numeric=TRUE >
			708	535
			704	559
			700	584
			693	605
			673	602
		</curveLM09>
		<curveLM10 type=matrix rownames=FALSE colnames=FALSE nrow=5 ncol=2 as.numeric=TRUE >
			673	602
			647	601
			647	566
			645	550
			644	539
		</curveLM10>
		<curveLM11 type=matrix rownames=FALSE colnames=FALSE nrow=3 ncol=2 as.numeric=TRUE >
			644	539
			607	535
			591	523
		</curveLM11>
		<curveLM12 type=matrix rownames=FALSE colnames=FALSE nrow=5 ncol=2 as.numeric=TRUE >
			591	523
			583	515
			641	404
			670	338
			673	338
		</curveLM12>
	</curves.control>
	<curves.pixel type=list>
		<curveLM07 type=matrix rownames=FALSE colnames=FALSE nrow=195 ncol=2 as.numeric=TRUE >
			673	338
			674	338
			675	339
			676	340
			677	341
			678	341
			679	342
			679	343
			680	344
			680	345
			681	345
			682	346
			682	347
			683	348
			684	349
			684	350
			685	351
			686	352
			687	353
			687	354
			687	355
			688	356
			689	357
			689	358
			690	359
			690	360
			691	361
			691	362
			692	363
			693	364
			693	365
			694	366
			694	367
			695	368
			695	369
			695	370
			696	370
			696	371
			696	372
			697	372
			697	373
			697	374
			698	375
			698	376
			699	376
			699	377
			699	378
			700	379
			700	380
			701	381
			701	382
			702	383
			702	384
			703	385
			703	386
			703	387
			704	388
			704	389
			705	390
			705	391
			705	392
			706	393
			706	394
			707	395
			707	396
			707	397
			708	398
			708	399
			709	400
			709	401
			709	402
			710	403
			710	404
			710	405
			711	406
			711	407
			712	408
			712	409
			712	410
			713	411
			713	412
			714	413
			714	414
			714	415
			715	415
			715	416
			716	417
			716	418
			716	419
			717	420
			717	421
			718	422
			718	423
			718	424
			719	425
			719	426
			720	427
			720	428
			720	429
			721	430
			721	431
			722	432
			722	433
			723	434
			723	435
			723	436
			724	437
			724	438
			725	439
			725	440
			726	441
			726	442
			726	443
			727	444
			727	445
			728	446
			728	447
			729	448
			729	449
			730	450
			730	451
			730	452
			731	453
			731	454
			732	455
			732	456
			733	457
			733	458
			734	459
			734	460
			735	461
			735	462
			736	463
			736	464
			737	465
			737	466
			737	467
			738	468
			738	469
			739	470
			739	471
			739	472
			740	473
			740	474
			741	475
			741	476
			742	477
			742	478
			743	479
			743	480
			743	481
			744	482
			744	483
			745	484
			746	485
			746	486
			746	487
			747	487
			747	488
			747	489
			748	490
			748	491
			749	492
			749	493
			750	494
			750	495
			750	496
			751	496
			751	497
			752	498
			752	499
			752	500
			753	501
			753	502
			754	502
			754	503
			754	504
			755	505
			755	506
			756	507
			756	508
			757	509
			757	510
			758	511
			758	512
			759	513
			759	514
			759	515
			760	515
			760	516
			760	517
			761	517
			761	518
			762	519
			762	520
		</curveLM07>
		<curveLM08 type=matrix rownames=FALSE colnames=FALSE nrow=58 ncol=2 as.numeric=TRUE >
			762	520
			762	521
			762	522
			761	522
			761	523
			760	524
			759	525
			758	526
			757	527
			756	528
			755	529
			754	529
			753	530
			752	530
			751	531
			750	531
			749	531
			748	531
			747	532
			746	532
			745	532
			744	532
			743	532
			742	533
			741	533
			740	533
			739	533
			738	533
			737	533
			736	533
			735	533
			734	533
			733	533
			732	533
			731	533
			730	533
			729	533
			728	533
			727	533
			726	533
			725	533
			724	533
			723	533
			722	533
			721	534
			720	534
			719	534
			718	534
			717	534
			716	534
			715	534
			714	534
			713	534
			712	534
			711	535
			710	535
			709	535
			708	535
		</curveLM08>
		<curveLM09 type=matrix rownames=FALSE colnames=FALSE nrow=85 ncol=2 as.numeric=TRUE >
			708	535
			708	536
			708	537
			707	538
			707	539
			707	540
			707	541
			707	542
			707	543
			706	544
			706	545
			706	546
			706	547
			706	548
			706	549
			705	550
			705	551
			705	552
			705	553
			705	554
			705	555
			705	556
			704	557
			704	558
			704	559
			704	560
			704	561
			704	562
			703	563
			703	564
			703	565
			703	566
			703	567
			703	568
			702	569
			702	570
			702	571
			702	572
			702	573
			702	574
			701	575
			701	576
			701	577
			701	578
			701	579
			701	580
			700	581
			700	582
			700	583
			700	584
			700	585
			699	586
			699	587
			698	588
			698	589
			698	590
			697	591
			696	592
			696	593
			695	594
			694	595
			694	596
			693	596
			692	597
			692	598
			691	598
			690	599
			689	599
			689	600
			688	600
			687	601
			686	601
			685	601
			684	602
			683	602
			682	602
			681	602
			680	602
			679	602
			678	602
			677	602
			676	602
			675	602
			674	602
			673	602
		</curveLM09>
		<curveLM10 type=matrix rownames=FALSE colnames=FALSE nrow=76 ncol=2 as.numeric=TRUE >
			673	602
			672	602
			671	602
			670	602
			669	602
			668	601
			667	601
			666	601
			665	601
			664	600
			663	600
			662	600
			661	599
			660	599
			659	598
			658	597
			657	596
			656	596
			655	595
			655	594
			654	593
			653	592
			652	591
			652	590
			651	589
			651	588
			650	587
			650	586
			650	585
			649	584
			649	583
			649	582
			649	581
			648	580
			648	579
			648	578
			648	577
			648	576
			648	575
			647	574
			647	573
			647	572
			647	571
			647	570
			647	569
			647	568
			647	567
			647	566
			647	565
			647	564
			647	563
			647	562
			646	562
			646	561
			646	560
			646	559
			646	558
			646	557
			646	556
			646	555
			646	554
			645	553
			645	552
			645	551
			645	550
			645	549
			645	548
			645	547
			645	546
			645	545
			644	544
			644	543
			644	542
			644	541
			644	540
			644	539
		</curveLM10>
		<curveLM11 type=matrix rownames=FALSE colnames=FALSE nrow=57 ncol=2 as.numeric=TRUE >
			644	539
			643	539
			642	539
			641	539
			640	539
			640	538
			639	538
			638	538
			637	538
			636	538
			635	538
			634	538
			633	538
			632	537
			631	537
			630	537
			629	537
			628	537
			627	536
			626	536
			625	536
			624	536
			623	536
			622	536
			621	535
			620	535
			619	535
			618	535
			617	534
			616	534
			615	534
			614	533
			613	533
			612	533
			611	533
			610	532
			609	532
			608	532
			607	531
			606	531
			605	531
			604	530
			603	530
			602	529
			601	529
			600	528
			599	528
			598	527
			597	527
			596	526
			595	526
			595	525
			594	525
			593	524
			592	524
			592	523
			591	523
		</curveLM11>
		<curveLM12 type=matrix rownames=FALSE colnames=FALSE nrow=192 ncol=2 as.numeric=TRUE >
			591	523
			590	522
			590	521
			590	520
			590	519
			590	518
			590	517
			590	516
			591	515
			591	514
			591	513
			591	512
			591	511
			592	510
			592	509
			592	508
			593	507
			593	506
			593	505
			594	504
			594	503
			594	502
			595	501
			595	500
			596	499
			596	498
			596	497
			597	496
			597	495
			597	494
			598	493
			598	492
			599	491
			599	490
			599	489
			600	488
			600	487
			601	486
			601	485
			602	484
			602	483
			603	482
			603	481
			603	480
			604	479
			604	478
			605	477
			605	476
			606	475
			606	474
			607	473
			607	472
			608	471
			608	470
			608	469
			609	468
			609	467
			610	466
			610	465
			611	464
			611	463
			612	462
			612	461
			613	460
			613	459
			614	458
			614	457
			615	456
			615	455
			616	454
			616	453
			617	452
			617	451
			618	450
			618	449
			619	448
			619	447
			619	446
			620	446
			620	445
			620	444
			621	444
			621	443
			622	442
			622	441
			623	440
			623	439
			624	438
			624	437
			625	436
			625	435
			625	434
			626	433
			627	432
			627	431
			628	430
			628	429
			629	428
			629	427
			630	426
			630	425
			631	424
			631	423
			631	422
			632	422
			632	421
			633	420
			633	419
			634	418
			634	417
			635	416
			635	415
			636	414
			636	413
			637	412
			638	411
			638	410
			639	409
			639	408
			640	407
			640	406
			641	405
			641	404
			641	403
			642	403
			642	402
			642	401
			643	400
			643	399
			644	398
			644	397
			645	396
			645	395
			645	394
			646	393
			646	392
			647	391
			647	390
			648	389
			648	388
			649	387
			649	386
			649	385
			650	384
			650	383
			651	382
			651	381
			652	380
			652	379
			653	378
			653	377
			654	376
			654	375
			654	374
			655	373
			655	372
			656	371
			656	370
			657	369
			657	368
			657	367
			658	367
			658	366
			659	365
			659	364
			659	363
			660	362
			660	361
			661	360
			661	359
			662	358
			662	357
			663	357
			663	356
			663	355
			664	354
			664	353
			665	352
			665	351
			666	350
			666	349
			667	348
			667	347
			668	346
			668	345
			669	344
			669	343
			670	342
			670	341
			671	340
			672	339
			673	338
		</curveLM12>
	</curves.pixel>
	<curves.scaled type=list>
		<curveLM07 type=matrix rownames=FALSE colnames=FALSE nrow=195 ncol=2 as.numeric=TRUE >
			5.73987206731767	-2.88272921062908
			5.7484008519645	-2.88272921062908
			5.75692963661133	-2.89125799527591
			5.76545842125816	-2.89978677992275
			5.773987205905	-2.90831556456958
			5.78251599055183	-2.90831556456958
			5.79104477519866	-2.91684434921641
			5.79104477519866	-2.92537313386324
			5.79957355984549	-2.93390191851007
			5.79957355984549	-2.9424307031569
			5.80810234449232	-2.9424307031569
			5.81663112913915	-2.95095948780373
			5.81663112913915	-2.95948827245057
			5.82515991378598	-2.9680170570974
			5.83368869843282	-2.97654584174423
			5.83368869843282	-2.98507462639106
			5.84221748307965	-2.99360341103789
			5.85074626772648	-3.00213219568472
			5.85927505237331	-3.01066098033156
			5.85927505237331	-3.01918976497839
			5.85927505237331	-3.02771854962522
			5.86780383702014	-3.03624733427205
			5.87633262166697	-3.04477611891888
			5.87633262166697	-3.05330490356571
			5.88486140631381	-3.06183368821255
			5.88486140631381	-3.07036247285938
			5.89339019096064	-3.07889125750621
			5.89339019096064	-3.08742004215304
			5.90191897560747	-3.09594882679987
			5.9104477602543	-3.1044776114467
			5.9104477602543	-3.11300639609354
			5.91897654490113	-3.12153518074037
			5.91897654490113	-3.1300639653872
			5.92750532954796	-3.13859275003403
			5.92750532954796	-3.14712153468086
			5.92750532954796	-3.15565031932769
			5.9360341141948	-3.15565031932769
			5.9360341141948	-3.16417910397452
			5.9360341141948	-3.17270788862136
			5.94456289884163	-3.17270788862136
			5.94456289884163	-3.18123667326819
			5.94456289884163	-3.18976545791502
			5.95309168348846	-3.19829424256185
			5.95309168348846	-3.20682302720868
			5.96162046813529	-3.20682302720868
			5.96162046813529	-3.21535181185551
			5.96162046813529	-3.22388059650235
			5.97014925278212	-3.23240938114918
			5.97014925278212	-3.24093816579601
			5.97867803742895	-3.24946695044284
			5.97867803742895	-3.25799573508967
			5.98720682207579	-3.2665245197365
			5.98720682207579	-3.27505330438334
			5.99573560672262	-3.28358208903017
			5.99573560672262	-3.292110873677
			5.99573560672262	-3.30063965832383
			6.00426439136945	-3.30916844297066
			6.00426439136945	-3.31769722761749
			6.01279317601628	-3.32622601226433
			6.01279317601628	-3.33475479691116
			6.01279317601628	-3.34328358155799
			6.02132196066311	-3.35181236620482
			6.02132196066311	-3.36034115085165
			6.02985074530994	-3.36886993549848
			6.02985074530994	-3.37739872014531
			6.02985074530994	-3.38592750479215
			6.03837952995678	-3.39445628943898
			6.03837952995678	-3.40298507408581
			6.04690831460361	-3.41151385873264
			6.04690831460361	-3.42004264337947
			6.04690831460361	-3.4285714280263
			6.05543709925044	-3.43710021267314
			6.05543709925044	-3.44562899731997
			6.05543709925044	-3.4541577819668
			6.06396588389727	-3.46268656661363
			6.06396588389727	-3.47121535126046
			6.0724946685441	-3.47974413590729
			6.0724946685441	-3.48827292055413
			6.0724946685441	-3.49680170520096
			6.08102345319093	-3.50533048984779
			6.08102345319093	-3.51385927449462
			6.08955223783776	-3.52238805914145
			6.08955223783776	-3.53091684378828
			6.08955223783776	-3.53944562843512
			6.0980810224846	-3.53944562843512
			6.0980810224846	-3.54797441308195
			6.10660980713143	-3.55650319772878
			6.10660980713143	-3.56503198237561
			6.10660980713143	-3.57356076702244
			6.11513859177826	-3.58208955166927
			6.11513859177826	-3.5906183363161
			6.12366737642509	-3.59914712096294
			6.12366737642509	-3.60767590560977
			6.12366737642509	-3.6162046902566
			6.13219616107192	-3.62473347490343
			6.13219616107192	-3.63326225955026
			6.14072494571875	-3.64179104419709
			6.14072494571875	-3.65031982884393
			6.14072494571875	-3.65884861349076
			6.14925373036559	-3.66737739813759
			6.14925373036559	-3.67590618278442
			6.15778251501242	-3.68443496743125
			6.15778251501242	-3.69296375207808
			6.16631129965925	-3.70149253672492
			6.16631129965925	-3.71002132137175
			6.16631129965925	-3.71855010601858
			6.17484008430608	-3.72707889066541
			6.17484008430608	-3.73560767531224
			6.18336886895291	-3.74413645995907
			6.18336886895291	-3.75266524460591
			6.19189765359974	-3.76119402925274
			6.19189765359974	-3.76972281389957
			6.19189765359974	-3.7782515985464
			6.20042643824658	-3.78678038319323
			6.20042643824658	-3.79530916784006
			6.20895522289341	-3.80383795248689
			6.20895522289341	-3.81236673713373
			6.21748400754024	-3.82089552178056
			6.21748400754024	-3.82942430642739
			6.22601279218707	-3.83795309107422
			6.22601279218707	-3.84648187572105
			6.22601279218707	-3.85501066036788
			6.2345415768339	-3.86353944501472
			6.2345415768339	-3.87206822966155
			6.24307036148073	-3.88059701430838
			6.24307036148073	-3.88912579895521
			6.25159914612756	-3.89765458360204
			6.25159914612756	-3.90618336824887
			6.2601279307744	-3.91471215289571
			6.2601279307744	-3.92324093754254
			6.26865671542123	-3.93176972218937
			6.26865671542123	-3.9402985068362
			6.27718550006806	-3.94882729148303
			6.27718550006806	-3.95735607612986
			6.28571428471489	-3.9658848607767
			6.28571428471489	-3.97441364542353
			6.28571428471489	-3.98294243007036
			6.29424306936172	-3.99147121471719
			6.29424306936172	-3.99999999936402
			6.30277185400855	-4.00852878401085
			6.30277185400855	-4.01705756865768
			6.30277185400855	-4.02558635330452
			6.31130063865539	-4.03411513795135
			6.31130063865539	-4.04264392259818
			6.31982942330222	-4.05117270724501
			6.31982942330222	-4.05970149189184
			6.32835820794905	-4.06823027653867
			6.32835820794905	-4.07675906118551
			6.33688699259588	-4.08528784583234
			6.33688699259588	-4.09381663047917
			6.33688699259588	-4.102345415126
			6.34541577724271	-4.11087419977283
			6.34541577724271	-4.11940298441966
			6.35394456188954	-4.1279317690665
			6.36247334653638	-4.13646055371333
			6.36247334653638	-4.14498933836016
			6.36247334653638	-4.15351812300699
			6.37100213118321	-4.15351812300699
			6.37100213118321	-4.16204690765382
			6.37100213118321	-4.17057569230065
			6.37953091583004	-4.17910447694749
			6.37953091583004	-4.18763326159432
			6.38805970047687	-4.19616204624115
			6.38805970047687	-4.20469083088798
			6.3965884851237	-4.21321961553481
			6.3965884851237	-4.22174840018164
			6.3965884851237	-4.23027718482848
			6.40511726977053	-4.23027718482848
			6.40511726977053	-4.23880596947531
			6.41364605441737	-4.24733475412214
			6.41364605441737	-4.25586353876897
			6.41364605441737	-4.2643923234158
			6.4221748390642	-4.27292110806263
			6.4221748390642	-4.28144989270946
			6.43070362371103	-4.28144989270946
			6.43070362371103	-4.2899786773563
			6.43070362371103	-4.29850746200313
			6.43923240835786	-4.30703624664996
			6.43923240835786	-4.31556503129679
			6.44776119300469	-4.32409381594362
			6.44776119300469	-4.33262260059045
			6.45628997765152	-4.34115138523729
			6.45628997765152	-4.34968016988412
			6.46481876229836	-4.35820895453095
			6.46481876229836	-4.36673773917778
			6.47334754694519	-4.37526652382461
			6.47334754694519	-4.38379530847144
			6.47334754694519	-4.39232409311828
			6.48187633159202	-4.39232409311828
			6.48187633159202	-4.40085287776511
			6.48187633159202	-4.40938166241194
			6.49040511623885	-4.40938166241194
			6.49040511623885	-4.41791044705877
			6.49893390088568	-4.4264392317056
			6.49893390088568	-4.43496801635243
		</curveLM07>
		<curveLM08 type=matrix rownames=FALSE colnames=FALSE nrow=58 ncol=2 as.numeric=TRUE >
			6.49893390088568	-4.43496801635243
			6.49893390088568	-4.44349680099927
			6.49893390088568	-4.4520255856461
			6.49040511623885	-4.4520255856461
			6.49040511623885	-4.46055437029293
			6.48187633159202	-4.46908315493976
			6.47334754694519	-4.47761193958659
			6.46481876229836	-4.48614072423342
			6.45628997765152	-4.49466950888026
			6.44776119300469	-4.50319829352709
			6.43923240835786	-4.51172707817392
			6.43070362371103	-4.51172707817392
			6.4221748390642	-4.52025586282075
			6.41364605441737	-4.52025586282075
			6.40511726977053	-4.52878464746758
			6.3965884851237	-4.52878464746758
			6.38805970047687	-4.52878464746758
			6.37953091583004	-4.52878464746758
			6.37100213118321	-4.53731343211441
			6.36247334653638	-4.53731343211441
			6.35394456188954	-4.53731343211441
			6.34541577724271	-4.53731343211441
			6.33688699259588	-4.53731343211441
			6.32835820794905	-4.54584221676124
			6.31982942330222	-4.54584221676124
			6.31130063865539	-4.54584221676124
			6.30277185400855	-4.54584221676124
			6.29424306936172	-4.54584221676124
			6.28571428471489	-4.54584221676124
			6.27718550006806	-4.54584221676124
			6.26865671542123	-4.54584221676124
			6.2601279307744	-4.54584221676124
			6.25159914612756	-4.54584221676124
			6.24307036148073	-4.54584221676124
			6.2345415768339	-4.54584221676124
			6.22601279218707	-4.54584221676124
			6.21748400754024	-4.54584221676124
			6.20895522289341	-4.54584221676124
			6.20042643824658	-4.54584221676124
			6.19189765359974	-4.54584221676124
			6.18336886895291	-4.54584221676124
			6.17484008430608	-4.54584221676124
			6.16631129965925	-4.54584221676124
			6.15778251501242	-4.54584221676124
			6.14925373036559	-4.55437100140808
			6.14072494571875	-4.55437100140808
			6.13219616107192	-4.55437100140808
			6.12366737642509	-4.55437100140808
			6.11513859177826	-4.55437100140808
			6.10660980713143	-4.55437100140808
			6.0980810224846	-4.55437100140808
			6.08955223783776	-4.55437100140808
			6.08102345319093	-4.55437100140808
			6.0724946685441	-4.55437100140808
			6.06396588389727	-4.56289978605491
			6.05543709925044	-4.56289978605491
			6.04690831460361	-4.56289978605491
			6.03837952995678	-4.56289978605491
		</curveLM08>
		<curveLM09 type=matrix rownames=FALSE colnames=FALSE nrow=85 ncol=2 as.numeric=TRUE >
			6.03837952995678	-4.56289978605491
			6.03837952995678	-4.57142857070174
			6.03837952995678	-4.57995735534857
			6.02985074530994	-4.5884861399954
			6.02985074530994	-4.59701492464223
			6.02985074530994	-4.60554370928907
			6.02985074530994	-4.6140724939359
			6.02985074530994	-4.62260127858273
			6.02985074530994	-4.63113006322956
			6.02132196066311	-4.63965884787639
			6.02132196066311	-4.64818763252322
			6.02132196066311	-4.65671641717006
			6.02132196066311	-4.66524520181689
			6.02132196066311	-4.67377398646372
			6.02132196066311	-4.68230277111055
			6.01279317601628	-4.69083155575738
			6.01279317601628	-4.69936034040421
			6.01279317601628	-4.70788912505104
			6.01279317601628	-4.71641790969788
			6.01279317601628	-4.72494669434471
			6.01279317601628	-4.73347547899154
			6.01279317601628	-4.74200426363837
			6.00426439136945	-4.7505330482852
			6.00426439136945	-4.75906183293203
			6.00426439136945	-4.76759061757887
			6.00426439136945	-4.7761194022257
			6.00426439136945	-4.78464818687253
			6.00426439136945	-4.79317697151936
			5.99573560672262	-4.80170575616619
			5.99573560672262	-4.81023454081302
			5.99573560672262	-4.81876332545986
			5.99573560672262	-4.82729211010669
			5.99573560672262	-4.83582089475352
			5.99573560672262	-4.84434967940035
			5.98720682207579	-4.85287846404718
			5.98720682207579	-4.86140724869401
			5.98720682207579	-4.86993603334085
			5.98720682207579	-4.87846481798768
			5.98720682207579	-4.88699360263451
			5.98720682207579	-4.89552238728134
			5.97867803742895	-4.90405117192817
			5.97867803742895	-4.912579956575
			5.97867803742895	-4.92110874122184
			5.97867803742895	-4.92963752586867
			5.97867803742895	-4.9381663105155
			5.97867803742895	-4.94669509516233
			5.97014925278212	-4.95522387980916
			5.97014925278212	-4.96375266445599
			5.97014925278212	-4.97228144910282
			5.97014925278212	-4.98081023374966
			5.97014925278212	-4.98933901839649
			5.96162046813529	-4.99786780304332
			5.96162046813529	-5.00639658769015
			5.95309168348846	-5.01492537233698
			5.95309168348846	-5.02345415698381
			5.95309168348846	-5.03198294163065
			5.94456289884163	-5.04051172627748
			5.9360341141948	-5.04904051092431
			5.9360341141948	-5.05756929557114
			5.92750532954796	-5.06609808021797
			5.91897654490113	-5.0746268648648
			5.91897654490113	-5.08315564951164
			5.9104477602543	-5.08315564951164
			5.90191897560747	-5.09168443415847
			5.90191897560747	-5.1002132188053
			5.89339019096064	-5.1002132188053
			5.88486140631381	-5.10874200345213
			5.87633262166697	-5.10874200345213
			5.87633262166697	-5.11727078809896
			5.86780383702014	-5.11727078809896
			5.85927505237331	-5.12579957274579
			5.85074626772648	-5.12579957274579
			5.84221748307965	-5.12579957274579
			5.83368869843282	-5.13432835739262
			5.82515991378598	-5.13432835739262
			5.81663112913915	-5.13432835739262
			5.80810234449232	-5.13432835739262
			5.79957355984549	-5.13432835739262
			5.79104477519866	-5.13432835739262
			5.78251599055183	-5.13432835739262
			5.773987205905	-5.13432835739262
			5.76545842125816	-5.13432835739262
			5.75692963661133	-5.13432835739262
			5.7484008519645	-5.13432835739262
			5.73987206731767	-5.13432835739262
		</curveLM09>
		<curveLM10 type=matrix rownames=FALSE colnames=FALSE nrow=76 ncol=2 as.numeric=TRUE >
			5.73987206731767	-5.13432835739262
			5.73134328267084	-5.13432835739262
			5.72281449802401	-5.13432835739262
			5.71428571337717	-5.13432835739262
			5.70575692873034	-5.13432835739262
			5.69722814408351	-5.12579957274579
			5.68869935943668	-5.12579957274579
			5.68017057478985	-5.12579957274579
			5.67164179014302	-5.12579957274579
			5.66311300549618	-5.11727078809896
			5.65458422084935	-5.11727078809896
			5.64605543620252	-5.11727078809896
			5.63752665155569	-5.10874200345213
			5.62899786690886	-5.10874200345213
			5.62046908226203	-5.1002132188053
			5.6119402976152	-5.09168443415847
			5.60341151296836	-5.08315564951164
			5.59488272832153	-5.08315564951164
			5.5863539436747	-5.0746268648648
			5.5863539436747	-5.06609808021797
			5.57782515902787	-5.05756929557114
			5.56929637438104	-5.04904051092431
			5.56076758973421	-5.04051172627748
			5.56076758973421	-5.03198294163065
			5.55223880508737	-5.02345415698381
			5.55223880508737	-5.01492537233698
			5.54371002044054	-5.00639658769015
			5.54371002044054	-4.99786780304332
			5.54371002044054	-4.98933901839649
			5.53518123579371	-4.98081023374966
			5.53518123579371	-4.97228144910282
			5.53518123579371	-4.96375266445599
			5.53518123579371	-4.95522387980916
			5.52665245114688	-4.94669509516233
			5.52665245114688	-4.9381663105155
			5.52665245114688	-4.92963752586867
			5.52665245114688	-4.92110874122184
			5.52665245114688	-4.912579956575
			5.52665245114688	-4.90405117192817
			5.51812366650005	-4.89552238728134
			5.51812366650005	-4.88699360263451
			5.51812366650005	-4.87846481798768
			5.51812366650005	-4.86993603334085
			5.51812366650005	-4.86140724869401
			5.51812366650005	-4.85287846404718
			5.51812366650005	-4.84434967940035
			5.51812366650005	-4.83582089475352
			5.51812366650005	-4.82729211010669
			5.51812366650005	-4.81876332545986
			5.51812366650005	-4.81023454081302
			5.51812366650005	-4.80170575616619
			5.51812366650005	-4.79317697151936
			5.50959488185322	-4.79317697151936
			5.50959488185322	-4.78464818687253
			5.50959488185322	-4.7761194022257
			5.50959488185322	-4.76759061757887
			5.50959488185322	-4.75906183293203
			5.50959488185322	-4.7505330482852
			5.50959488185322	-4.74200426363837
			5.50959488185322	-4.73347547899154
			5.50959488185322	-4.72494669434471
			5.50106609720638	-4.71641790969788
			5.50106609720638	-4.70788912505104
			5.50106609720638	-4.69936034040421
			5.50106609720638	-4.69083155575738
			5.50106609720638	-4.68230277111055
			5.50106609720638	-4.67377398646372
			5.50106609720638	-4.66524520181689
			5.50106609720638	-4.65671641717006
			5.50106609720638	-4.64818763252322
			5.49253731255955	-4.63965884787639
			5.49253731255955	-4.63113006322956
			5.49253731255955	-4.62260127858273
			5.49253731255955	-4.6140724939359
			5.49253731255955	-4.60554370928907
			5.49253731255955	-4.59701492464223
		</curveLM10>
		<curveLM11 type=matrix rownames=FALSE colnames=FALSE nrow=57 ncol=2 as.numeric=TRUE >
			5.49253731255955	-4.59701492464223
			5.48400852791272	-4.59701492464223
			5.47547974326589	-4.59701492464223
			5.46695095861906	-4.59701492464223
			5.45842217397223	-4.59701492464223
			5.45842217397223	-4.5884861399954
			5.44989338932539	-4.5884861399954
			5.44136460467856	-4.5884861399954
			5.43283582003173	-4.5884861399954
			5.4243070353849	-4.5884861399954
			5.41577825073807	-4.5884861399954
			5.40724946609124	-4.5884861399954
			5.3987206814444	-4.5884861399954
			5.39019189679757	-4.57995735534857
			5.38166311215074	-4.57995735534857
			5.37313432750391	-4.57995735534857
			5.36460554285708	-4.57995735534857
			5.35607675821025	-4.57995735534857
			5.34754797356342	-4.57142857070174
			5.33901918891658	-4.57142857070174
			5.33049040426975	-4.57142857070174
			5.32196161962292	-4.57142857070174
			5.31343283497609	-4.57142857070174
			5.30490405032926	-4.57142857070174
			5.29637526568243	-4.56289978605491
			5.28784648103559	-4.56289978605491
			5.27931769638876	-4.56289978605491
			5.27078891174193	-4.56289978605491
			5.2622601270951	-4.55437100140808
			5.25373134244827	-4.55437100140808
			5.24520255780144	-4.55437100140808
			5.2366737731546	-4.54584221676124
			5.22814498850777	-4.54584221676124
			5.21961620386094	-4.54584221676124
			5.21108741921411	-4.54584221676124
			5.20255863456728	-4.53731343211441
			5.19402984992045	-4.53731343211441
			5.18550106527361	-4.53731343211441
			5.17697228062678	-4.52878464746758
			5.16844349597995	-4.52878464746758
			5.15991471133312	-4.52878464746758
			5.15138592668629	-4.52025586282075
			5.14285714203946	-4.52025586282075
			5.13432835739262	-4.51172707817392
			5.12579957274579	-4.51172707817392
			5.11727078809896	-4.50319829352709
			5.10874200345213	-4.50319829352709
			5.1002132188053	-4.49466950888026
			5.09168443415847	-4.49466950888026
			5.08315564951164	-4.48614072423342
			5.0746268648648	-4.48614072423342
			5.0746268648648	-4.47761193958659
			5.06609808021797	-4.47761193958659
			5.05756929557114	-4.46908315493976
			5.04904051092431	-4.46908315493976
			5.04904051092431	-4.46055437029293
			5.04051172627748	-4.46055437029293
		</curveLM11>
		<curveLM12 type=matrix rownames=FALSE colnames=FALSE nrow=192 ncol=2 as.numeric=TRUE >
			5.04051172627748	-4.46055437029293
			5.03198294163065	-4.4520255856461
			5.03198294163065	-4.44349680099927
			5.03198294163065	-4.43496801635243
			5.03198294163065	-4.4264392317056
			5.03198294163065	-4.41791044705877
			5.03198294163065	-4.40938166241194
			5.03198294163065	-4.40085287776511
			5.04051172627748	-4.39232409311828
			5.04051172627748	-4.38379530847144
			5.04051172627748	-4.37526652382461
			5.04051172627748	-4.36673773917778
			5.04051172627748	-4.35820895453095
			5.04904051092431	-4.34968016988412
			5.04904051092431	-4.34115138523729
			5.04904051092431	-4.33262260059045
			5.05756929557114	-4.32409381594362
			5.05756929557114	-4.31556503129679
			5.05756929557114	-4.30703624664996
			5.06609808021797	-4.29850746200313
			5.06609808021797	-4.2899786773563
			5.06609808021797	-4.28144989270946
			5.0746268648648	-4.27292110806263
			5.0746268648648	-4.2643923234158
			5.08315564951164	-4.25586353876897
			5.08315564951164	-4.24733475412214
			5.08315564951164	-4.23880596947531
			5.09168443415847	-4.23027718482848
			5.09168443415847	-4.22174840018164
			5.09168443415847	-4.21321961553481
			5.1002132188053	-4.20469083088798
			5.1002132188053	-4.19616204624115
			5.10874200345213	-4.18763326159432
			5.10874200345213	-4.17910447694749
			5.10874200345213	-4.17057569230065
			5.11727078809896	-4.16204690765382
			5.11727078809896	-4.15351812300699
			5.12579957274579	-4.14498933836016
			5.12579957274579	-4.13646055371333
			5.13432835739262	-4.1279317690665
			5.13432835739262	-4.11940298441966
			5.14285714203946	-4.11087419977283
			5.14285714203946	-4.102345415126
			5.14285714203946	-4.09381663047917
			5.15138592668629	-4.08528784583234
			5.15138592668629	-4.07675906118551
			5.15991471133312	-4.06823027653867
			5.15991471133312	-4.05970149189184
			5.16844349597995	-4.05117270724501
			5.16844349597995	-4.04264392259818
			5.17697228062678	-4.03411513795135
			5.17697228062678	-4.02558635330452
			5.18550106527361	-4.01705756865768
			5.18550106527361	-4.00852878401085
			5.18550106527361	-3.99999999936402
			5.19402984992045	-3.99147121471719
			5.19402984992045	-3.98294243007036
			5.20255863456728	-3.97441364542353
			5.20255863456728	-3.9658848607767
			5.21108741921411	-3.95735607612986
			5.21108741921411	-3.94882729148303
			5.21961620386094	-3.9402985068362
			5.21961620386094	-3.93176972218937
			5.22814498850777	-3.92324093754254
			5.22814498850777	-3.91471215289571
			5.2366737731546	-3.90618336824887
			5.2366737731546	-3.89765458360204
			5.24520255780144	-3.88912579895521
			5.24520255780144	-3.88059701430838
			5.25373134244827	-3.87206822966155
			5.25373134244827	-3.86353944501472
			5.2622601270951	-3.85501066036788
			5.2622601270951	-3.84648187572105
			5.27078891174193	-3.83795309107422
			5.27078891174193	-3.82942430642739
			5.27931769638876	-3.82089552178056
			5.27931769638876	-3.81236673713373
			5.27931769638876	-3.80383795248689
			5.28784648103559	-3.80383795248689
			5.28784648103559	-3.79530916784006
			5.28784648103559	-3.78678038319323
			5.29637526568243	-3.78678038319323
			5.29637526568243	-3.7782515985464
			5.30490405032926	-3.76972281389957
			5.30490405032926	-3.76119402925274
			5.31343283497609	-3.75266524460591
			5.31343283497609	-3.74413645995907
			5.32196161962292	-3.73560767531224
			5.32196161962292	-3.72707889066541
			5.33049040426975	-3.71855010601858
			5.33049040426975	-3.71002132137175
			5.33049040426975	-3.70149253672492
			5.33901918891658	-3.69296375207808
			5.34754797356342	-3.68443496743125
			5.34754797356342	-3.67590618278442
			5.35607675821025	-3.66737739813759
			5.35607675821025	-3.65884861349076
			5.36460554285708	-3.65031982884393
			5.36460554285708	-3.64179104419709
			5.37313432750391	-3.63326225955026
			5.37313432750391	-3.62473347490343
			5.38166311215074	-3.6162046902566
			5.38166311215074	-3.60767590560977
			5.38166311215074	-3.59914712096294
			5.39019189679757	-3.59914712096294
			5.39019189679757	-3.5906183363161
			5.3987206814444	-3.58208955166927
			5.3987206814444	-3.57356076702244
			5.40724946609124	-3.56503198237561
			5.40724946609124	-3.55650319772878
			5.41577825073807	-3.54797441308195
			5.41577825073807	-3.53944562843512
			5.4243070353849	-3.53091684378828
			5.4243070353849	-3.52238805914145
			5.43283582003173	-3.51385927449462
			5.44136460467856	-3.50533048984779
			5.44136460467856	-3.49680170520096
			5.44989338932539	-3.48827292055413
			5.44989338932539	-3.47974413590729
			5.45842217397223	-3.47121535126046
			5.45842217397223	-3.46268656661363
			5.46695095861906	-3.4541577819668
			5.46695095861906	-3.44562899731997
			5.46695095861906	-3.43710021267314
			5.47547974326589	-3.43710021267314
			5.47547974326589	-3.4285714280263
			5.47547974326589	-3.42004264337947
			5.48400852791272	-3.41151385873264
			5.48400852791272	-3.40298507408581
			5.49253731255955	-3.39445628943898
			5.49253731255955	-3.38592750479215
			5.50106609720638	-3.37739872014531
			5.50106609720638	-3.36886993549848
			5.50106609720638	-3.36034115085165
			5.50959488185322	-3.35181236620482
			5.50959488185322	-3.34328358155799
			5.51812366650005	-3.33475479691116
			5.51812366650005	-3.32622601226433
			5.52665245114688	-3.31769722761749
			5.52665245114688	-3.30916844297066
			5.53518123579371	-3.30063965832383
			5.53518123579371	-3.292110873677
			5.53518123579371	-3.28358208903017
			5.54371002044054	-3.27505330438334
			5.54371002044054	-3.2665245197365
			5.55223880508737	-3.25799573508967
			5.55223880508737	-3.24946695044284
			5.56076758973421	-3.24093816579601
			5.56076758973421	-3.23240938114918
			5.56929637438104	-3.22388059650235
			5.56929637438104	-3.21535181185551
			5.57782515902787	-3.20682302720868
			5.57782515902787	-3.19829424256185
			5.57782515902787	-3.18976545791502
			5.5863539436747	-3.18123667326819
			5.5863539436747	-3.17270788862136
			5.59488272832153	-3.16417910397452
			5.59488272832153	-3.15565031932769
			5.60341151296836	-3.14712153468086
			5.60341151296836	-3.13859275003403
			5.60341151296836	-3.1300639653872
			5.6119402976152	-3.1300639653872
			5.6119402976152	-3.12153518074037
			5.62046908226203	-3.11300639609354
			5.62046908226203	-3.1044776114467
			5.62046908226203	-3.09594882679987
			5.62899786690886	-3.08742004215304
			5.62899786690886	-3.07889125750621
			5.63752665155569	-3.07036247285938
			5.63752665155569	-3.06183368821255
			5.64605543620252	-3.05330490356571
			5.64605543620252	-3.04477611891888
			5.65458422084935	-3.04477611891888
			5.65458422084935	-3.03624733427205
			5.65458422084935	-3.02771854962522
			5.66311300549618	-3.01918976497839
			5.66311300549618	-3.01066098033156
			5.67164179014302	-3.00213219568472
			5.67164179014302	-2.99360341103789
			5.68017057478985	-2.98507462639106
			5.68017057478985	-2.97654584174423
			5.68869935943668	-2.9680170570974
			5.68869935943668	-2.95948827245057
			5.69722814408351	-2.95095948780373
			5.69722814408351	-2.9424307031569
			5.70575692873034	-2.93390191851007
			5.70575692873034	-2.92537313386324
			5.71428571337717	-2.91684434921641
			5.71428571337717	-2.90831556456958
			5.72281449802401	-2.89978677992275
			5.73134328267084	-2.89125799527591
			5.73987206731767	-2.88272921062908
		</curveLM12>
	</curves.scaled>
	<ruler.points type=matrix rownames=TRUE colnames=FALSE nrow=5 ncol=2 as.numeric=TRUE >
		Ruler point 1	210	813
		Ruler point 2	327	814
		Ruler point 3	445	814
		Ruler point 4	561	814
		Ruler point 5	679	814
	</ruler.points>
</shapes>

