<shapes type=list>
	<ruler.pixel type=vector names=FALSE length=1 as.numeric=TRUE >117</ruler.pixel>
	<ruler.interval type=vector names=FALSE length=1 as.numeric=TRUE >1</ruler.interval>
	<scaling.units type=vector names=FALSE length=1 as.numeric=FALSE >cm</scaling.units>
	<scaling type=vector names=FALSE length=1 as.numeric=TRUE >0.00854700854700855</scaling>
	<landmarks.pixel type=matrix rownames=TRUE colnames=FALSE nrow=6 ncol=2 as.numeric=TRUE >
		LM01	675	346
		LM02	736	564
		LM03	706	560
		LM04	676	601
		LM05	649	558
		LM06	623	561
	</landmarks.pixel>
	<landmarks.scaled type=matrix rownames=TRUE colnames=FALSE nrow=6 ncol=2 as.numeric=TRUE >
		LM01	5.76923076923077	-2.95726495726496
		LM02	6.29059829059829	-4.82051282051282
		LM03	6.03418803418803	-4.78632478632479
		LM04	5.77777777777778	-5.13675213675214
		LM05	5.54700854700855	-4.76923076923077
		LM06	5.32478632478633	-4.7948717948718
	</landmarks.scaled>
	<curves.control type=list>
		<curveLM07 type=matrix rownames=FALSE colnames=FALSE nrow=7 ncol=2 as.numeric=TRUE >
			675	346
			687	344
			712	451
			727	501
			740	546
			739	554
			736	564
		</curveLM07>
		<curveLM08 type=matrix rownames=FALSE colnames=FALSE nrow=5 ncol=2 as.numeric=TRUE >
			736	564
			722	569
			717	560
			711	558
			706	560
		</curveLM08>
		<curveLM09 type=matrix rownames=FALSE colnames=FALSE nrow=5 ncol=2 as.numeric=TRUE >
			706	560
			700	561
			699	579
			689	606
			676	601
		</curveLM09>
		<curveLM10 type=matrix rownames=FALSE colnames=FALSE nrow=5 ncol=2 as.numeric=TRUE >
			676	601
			655	598
			656	575
			655	560
			649	558
		</curveLM10>
		<curveLM11 type=matrix rownames=FALSE colnames=FALSE nrow=5 ncol=2 as.numeric=TRUE >
			649	558
			643	553
			630	562
			625	564
			623	561
		</curveLM11>
		<curveLM12 type=matrix rownames=FALSE colnames=FALSE nrow=9 ncol=2 as.numeric=TRUE >
			623	561
			615	560
			622	527
			632	482
			634	447
			652	427
			664	378
			669	345
			675	346
		</curveLM12>
	</curves.control>
	<curves.pixel type=list>
		<curveLM07 type=matrix rownames=FALSE colnames=FALSE nrow=226 ncol=2 as.numeric=TRUE >
			675	346
			676	346
			677	346
			678	347
			679	348
			680	349
			681	350
			681	351
			682	352
			682	353
			683	354
			684	355
			684	356
			685	357
			685	358
			685	359
			686	360
			686	361
			687	362
			687	363
			687	364
			688	365
			688	366
			689	367
			689	368
			689	369
			690	370
			690	371
			691	372
			691	373
			691	374
			691	375
			692	375
			692	376
			692	377
			692	378
			693	378
			693	379
			693	380
			693	381
			694	382
			694	383
			695	384
			695	385
			695	386
			695	387
			696	388
			696	389
			696	390
			697	391
			697	392
			697	393
			697	394
			698	395
			698	396
			698	397
			699	398
			699	399
			699	400
			699	401
			700	402
			700	403
			700	404
			701	405
			701	406
			701	407
			701	408
			701	409
			702	409
			702	410
			702	411
			702	412
			703	413
			703	414
			703	415
			704	416
			704	417
			704	418
			704	419
			704	420
			705	421
			705	422
			705	423
			705	424
			706	425
			706	426
			706	427
			706	428
			707	429
			707	430
			707	431
			707	432
			708	433
			708	434
			708	435
			708	436
			709	437
			709	438
			709	439
			709	440
			710	441
			710	442
			710	443
			710	444
			711	445
			711	446
			711	447
			711	448
			712	449
			712	450
			712	451
			712	452
			713	453
			713	454
			713	455
			714	456
			714	457
			714	458
			715	459
			715	460
			715	461
			715	462
			716	463
			716	464
			716	465
			716	466
			717	467
			717	468
			717	469
			718	470
			718	471
			718	472
			719	473
			719	474
			719	475
			720	476
			720	477
			720	478
			720	479
			721	480
			721	481
			721	482
			722	483
			722	484
			722	485
			722	486
			723	487
			723	488
			723	489
			724	490
			724	491
			724	492
			725	493
			725	494
			725	495
			726	496
			726	497
			726	498
			726	499
			726	500
			727	500
			727	501
			727	502
			727	503
			728	504
			728	505
			728	506
			729	507
			729	508
			729	509
			729	510
			730	511
			730	512
			730	513
			731	514
			731	515
			731	516
			732	517
			732	518
			732	519
			732	520
			733	521
			733	522
			733	523
			734	524
			734	525
			734	526
			735	527
			735	528
			735	529
			735	530
			736	531
			736	532
			736	533
			736	534
			737	535
			737	536
			737	537
			738	538
			738	539
			738	540
			738	541
			739	541
			739	542
			739	543
			740	544
			740	545
			740	546
			740	547
			740	548
			739	549
			739	550
			739	551
			739	552
			739	553
			739	554
			738	555
			738	556
			738	557
			738	558
			737	559
			737	560
			737	561
			737	562
			736	563
			736	564
		</curveLM07>
		<curveLM08 type=matrix rownames=FALSE colnames=FALSE nrow=33 ncol=2 as.numeric=TRUE >
			736	564
			735	564
			734	565
			733	565
			732	565
			731	565
			730	566
			729	566
			728	566
			727	566
			726	566
			725	566
			724	565
			723	565
			722	565
			721	564
			720	564
			719	563
			719	562
			718	562
			717	561
			717	560
			716	560
			715	559
			714	559
			713	559
			712	559
			711	559
			710	559
			709	559
			708	559
			707	560
			706	560
		</curveLM08>
		<curveLM09 type=matrix rownames=FALSE colnames=FALSE nrow=53 ncol=2 as.numeric=TRUE >
			706	560
			705	560
			704	561
			703	562
			702	563
			702	564
			701	565
			701	566
			701	567
			700	568
			700	569
			700	570
			700	571
			700	572
			699	573
			699	574
			699	575
			699	576
			699	577
			699	578
			699	579
			698	580
			698	581
			698	582
			697	583
			697	584
			697	585
			696	586
			696	587
			695	588
			695	589
			694	590
			694	591
			693	592
			693	593
			692	593
			692	594
			691	595
			690	596
			689	597
			688	598
			687	599
			686	600
			685	601
			684	601
			683	601
			682	602
			681	602
			680	602
			679	602
			678	602
			677	601
			676	601
		</curveLM09>
		<curveLM10 type=matrix rownames=FALSE colnames=FALSE nrow=54 ncol=2 as.numeric=TRUE >
			676	601
			675	601
			674	601
			673	600
			672	600
			671	600
			670	600
			670	599
			669	599
			668	599
			667	598
			666	598
			665	597
			664	597
			663	596
			662	595
			661	594
			660	593
			660	592
			659	591
			659	590
			658	589
			658	588
			658	587
			657	586
			657	585
			657	584
			656	583
			656	582
			656	581
			656	580
			656	579
			656	578
			656	577
			656	576
			656	575
			656	574
			656	573
			656	572
			656	571
			655	570
			655	569
			655	568
			655	567
			655	566
			654	565
			654	564
			654	563
			653	562
			653	561
			652	560
			651	559
			650	558
			649	558
		</curveLM10>
		<curveLM11 type=matrix rownames=FALSE colnames=FALSE nrow=27 ncol=2 as.numeric=TRUE >
			649	558
			648	557
			647	557
			646	557
			645	556
			644	556
			643	556
			642	556
			641	557
			640	557
			639	557
			638	558
			637	558
			636	559
			635	559
			634	559
			633	560
			632	561
			631	561
			630	562
			629	562
			628	563
			627	563
			626	563
			625	562
			624	562
			623	561
		</curveLM11>
		<curveLM12 type=matrix rownames=FALSE colnames=FALSE nrow=223 ncol=2 as.numeric=TRUE >
			623	561
			622	561
			621	560
			620	559
			620	558
			619	557
			619	556
			619	555
			619	554
			619	553
			619	552
			619	551
			619	550
			619	549
			619	548
			619	547
			619	546
			619	545
			619	544
			619	543
			619	542
			619	541
			620	540
			620	539
			620	538
			620	537
			620	536
			620	535
			621	534
			621	533
			621	532
			621	531
			621	530
			622	529
			622	528
			622	527
			622	526
			623	525
			623	524
			623	523
			623	522
			623	521
			624	520
			624	519
			624	518
			624	517
			624	516
			625	515
			625	514
			625	513
			625	512
			625	511
			626	510
			626	509
			626	508
			626	507
			626	506
			627	505
			627	504
			627	503
			627	502
			627	501
			627	500
			628	499
			628	498
			628	497
			628	496
			628	495
			629	494
			629	493
			629	492
			629	491
			629	490
			629	489
			629	488
			630	487
			630	486
			630	485
			630	484
			630	483
			630	482
			631	481
			631	480
			631	479
			631	478
			631	477
			631	476
			631	475
			631	474
			632	473
			632	472
			632	471
			632	470
			632	469
			632	468
			632	467
			632	466
			632	465
			633	464
			633	463
			633	462
			633	461
			633	460
			633	459
			633	458
			633	457
			633	456
			633	455
			634	454
			634	453
			634	452
			634	451
			634	450
			634	449
			634	448
			634	447
			635	446
			636	445
			637	444
			637	443
			638	442
			639	441
			640	440
			640	439
			641	438
			641	437
			642	436
			643	435
			643	434
			644	433
			644	432
			645	431
			646	430
			646	429
			647	428
			647	427
			648	426
			648	425
			649	424
			649	423
			650	422
			650	421
			651	420
			651	419
			651	418
			652	417
			652	416
			652	415
			653	414
			653	413
			654	412
			654	411
			654	410
			655	409
			655	408
			655	407
			656	406
			656	405
			657	404
			657	403
			657	402
			658	401
			658	400
			658	399
			658	398
			659	398
			659	397
			659	396
			659	395
			660	394
			660	393
			660	392
			661	391
			661	390
			661	389
			662	388
			662	387
			662	386
			662	385
			662	384
			663	383
			663	382
			663	381
			663	380
			664	380
			664	379
			664	378
			664	377
			664	376
			664	375
			665	374
			665	373
			665	372
			665	371
			665	370
			666	369
			666	368
			666	367
			666	366
			666	365
			667	364
			667	363
			667	362
			667	361
			667	360
			668	359
			668	358
			668	357
			669	356
			669	355
			669	354
			669	353
			670	353
			670	352
			670	351
			671	350
			671	349
			672	348
			672	347
			673	347
			673	346
			674	346
			675	346
		</curveLM12>
	</curves.pixel>
	<curves.scaled type=list>
		<curveLM07 type=matrix rownames=FALSE colnames=FALSE nrow=226 ncol=2 as.numeric=TRUE >
			5.76923076923077	-2.95726495726496
			5.77777777777778	-2.95726495726496
			5.78632478632479	-2.95726495726496
			5.7948717948718	-2.96581196581197
			5.8034188034188	-2.97435897435897
			5.81196581196581	-2.98290598290598
			5.82051282051282	-2.99145299145299
			5.82051282051282	-3
			5.82905982905983	-3.00854700854701
			5.82905982905983	-3.01709401709402
			5.83760683760684	-3.02564102564103
			5.84615384615385	-3.03418803418803
			5.84615384615385	-3.04273504273504
			5.85470085470086	-3.05128205128205
			5.85470085470086	-3.05982905982906
			5.85470085470086	-3.06837606837607
			5.86324786324786	-3.07692307692308
			5.86324786324786	-3.08547008547009
			5.87179487179487	-3.09401709401709
			5.87179487179487	-3.1025641025641
			5.87179487179487	-3.11111111111111
			5.88034188034188	-3.11965811965812
			5.88034188034188	-3.12820512820513
			5.88888888888889	-3.13675213675214
			5.88888888888889	-3.14529914529915
			5.88888888888889	-3.15384615384615
			5.8974358974359	-3.16239316239316
			5.8974358974359	-3.17094017094017
			5.90598290598291	-3.17948717948718
			5.90598290598291	-3.18803418803419
			5.90598290598291	-3.1965811965812
			5.90598290598291	-3.20512820512821
			5.91452991452991	-3.20512820512821
			5.91452991452991	-3.21367521367521
			5.91452991452991	-3.22222222222222
			5.91452991452991	-3.23076923076923
			5.92307692307692	-3.23076923076923
			5.92307692307692	-3.23931623931624
			5.92307692307692	-3.24786324786325
			5.92307692307692	-3.25641025641026
			5.93162393162393	-3.26495726495727
			5.93162393162393	-3.27350427350427
			5.94017094017094	-3.28205128205128
			5.94017094017094	-3.29059829059829
			5.94017094017094	-3.2991452991453
			5.94017094017094	-3.30769230769231
			5.94871794871795	-3.31623931623932
			5.94871794871795	-3.32478632478632
			5.94871794871795	-3.33333333333333
			5.95726495726496	-3.34188034188034
			5.95726495726496	-3.35042735042735
			5.95726495726496	-3.35897435897436
			5.95726495726496	-3.36752136752137
			5.96581196581197	-3.37606837606838
			5.96581196581197	-3.38461538461539
			5.96581196581197	-3.39316239316239
			5.97435897435898	-3.4017094017094
			5.97435897435898	-3.41025641025641
			5.97435897435898	-3.41880341880342
			5.97435897435898	-3.42735042735043
			5.98290598290598	-3.43589743589744
			5.98290598290598	-3.44444444444444
			5.98290598290598	-3.45299145299145
			5.99145299145299	-3.46153846153846
			5.99145299145299	-3.47008547008547
			5.99145299145299	-3.47863247863248
			5.99145299145299	-3.48717948717949
			5.99145299145299	-3.4957264957265
			6	-3.4957264957265
			6	-3.5042735042735
			6	-3.51282051282051
			6	-3.52136752136752
			6.00854700854701	-3.52991452991453
			6.00854700854701	-3.53846153846154
			6.00854700854701	-3.54700854700855
			6.01709401709402	-3.55555555555556
			6.01709401709402	-3.56410256410256
			6.01709401709402	-3.57264957264957
			6.01709401709402	-3.58119658119658
			6.01709401709402	-3.58974358974359
			6.02564102564103	-3.5982905982906
			6.02564102564103	-3.60683760683761
			6.02564102564103	-3.61538461538462
			6.02564102564103	-3.62393162393162
			6.03418803418803	-3.63247863247863
			6.03418803418803	-3.64102564102564
			6.03418803418803	-3.64957264957265
			6.03418803418803	-3.65811965811966
			6.04273504273504	-3.66666666666667
			6.04273504273504	-3.67521367521368
			6.04273504273504	-3.68376068376068
			6.04273504273504	-3.69230769230769
			6.05128205128205	-3.7008547008547
			6.05128205128205	-3.70940170940171
			6.05128205128205	-3.71794871794872
			6.05128205128205	-3.72649572649573
			6.05982905982906	-3.73504273504274
			6.05982905982906	-3.74358974358974
			6.05982905982906	-3.75213675213675
			6.05982905982906	-3.76068376068376
			6.06837606837607	-3.76923076923077
			6.06837606837607	-3.77777777777778
			6.06837606837607	-3.78632478632479
			6.06837606837607	-3.7948717948718
			6.07692307692308	-3.8034188034188
			6.07692307692308	-3.81196581196581
			6.07692307692308	-3.82051282051282
			6.07692307692308	-3.82905982905983
			6.08547008547009	-3.83760683760684
			6.08547008547009	-3.84615384615385
			6.08547008547009	-3.85470085470086
			6.08547008547009	-3.86324786324786
			6.09401709401709	-3.87179487179487
			6.09401709401709	-3.88034188034188
			6.09401709401709	-3.88888888888889
			6.1025641025641	-3.8974358974359
			6.1025641025641	-3.90598290598291
			6.1025641025641	-3.91452991452991
			6.11111111111111	-3.92307692307692
			6.11111111111111	-3.93162393162393
			6.11111111111111	-3.94017094017094
			6.11111111111111	-3.94871794871795
			6.11965811965812	-3.95726495726496
			6.11965811965812	-3.96581196581197
			6.11965811965812	-3.97435897435897
			6.11965811965812	-3.98290598290598
			6.12820512820513	-3.99145299145299
			6.12820512820513	-4
			6.12820512820513	-4.00854700854701
			6.13675213675214	-4.01709401709402
			6.13675213675214	-4.02564102564103
			6.13675213675214	-4.03418803418803
			6.14529914529915	-4.04273504273504
			6.14529914529915	-4.05128205128205
			6.14529914529915	-4.05982905982906
			6.15384615384615	-4.06837606837607
			6.15384615384615	-4.07692307692308
			6.15384615384615	-4.08547008547009
			6.15384615384615	-4.09401709401709
			6.16239316239316	-4.1025641025641
			6.16239316239316	-4.11111111111111
			6.16239316239316	-4.11965811965812
			6.17094017094017	-4.12820512820513
			6.17094017094017	-4.13675213675214
			6.17094017094017	-4.14529914529915
			6.17094017094017	-4.15384615384615
			6.17948717948718	-4.16239316239316
			6.17948717948718	-4.17094017094017
			6.17948717948718	-4.17948717948718
			6.18803418803419	-4.18803418803419
			6.18803418803419	-4.1965811965812
			6.18803418803419	-4.20512820512821
			6.1965811965812	-4.21367521367521
			6.1965811965812	-4.22222222222222
			6.1965811965812	-4.23076923076923
			6.20512820512821	-4.23931623931624
			6.20512820512821	-4.24786324786325
			6.20512820512821	-4.25641025641026
			6.20512820512821	-4.26495726495727
			6.20512820512821	-4.27350427350427
			6.21367521367521	-4.27350427350427
			6.21367521367521	-4.28205128205128
			6.21367521367521	-4.29059829059829
			6.21367521367521	-4.2991452991453
			6.22222222222222	-4.30769230769231
			6.22222222222222	-4.31623931623932
			6.22222222222222	-4.32478632478633
			6.23076923076923	-4.33333333333333
			6.23076923076923	-4.34188034188034
			6.23076923076923	-4.35042735042735
			6.23076923076923	-4.35897435897436
			6.23931623931624	-4.36752136752137
			6.23931623931624	-4.37606837606838
			6.23931623931624	-4.38461538461539
			6.24786324786325	-4.39316239316239
			6.24786324786325	-4.4017094017094
			6.24786324786325	-4.41025641025641
			6.25641025641026	-4.41880341880342
			6.25641025641026	-4.42735042735043
			6.25641025641026	-4.43589743589744
			6.25641025641026	-4.44444444444444
			6.26495726495727	-4.45299145299145
			6.26495726495727	-4.46153846153846
			6.26495726495727	-4.47008547008547
			6.27350427350427	-4.47863247863248
			6.27350427350427	-4.48717948717949
			6.27350427350427	-4.4957264957265
			6.28205128205128	-4.50427350427351
			6.28205128205128	-4.51282051282051
			6.28205128205128	-4.52136752136752
			6.28205128205128	-4.52991452991453
			6.29059829059829	-4.53846153846154
			6.29059829059829	-4.54700854700855
			6.29059829059829	-4.55555555555556
			6.29059829059829	-4.56410256410256
			6.2991452991453	-4.57264957264957
			6.2991452991453	-4.58119658119658
			6.2991452991453	-4.58974358974359
			6.30769230769231	-4.5982905982906
			6.30769230769231	-4.60683760683761
			6.30769230769231	-4.61538461538462
			6.30769230769231	-4.62393162393162
			6.31623931623932	-4.62393162393162
			6.31623931623932	-4.63247863247863
			6.31623931623932	-4.64102564102564
			6.32478632478633	-4.64957264957265
			6.32478632478633	-4.65811965811966
			6.32478632478633	-4.66666666666667
			6.32478632478633	-4.67521367521368
			6.32478632478633	-4.68376068376068
			6.31623931623932	-4.69230769230769
			6.31623931623932	-4.7008547008547
			6.31623931623932	-4.70940170940171
			6.31623931623932	-4.71794871794872
			6.31623931623932	-4.72649572649573
			6.31623931623932	-4.73504273504274
			6.30769230769231	-4.74358974358974
			6.30769230769231	-4.75213675213675
			6.30769230769231	-4.76068376068376
			6.30769230769231	-4.76923076923077
			6.2991452991453	-4.77777777777778
			6.2991452991453	-4.78632478632479
			6.2991452991453	-4.7948717948718
			6.2991452991453	-4.8034188034188
			6.29059829059829	-4.81196581196581
			6.29059829059829	-4.82051282051282
		</curveLM07>
		<curveLM08 type=matrix rownames=FALSE colnames=FALSE nrow=33 ncol=2 as.numeric=TRUE >
			6.29059829059829	-4.82051282051282
			6.28205128205128	-4.82051282051282
			6.27350427350427	-4.82905982905983
			6.26495726495727	-4.82905982905983
			6.25641025641026	-4.82905982905983
			6.24786324786325	-4.82905982905983
			6.23931623931624	-4.83760683760684
			6.23076923076923	-4.83760683760684
			6.22222222222222	-4.83760683760684
			6.21367521367521	-4.83760683760684
			6.20512820512821	-4.83760683760684
			6.1965811965812	-4.83760683760684
			6.18803418803419	-4.82905982905983
			6.17948717948718	-4.82905982905983
			6.17094017094017	-4.82905982905983
			6.16239316239316	-4.82051282051282
			6.15384615384615	-4.82051282051282
			6.14529914529915	-4.81196581196581
			6.14529914529915	-4.8034188034188
			6.13675213675214	-4.8034188034188
			6.12820512820513	-4.7948717948718
			6.12820512820513	-4.78632478632479
			6.11965811965812	-4.78632478632479
			6.11111111111111	-4.77777777777778
			6.1025641025641	-4.77777777777778
			6.09401709401709	-4.77777777777778
			6.08547008547009	-4.77777777777778
			6.07692307692308	-4.77777777777778
			6.06837606837607	-4.77777777777778
			6.05982905982906	-4.77777777777778
			6.05128205128205	-4.77777777777778
			6.04273504273504	-4.78632478632479
			6.03418803418803	-4.78632478632479
		</curveLM08>
		<curveLM09 type=matrix rownames=FALSE colnames=FALSE nrow=53 ncol=2 as.numeric=TRUE >
			6.03418803418803	-4.78632478632479
			6.02564102564103	-4.78632478632479
			6.01709401709402	-4.7948717948718
			6.00854700854701	-4.8034188034188
			6	-4.81196581196581
			6	-4.82051282051282
			5.99145299145299	-4.82905982905983
			5.99145299145299	-4.83760683760684
			5.99145299145299	-4.84615384615385
			5.98290598290598	-4.85470085470086
			5.98290598290598	-4.86324786324786
			5.98290598290598	-4.87179487179487
			5.98290598290598	-4.88034188034188
			5.98290598290598	-4.88888888888889
			5.97435897435898	-4.8974358974359
			5.97435897435898	-4.90598290598291
			5.97435897435898	-4.91452991452991
			5.97435897435898	-4.92307692307692
			5.97435897435898	-4.93162393162393
			5.97435897435898	-4.94017094017094
			5.97435897435898	-4.94871794871795
			5.96581196581197	-4.95726495726496
			5.96581196581197	-4.96581196581197
			5.96581196581197	-4.97435897435897
			5.95726495726496	-4.98290598290598
			5.95726495726496	-4.99145299145299
			5.95726495726496	-5
			5.94871794871795	-5.00854700854701
			5.94871794871795	-5.01709401709402
			5.94017094017094	-5.02564102564103
			5.94017094017094	-5.03418803418803
			5.93162393162393	-5.04273504273504
			5.93162393162393	-5.05128205128205
			5.92307692307692	-5.05982905982906
			5.92307692307692	-5.06837606837607
			5.91452991452991	-5.06837606837607
			5.91452991452991	-5.07692307692308
			5.90598290598291	-5.08547008547009
			5.8974358974359	-5.09401709401709
			5.88888888888889	-5.1025641025641
			5.88034188034188	-5.11111111111111
			5.87179487179487	-5.11965811965812
			5.86324786324786	-5.12820512820513
			5.85470085470086	-5.13675213675214
			5.84615384615385	-5.13675213675214
			5.83760683760684	-5.13675213675214
			5.82905982905983	-5.14529914529915
			5.82051282051282	-5.14529914529915
			5.81196581196581	-5.14529914529915
			5.8034188034188	-5.14529914529915
			5.7948717948718	-5.14529914529915
			5.78632478632479	-5.13675213675214
			5.77777777777778	-5.13675213675214
		</curveLM09>
		<curveLM10 type=matrix rownames=FALSE colnames=FALSE nrow=54 ncol=2 as.numeric=TRUE >
			5.77777777777778	-5.13675213675214
			5.76923076923077	-5.13675213675214
			5.76068376068376	-5.13675213675214
			5.75213675213675	-5.12820512820513
			5.74358974358974	-5.12820512820513
			5.73504273504274	-5.12820512820513
			5.72649572649573	-5.12820512820513
			5.72649572649573	-5.11965811965812
			5.71794871794872	-5.11965811965812
			5.70940170940171	-5.11965811965812
			5.7008547008547	-5.11111111111111
			5.69230769230769	-5.11111111111111
			5.68376068376068	-5.1025641025641
			5.67521367521368	-5.1025641025641
			5.66666666666667	-5.09401709401709
			5.65811965811966	-5.08547008547009
			5.64957264957265	-5.07692307692308
			5.64102564102564	-5.06837606837607
			5.64102564102564	-5.05982905982906
			5.63247863247863	-5.05128205128205
			5.63247863247863	-5.04273504273504
			5.62393162393162	-5.03418803418803
			5.62393162393162	-5.02564102564103
			5.62393162393162	-5.01709401709402
			5.61538461538462	-5.00854700854701
			5.61538461538462	-5
			5.61538461538462	-4.99145299145299
			5.60683760683761	-4.98290598290598
			5.60683760683761	-4.97435897435897
			5.60683760683761	-4.96581196581197
			5.60683760683761	-4.95726495726496
			5.60683760683761	-4.94871794871795
			5.60683760683761	-4.94017094017094
			5.60683760683761	-4.93162393162393
			5.60683760683761	-4.92307692307692
			5.60683760683761	-4.91452991452991
			5.60683760683761	-4.90598290598291
			5.60683760683761	-4.8974358974359
			5.60683760683761	-4.88888888888889
			5.60683760683761	-4.88034188034188
			5.5982905982906	-4.87179487179487
			5.5982905982906	-4.86324786324786
			5.5982905982906	-4.85470085470086
			5.5982905982906	-4.84615384615385
			5.5982905982906	-4.83760683760684
			5.58974358974359	-4.82905982905983
			5.58974358974359	-4.82051282051282
			5.58974358974359	-4.81196581196581
			5.58119658119658	-4.8034188034188
			5.58119658119658	-4.7948717948718
			5.57264957264957	-4.78632478632479
			5.56410256410256	-4.77777777777778
			5.55555555555556	-4.76923076923077
			5.54700854700855	-4.76923076923077
		</curveLM10>
		<curveLM11 type=matrix rownames=FALSE colnames=FALSE nrow=27 ncol=2 as.numeric=TRUE >
			5.54700854700855	-4.76923076923077
			5.53846153846154	-4.76068376068376
			5.52991452991453	-4.76068376068376
			5.52136752136752	-4.76068376068376
			5.51282051282051	-4.75213675213675
			5.50427350427351	-4.75213675213675
			5.4957264957265	-4.75213675213675
			5.48717948717949	-4.75213675213675
			5.47863247863248	-4.76068376068376
			5.47008547008547	-4.76068376068376
			5.46153846153846	-4.76068376068376
			5.45299145299145	-4.76923076923077
			5.44444444444444	-4.76923076923077
			5.43589743589744	-4.77777777777778
			5.42735042735043	-4.77777777777778
			5.41880341880342	-4.77777777777778
			5.41025641025641	-4.78632478632479
			5.4017094017094	-4.7948717948718
			5.39316239316239	-4.7948717948718
			5.38461538461539	-4.8034188034188
			5.37606837606838	-4.8034188034188
			5.36752136752137	-4.81196581196581
			5.35897435897436	-4.81196581196581
			5.35042735042735	-4.81196581196581
			5.34188034188034	-4.8034188034188
			5.33333333333333	-4.8034188034188
			5.32478632478633	-4.7948717948718
		</curveLM11>
		<curveLM12 type=matrix rownames=FALSE colnames=FALSE nrow=223 ncol=2 as.numeric=TRUE >
			5.32478632478633	-4.7948717948718
			5.31623931623932	-4.7948717948718
			5.30769230769231	-4.78632478632479
			5.2991452991453	-4.77777777777778
			5.2991452991453	-4.76923076923077
			5.29059829059829	-4.76068376068376
			5.29059829059829	-4.75213675213675
			5.29059829059829	-4.74358974358974
			5.29059829059829	-4.73504273504274
			5.29059829059829	-4.72649572649573
			5.29059829059829	-4.71794871794872
			5.29059829059829	-4.70940170940171
			5.29059829059829	-4.7008547008547
			5.29059829059829	-4.69230769230769
			5.29059829059829	-4.68376068376068
			5.29059829059829	-4.67521367521368
			5.29059829059829	-4.66666666666667
			5.29059829059829	-4.65811965811966
			5.29059829059829	-4.64957264957265
			5.29059829059829	-4.64102564102564
			5.29059829059829	-4.63247863247863
			5.29059829059829	-4.62393162393162
			5.2991452991453	-4.61538461538462
			5.2991452991453	-4.60683760683761
			5.2991452991453	-4.5982905982906
			5.2991452991453	-4.58974358974359
			5.2991452991453	-4.58119658119658
			5.2991452991453	-4.57264957264957
			5.30769230769231	-4.56410256410256
			5.30769230769231	-4.55555555555556
			5.30769230769231	-4.54700854700855
			5.30769230769231	-4.53846153846154
			5.30769230769231	-4.52991452991453
			5.31623931623932	-4.52136752136752
			5.31623931623932	-4.51282051282051
			5.31623931623932	-4.50427350427351
			5.31623931623932	-4.4957264957265
			5.32478632478633	-4.48717948717949
			5.32478632478633	-4.47863247863248
			5.32478632478633	-4.47008547008547
			5.32478632478633	-4.46153846153846
			5.32478632478633	-4.45299145299145
			5.33333333333333	-4.44444444444444
			5.33333333333333	-4.43589743589744
			5.33333333333333	-4.42735042735043
			5.33333333333333	-4.41880341880342
			5.33333333333333	-4.41025641025641
			5.34188034188034	-4.4017094017094
			5.34188034188034	-4.39316239316239
			5.34188034188034	-4.38461538461539
			5.34188034188034	-4.37606837606838
			5.34188034188034	-4.36752136752137
			5.35042735042735	-4.35897435897436
			5.35042735042735	-4.35042735042735
			5.35042735042735	-4.34188034188034
			5.35042735042735	-4.33333333333333
			5.35042735042735	-4.32478632478633
			5.35897435897436	-4.31623931623932
			5.35897435897436	-4.30769230769231
			5.35897435897436	-4.2991452991453
			5.35897435897436	-4.29059829059829
			5.35897435897436	-4.28205128205128
			5.35897435897436	-4.27350427350427
			5.36752136752137	-4.26495726495727
			5.36752136752137	-4.25641025641026
			5.36752136752137	-4.24786324786325
			5.36752136752137	-4.23931623931624
			5.36752136752137	-4.23076923076923
			5.37606837606838	-4.22222222222222
			5.37606837606838	-4.21367521367521
			5.37606837606838	-4.20512820512821
			5.37606837606838	-4.1965811965812
			5.37606837606838	-4.18803418803419
			5.37606837606838	-4.17948717948718
			5.37606837606838	-4.17094017094017
			5.38461538461539	-4.16239316239316
			5.38461538461539	-4.15384615384615
			5.38461538461539	-4.14529914529915
			5.38461538461539	-4.13675213675214
			5.38461538461539	-4.12820512820513
			5.38461538461539	-4.11965811965812
			5.39316239316239	-4.11111111111111
			5.39316239316239	-4.1025641025641
			5.39316239316239	-4.09401709401709
			5.39316239316239	-4.08547008547009
			5.39316239316239	-4.07692307692308
			5.39316239316239	-4.06837606837607
			5.39316239316239	-4.05982905982906
			5.39316239316239	-4.05128205128205
			5.4017094017094	-4.04273504273504
			5.4017094017094	-4.03418803418803
			5.4017094017094	-4.02564102564103
			5.4017094017094	-4.01709401709402
			5.4017094017094	-4.00854700854701
			5.4017094017094	-4
			5.4017094017094	-3.99145299145299
			5.4017094017094	-3.98290598290598
			5.4017094017094	-3.97435897435897
			5.41025641025641	-3.96581196581197
			5.41025641025641	-3.95726495726496
			5.41025641025641	-3.94871794871795
			5.41025641025641	-3.94017094017094
			5.41025641025641	-3.93162393162393
			5.41025641025641	-3.92307692307692
			5.41025641025641	-3.91452991452991
			5.41025641025641	-3.90598290598291
			5.41025641025641	-3.8974358974359
			5.41025641025641	-3.88888888888889
			5.41880341880342	-3.88034188034188
			5.41880341880342	-3.87179487179487
			5.41880341880342	-3.86324786324786
			5.41880341880342	-3.85470085470086
			5.41880341880342	-3.84615384615385
			5.41880341880342	-3.83760683760684
			5.41880341880342	-3.82905982905983
			5.41880341880342	-3.82051282051282
			5.42735042735043	-3.81196581196581
			5.43589743589744	-3.8034188034188
			5.44444444444444	-3.7948717948718
			5.44444444444444	-3.78632478632479
			5.45299145299145	-3.77777777777778
			5.46153846153846	-3.76923076923077
			5.47008547008547	-3.76068376068376
			5.47008547008547	-3.75213675213675
			5.47863247863248	-3.74358974358974
			5.47863247863248	-3.73504273504274
			5.48717948717949	-3.72649572649573
			5.4957264957265	-3.71794871794872
			5.4957264957265	-3.70940170940171
			5.50427350427351	-3.7008547008547
			5.50427350427351	-3.69230769230769
			5.51282051282051	-3.68376068376068
			5.52136752136752	-3.67521367521368
			5.52136752136752	-3.66666666666667
			5.52991452991453	-3.65811965811966
			5.52991452991453	-3.64957264957265
			5.53846153846154	-3.64102564102564
			5.53846153846154	-3.63247863247863
			5.54700854700855	-3.62393162393162
			5.54700854700855	-3.61538461538462
			5.55555555555556	-3.60683760683761
			5.55555555555556	-3.5982905982906
			5.56410256410256	-3.58974358974359
			5.56410256410256	-3.58119658119658
			5.56410256410256	-3.57264957264957
			5.57264957264957	-3.56410256410256
			5.57264957264957	-3.55555555555556
			5.57264957264957	-3.54700854700855
			5.58119658119658	-3.53846153846154
			5.58119658119658	-3.52991452991453
			5.58974358974359	-3.52136752136752
			5.58974358974359	-3.51282051282051
			5.58974358974359	-3.5042735042735
			5.5982905982906	-3.4957264957265
			5.5982905982906	-3.48717948717949
			5.5982905982906	-3.47863247863248
			5.60683760683761	-3.47008547008547
			5.60683760683761	-3.46153846153846
			5.61538461538462	-3.45299145299145
			5.61538461538462	-3.44444444444444
			5.61538461538462	-3.43589743589744
			5.62393162393162	-3.42735042735043
			5.62393162393162	-3.41880341880342
			5.62393162393162	-3.41025641025641
			5.62393162393162	-3.4017094017094
			5.63247863247863	-3.4017094017094
			5.63247863247863	-3.39316239316239
			5.63247863247863	-3.38461538461539
			5.63247863247863	-3.37606837606838
			5.64102564102564	-3.36752136752137
			5.64102564102564	-3.35897435897436
			5.64102564102564	-3.35042735042735
			5.64957264957265	-3.34188034188034
			5.64957264957265	-3.33333333333333
			5.64957264957265	-3.32478632478632
			5.65811965811966	-3.31623931623932
			5.65811965811966	-3.30769230769231
			5.65811965811966	-3.2991452991453
			5.65811965811966	-3.29059829059829
			5.65811965811966	-3.28205128205128
			5.66666666666667	-3.27350427350427
			5.66666666666667	-3.26495726495727
			5.66666666666667	-3.25641025641026
			5.66666666666667	-3.24786324786325
			5.67521367521368	-3.24786324786325
			5.67521367521368	-3.23931623931624
			5.67521367521368	-3.23076923076923
			5.67521367521368	-3.22222222222222
			5.67521367521368	-3.21367521367521
			5.67521367521368	-3.20512820512821
			5.68376068376068	-3.1965811965812
			5.68376068376068	-3.18803418803419
			5.68376068376068	-3.17948717948718
			5.68376068376068	-3.17094017094017
			5.68376068376068	-3.16239316239316
			5.69230769230769	-3.15384615384615
			5.69230769230769	-3.14529914529915
			5.69230769230769	-3.13675213675214
			5.69230769230769	-3.12820512820513
			5.69230769230769	-3.11965811965812
			5.7008547008547	-3.11111111111111
			5.7008547008547	-3.1025641025641
			5.7008547008547	-3.09401709401709
			5.7008547008547	-3.08547008547009
			5.7008547008547	-3.07692307692308
			5.70940170940171	-3.06837606837607
			5.70940170940171	-3.05982905982906
			5.70940170940171	-3.05128205128205
			5.71794871794872	-3.04273504273504
			5.71794871794872	-3.03418803418803
			5.71794871794872	-3.02564102564103
			5.71794871794872	-3.01709401709402
			5.72649572649573	-3.01709401709402
			5.72649572649573	-3.00854700854701
			5.72649572649573	-3
			5.73504273504274	-2.99145299145299
			5.73504273504274	-2.98290598290598
			5.74358974358974	-2.97435897435897
			5.74358974358974	-2.96581196581197
			5.75213675213675	-2.96581196581197
			5.75213675213675	-2.95726495726496
			5.76068376068376	-2.95726495726496
			5.76923076923077	-2.95726495726496
		</curveLM12>
	</curves.scaled>
	<ruler.points type=matrix rownames=TRUE colnames=FALSE nrow=5 ncol=2 as.numeric=TRUE >
		Ruler point 1	210	814
		Ruler point 2	327	814
		Ruler point 3	444	814
		Ruler point 4	561	814
		Ruler point 5	679	814
	</ruler.points>
</shapes>

