<shapes type=list>
	<ruler.pixel type=vector names=FALSE length=1 as.numeric=TRUE >117.5009569616</ruler.pixel>
	<ruler.interval type=vector names=FALSE length=1 as.numeric=TRUE >1</ruler.interval>
	<scaling.units type=vector names=FALSE length=1 as.numeric=FALSE >cm</scaling.units>
	<scaling type=vector names=FALSE length=1 as.numeric=TRUE >0.00851056898478545</scaling>
	<landmarks.pixel type=matrix rownames=TRUE colnames=FALSE nrow=6 ncol=2 as.numeric=TRUE >
		LM01	679	274
		LM02	764	537
		LM03	724	541
		LM04	683	604
		LM05	653	535
		LM06	613	522
	</landmarks.pixel>
	<landmarks.scaled type=matrix rownames=TRUE colnames=FALSE nrow=6 ncol=2 as.numeric=TRUE >
		LM01	5.77867634066932	-2.33189590183121
		LM02	6.50207470437608	-4.57017554482979
		LM03	6.16165194498466	-4.60421782076893
		LM04	5.81271861660846	-5.14038366681041
		LM05	5.5574015470649	-4.55315440686021
		LM06	5.21697878767348	-4.442517010058
	</landmarks.scaled>
	<curves.control type=list>
		<curveLM07 type=matrix rownames=FALSE colnames=FALSE nrow=7 ncol=2 as.numeric=TRUE >
			679	274
			692	273
			721	354
			748	423
			755	467
			773	525
			764	537
		</curveLM07>
		<curveLM08 type=matrix rownames=FALSE colnames=FALSE nrow=5 ncol=2 as.numeric=TRUE >
			764	537
			762	548
			739	536
			730	534
			724	541
		</curveLM08>
		<curveLM09 type=matrix rownames=FALSE colnames=FALSE nrow=5 ncol=2 as.numeric=TRUE >
			724	541
			711	558
			713	573
			703	596
			683	604
		</curveLM09>
		<curveLM10 type=matrix rownames=FALSE colnames=FALSE nrow=5 ncol=2 as.numeric=TRUE >
			683	604
			664	594
			659	574
			661	550
			653	535
		</curveLM10>
		<curveLM11 type=matrix rownames=FALSE colnames=FALSE nrow=5 ncol=2 as.numeric=TRUE >
			653	535
			643	528
			632	531
			620	530
			613	522
		</curveLM11>
		<curveLM12 type=matrix rownames=FALSE colnames=FALSE nrow=7 ncol=2 as.numeric=TRUE >
			613	522
			612	488
			631	422
			639	376
			659	322
			676	269
			679	274
		</curveLM12>
	</curves.control>
	<curves.pixel type=list>
		<curveLM07 type=matrix rownames=FALSE colnames=FALSE nrow=271 ncol=2 as.numeric=TRUE >
			679	274
			680	274
			681	274
			682	275
			683	276
			684	276
			685	277
			686	278
			687	279
			687	280
			688	281
			689	282
			690	283
			691	284
			691	285
			692	286
			692	287
			693	288
			694	289
			694	290
			695	291
			695	292
			696	293
			696	294
			697	295
			697	296
			698	297
			698	298
			699	299
			699	300
			700	301
			700	302
			701	303
			701	304
			702	305
			702	306
			703	307
			703	308
			703	309
			704	310
			704	311
			705	312
			705	313
			706	314
			706	315
			706	316
			707	317
			707	318
			708	319
			708	320
			708	321
			709	322
			709	323
			710	324
			710	325
			710	326
			711	327
			711	328
			712	329
			712	330
			713	331
			713	332
			713	333
			714	334
			714	335
			714	336
			715	337
			715	338
			716	339
			716	340
			716	341
			716	342
			717	342
			717	343
			717	344
			718	345
			718	346
			718	347
			719	348
			719	349
			720	350
			720	351
			720	352
			721	353
			721	354
			721	355
			722	356
			722	357
			723	358
			723	359
			723	360
			724	361
			724	362
			724	363
			725	364
			725	365
			726	366
			726	367
			726	368
			727	369
			727	370
			727	371
			728	372
			728	373
			728	374
			729	375
			729	376
			730	377
			730	378
			730	379
			731	380
			731	381
			732	382
			732	383
			732	384
			732	385
			733	385
			733	386
			733	387
			734	388
			734	389
			734	390
			735	391
			735	392
			735	393
			736	394
			736	395
			736	396
			737	396
			737	397
			737	398
			737	399
			738	400
			738	401
			738	402
			739	403
			739	404
			739	405
			740	406
			740	407
			740	408
			741	409
			741	410
			741	411
			742	412
			742	413
			742	414
			743	415
			743	416
			743	417
			744	418
			744	419
			744	420
			744	421
			745	422
			745	423
			745	424
			746	425
			746	426
			746	427
			746	428
			747	429
			747	430
			747	431
			747	432
			748	433
			748	434
			748	435
			748	436
			749	437
			749	438
			749	439
			750	440
			750	441
			750	442
			750	443
			750	444
			751	445
			751	446
			751	447
			751	448
			752	449
			752	450
			752	451
			752	452
			752	453
			753	454
			753	455
			753	456
			753	457
			753	458
			754	459
			754	460
			754	461
			754	462
			754	463
			755	464
			755	465
			755	466
			755	467
			755	468
			756	469
			756	470
			756	471
			757	472
			757	473
			757	474
			757	475
			758	476
			758	477
			758	478
			759	479
			759	480
			759	481
			760	482
			760	483
			760	484
			760	485
			761	486
			761	487
			761	488
			761	489
			762	490
			762	491
			762	492
			762	493
			763	494
			763	495
			763	496
			763	497
			764	498
			764	499
			764	500
			764	501
			764	502
			765	503
			765	504
			765	505
			765	506
			765	507
			765	508
			766	509
			766	510
			766	511
			766	512
			766	513
			766	514
			766	515
			767	516
			767	517
			767	518
			767	519
			767	520
			767	521
			767	522
			767	523
			767	524
			767	525
			767	526
			767	527
			767	528
			767	529
			767	530
			766	531
			766	532
			766	533
			765	534
			765	535
			765	536
			764	536
			764	537
		</curveLM07>
		<curveLM08 type=matrix rownames=FALSE colnames=FALSE nrow=43 ncol=2 as.numeric=TRUE >
			764	537
			764	538
			763	539
			763	540
			762	541
			761	541
			760	542
			759	542
			758	542
			757	542
			756	542
			755	542
			754	542
			753	542
			752	541
			751	541
			750	541
			749	540
			748	540
			747	540
			746	539
			745	539
			744	538
			743	538
			742	538
			741	537
			740	537
			739	536
			738	536
			737	536
			736	536
			735	536
			734	536
			733	536
			732	536
			731	536
			730	537
			729	537
			728	538
			727	538
			726	539
			725	540
			724	541
		</curveLM08>
		<curveLM09 type=matrix rownames=FALSE colnames=FALSE nrow=72 ncol=2 as.numeric=TRUE >
			724	541
			723	542
			723	543
			722	544
			721	545
			720	546
			720	547
			719	548
			718	549
			718	550
			717	551
			717	552
			716	553
			716	554
			716	555
			715	556
			715	557
			715	558
			714	559
			714	560
			714	561
			713	562
			713	563
			713	564
			713	565
			713	566
			713	567
			713	568
			713	569
			713	570
			713	571
			713	572
			713	573
			712	574
			712	575
			712	576
			711	577
			711	578
			710	579
			710	580
			709	581
			709	582
			708	583
			707	583
			707	584
			706	585
			706	586
			705	587
			704	588
			703	589
			703	590
			702	591
			701	592
			700	592
			699	593
			699	594
			698	595
			697	596
			696	596
			695	597
			694	598
			693	599
			692	599
			691	600
			690	601
			689	601
			688	602
			687	602
			686	603
			685	603
			684	604
			683	604
		</curveLM09>
		<curveLM10 type=matrix rownames=FALSE colnames=FALSE nrow=75 ncol=2 as.numeric=TRUE >
			683	604
			682	603
			681	603
			680	602
			679	602
			678	601
			677	600
			676	599
			675	599
			674	598
			673	597
			672	596
			671	596
			670	595
			670	594
			669	593
			668	592
			667	591
			667	590
			666	589
			665	588
			664	587
			664	586
			663	585
			663	584
			662	584
			662	583
			662	582
			661	581
			661	580
			660	579
			660	578
			660	577
			660	576
			659	575
			659	574
			659	573
			659	572
			659	571
			659	570
			659	569
			659	568
			659	567
			659	566
			659	565
			659	564
			659	563
			659	562
			659	561
			659	560
			659	559
			659	558
			659	557
			659	556
			659	555
			659	554
			659	553
			658	552
			658	551
			658	550
			658	549
			658	548
			657	547
			657	546
			657	545
			657	544
			656	543
			656	542
			656	541
			655	540
			655	539
			655	538
			654	537
			653	536
			653	535
		</curveLM10>
		<curveLM11 type=matrix rownames=FALSE colnames=FALSE nrow=43 ncol=2 as.numeric=TRUE >
			653	535
			652	534
			651	534
			650	533
			649	533
			648	532
			647	532
			646	532
			646	531
			645	531
			644	531
			643	530
			642	530
			641	530
			640	530
			639	530
			638	530
			637	530
			636	530
			635	530
			634	531
			633	531
			632	531
			631	531
			630	531
			629	531
			628	530
			627	530
			626	530
			625	530
			624	529
			623	529
			622	529
			621	528
			620	528
			619	527
			618	526
			617	526
			616	525
			615	524
			614	523
			613	523
			613	522
		</curveLM11>
		<curveLM12 type=matrix rownames=FALSE colnames=FALSE nrow=258 ncol=2 as.numeric=TRUE >
			613	522
			613	521
			613	520
			613	519
			613	518
			613	517
			613	516
			613	515
			613	514
			613	513
			613	512
			613	511
			613	510
			613	509
			613	508
			613	507
			614	506
			614	505
			614	504
			614	503
			614	502
			614	501
			614	500
			614	499
			614	498
			614	497
			614	496
			615	496
			615	495
			615	494
			615	493
			615	492
			615	491
			615	490
			615	489
			616	488
			616	487
			616	486
			616	485
			616	484
			617	483
			617	482
			617	481
			617	480
			617	479
			617	478
			618	477
			618	476
			618	475
			618	474
			618	473
			619	472
			619	471
			619	470
			619	469
			619	468
			620	467
			620	466
			620	465
			620	464
			620	463
			621	462
			621	461
			621	460
			621	459
			622	458
			622	457
			622	456
			622	455
			623	454
			623	453
			623	452
			623	451
			624	450
			624	449
			624	448
			624	447
			625	446
			625	445
			625	444
			625	443
			626	442
			626	441
			626	440
			626	439
			627	438
			627	437
			627	436
			627	435
			628	434
			628	433
			628	432
			628	431
			629	430
			629	429
			629	428
			630	427
			630	426
			630	425
			630	424
			631	423
			631	422
			631	421
			631	420
			632	419
			632	418
			632	417
			632	416
			632	415
			633	414
			633	413
			633	412
			633	411
			633	410
			633	409
			634	409
			634	408
			634	407
			634	406
			634	405
			635	404
			635	403
			635	402
			635	401
			635	400
			636	399
			636	398
			636	397
			636	396
			637	395
			637	394
			637	393
			637	392
			637	391
			638	390
			638	389
			638	388
			638	387
			639	387
			639	386
			639	385
			639	384
			640	383
			640	382
			640	381
			640	380
			641	379
			641	378
			641	377
			641	376
			642	375
			642	374
			642	373
			643	372
			643	371
			643	370
			643	369
			644	368
			644	367
			644	366
			645	365
			645	364
			645	363
			646	362
			646	361
			646	360
			647	359
			647	358
			647	357
			647	356
			648	355
			648	354
			648	353
			649	352
			649	351
			649	350
			650	349
			650	348
			650	347
			651	346
			651	345
			651	344
			652	343
			652	342
			652	341
			653	340
			653	339
			653	338
			653	337
			654	337
			654	336
			654	335
			655	334
			655	333
			655	332
			656	331
			656	330
			656	329
			657	328
			657	327
			657	326
			658	325
			658	324
			659	323
			659	322
			659	321
			660	320
			660	319
			660	318
			661	317
			661	316
			661	315
			662	314
			662	313
			662	312
			662	311
			663	311
			663	310
			663	309
			664	308
			664	307
			664	306
			665	305
			665	304
			665	303
			666	302
			666	301
			666	300
			667	299
			667	298
			667	297
			668	296
			668	295
			668	294
			669	293
			669	292
			670	291
			670	290
			670	289
			671	288
			671	287
			671	286
			672	285
			672	284
			673	283
			673	282
			673	281
			674	281
			674	280
			674	279
			675	278
			675	277
			676	276
			676	275
			677	275
			677	274
			678	274
			679	274
		</curveLM12>
	</curves.pixel>
	<curves.scaled type=list>
		<curveLM07 type=matrix rownames=FALSE colnames=FALSE nrow=271 ncol=2 as.numeric=TRUE >
			5.77867634066932	-2.33189590183121
			5.78718690965411	-2.33189590183121
			5.79569747863889	-2.33189590183121
			5.80420804762368	-2.340406470816
			5.81271861660846	-2.34891703980078
			5.82122918559325	-2.34891703980078
			5.82973975457803	-2.35742760878557
			5.83825032356282	-2.36593817777035
			5.8467608925476	-2.37444874675514
			5.8467608925476	-2.38295931573993
			5.85527146153239	-2.39146988472471
			5.86378203051717	-2.3999804537095
			5.87229259950196	-2.40849102269428
			5.88080316848675	-2.41700159167907
			5.88080316848675	-2.42551216066385
			5.88931373747153	-2.43402272964864
			5.88931373747153	-2.44253329863342
			5.89782430645632	-2.45104386761821
			5.9063348754411	-2.45955443660299
			5.9063348754411	-2.46806500558778
			5.91484544442589	-2.47657557457257
			5.91484544442589	-2.48508614355735
			5.92335601341067	-2.49359671254214
			5.92335601341067	-2.50210728152692
			5.93186658239546	-2.51061785051171
			5.93186658239546	-2.51912841949649
			5.94037715138024	-2.52763898848128
			5.94037715138024	-2.53614955746606
			5.94888772036503	-2.54466012645085
			5.94888772036503	-2.55317069543563
			5.95739828934981	-2.56168126442042
			5.95739828934981	-2.57019183340521
			5.9659088583346	-2.57870240238999
			5.9659088583346	-2.58721297137478
			5.97441942731939	-2.59572354035956
			5.97441942731939	-2.60423410934435
			5.98292999630417	-2.61274467832913
			5.98292999630417	-2.62125524731392
			5.98292999630417	-2.6297658162987
			5.99144056528896	-2.63827638528349
			5.99144056528896	-2.64678695426827
			5.99995113427374	-2.65529752325306
			5.99995113427374	-2.66380809223785
			6.00846170325853	-2.67231866122263
			6.00846170325853	-2.68082923020742
			6.00846170325853	-2.6893397991922
			6.01697227224331	-2.69785036817699
			6.01697227224331	-2.70636093716177
			6.0254828412281	-2.71487150614656
			6.0254828412281	-2.72338207513134
			6.0254828412281	-2.73189264411613
			6.03399341021288	-2.74040321310091
			6.03399341021288	-2.7489137820857
			6.04250397919767	-2.75742435107049
			6.04250397919767	-2.76593492005527
			6.04250397919767	-2.77444548904006
			6.05101454818245	-2.78295605802484
			6.05101454818245	-2.79146662700963
			6.05952511716724	-2.79997719599441
			6.05952511716724	-2.8084877649792
			6.06803568615203	-2.81699833396398
			6.06803568615203	-2.82550890294877
			6.06803568615203	-2.83401947193355
			6.07654625513681	-2.84253004091834
			6.07654625513681	-2.85104060990313
			6.07654625513681	-2.85955117888791
			6.0850568241216	-2.8680617478727
			6.0850568241216	-2.87657231685748
			6.09356739310638	-2.88508288584227
			6.09356739310638	-2.89359345482705
			6.09356739310638	-2.90210402381184
			6.09356739310638	-2.91061459279662
			6.10207796209117	-2.91061459279662
			6.10207796209117	-2.91912516178141
			6.10207796209117	-2.92763573076619
			6.11058853107595	-2.93614629975098
			6.11058853107595	-2.94465686873577
			6.11058853107595	-2.95316743772055
			6.11909910006074	-2.96167800670534
			6.11909910006074	-2.97018857569012
			6.12760966904552	-2.97869914467491
			6.12760966904552	-2.98720971365969
			6.12760966904552	-2.99572028264448
			6.13612023803031	-3.00423085162926
			6.13612023803031	-3.01274142061405
			6.13612023803031	-3.02125198959883
			6.14463080701509	-3.02976255858362
			6.14463080701509	-3.03827312756841
			6.15314137599988	-3.04678369655319
			6.15314137599988	-3.05529426553798
			6.15314137599988	-3.06380483452276
			6.16165194498466	-3.07231540350755
			6.16165194498466	-3.08082597249233
			6.16165194498466	-3.08933654147712
			6.17016251396945	-3.0978471104619
			6.17016251396945	-3.10635767944669
			6.17867308295424	-3.11486824843147
			6.17867308295424	-3.12337881741626
			6.17867308295424	-3.13188938640105
			6.18718365193902	-3.14039995538583
			6.18718365193902	-3.14891052437062
			6.18718365193902	-3.1574210933554
			6.19569422092381	-3.16593166234019
			6.19569422092381	-3.17444223132497
			6.19569422092381	-3.18295280030976
			6.20420478990859	-3.19146336929454
			6.20420478990859	-3.19997393827933
			6.21271535889338	-3.20848450726411
			6.21271535889338	-3.2169950762489
			6.21271535889338	-3.22550564523369
			6.22122592787816	-3.23401621421847
			6.22122592787816	-3.24252678320326
			6.22973649686295	-3.25103735218804
			6.22973649686295	-3.25954792117283
			6.22973649686295	-3.26805849015761
			6.22973649686295	-3.2765690591424
			6.23824706584773	-3.2765690591424
			6.23824706584773	-3.28507962812718
			6.23824706584773	-3.29359019711197
			6.24675763483252	-3.30210076609675
			6.24675763483252	-3.31061133508154
			6.24675763483252	-3.31912190406632
			6.25526820381731	-3.32763247305111
			6.25526820381731	-3.3361430420359
			6.25526820381731	-3.34465361102068
			6.26377877280209	-3.35316418000547
			6.26377877280209	-3.36167474899025
			6.26377877280209	-3.37018531797504
			6.27228934178688	-3.37018531797504
			6.27228934178688	-3.37869588695982
			6.27228934178688	-3.38720645594461
			6.27228934178688	-3.39571702492939
			6.28079991077166	-3.40422759391418
			6.28079991077166	-3.41273816289897
			6.28079991077166	-3.42124873188375
			6.28931047975645	-3.42975930086854
			6.28931047975645	-3.43826986985332
			6.28931047975645	-3.44678043883811
			6.29782104874123	-3.45529100782289
			6.29782104874123	-3.46380157680768
			6.29782104874123	-3.47231214579246
			6.30633161772602	-3.48082271477725
			6.30633161772602	-3.48933328376203
			6.30633161772602	-3.49784385274682
			6.3148421867108	-3.50635442173161
			6.3148421867108	-3.51486499071639
			6.3148421867108	-3.52337555970118
			6.32335275569559	-3.53188612868596
			6.32335275569559	-3.54039669767075
			6.32335275569559	-3.54890726665553
			6.33186332468037	-3.55741783564032
			6.33186332468037	-3.5659284046251
			6.33186332468037	-3.57443897360989
			6.33186332468037	-3.58294954259467
			6.34037389366516	-3.59146011157946
			6.34037389366516	-3.59997068056424
			6.34037389366516	-3.60848124954903
			6.34888446264994	-3.61699181853382
			6.34888446264994	-3.6255023875186
			6.34888446264994	-3.63401295650339
			6.34888446264994	-3.64252352548817
			6.35739503163473	-3.65103409447296
			6.35739503163473	-3.65954466345774
			6.35739503163473	-3.66805523244253
			6.35739503163473	-3.67656580142731
			6.36590560061952	-3.6850763704121
			6.36590560061952	-3.69358693939688
			6.36590560061952	-3.70209750838167
			6.36590560061952	-3.71060807736646
			6.3744161696043	-3.71911864635124
			6.3744161696043	-3.72762921533603
			6.3744161696043	-3.73613978432081
			6.38292673858909	-3.7446503533056
			6.38292673858909	-3.75316092229038
			6.38292673858909	-3.76167149127517
			6.38292673858909	-3.77018206025995
			6.38292673858909	-3.77869262924474
			6.39143730757387	-3.78720319822952
			6.39143730757387	-3.79571376721431
			6.39143730757387	-3.8042243361991
			6.39143730757387	-3.81273490518388
			6.39994787655866	-3.82124547416867
			6.39994787655866	-3.82975604315345
			6.39994787655866	-3.83826661213824
			6.39994787655866	-3.84677718112302
			6.39994787655866	-3.85528775010781
			6.40845844554344	-3.86379831909259
			6.40845844554344	-3.87230888807738
			6.40845844554344	-3.88081945706216
			6.40845844554344	-3.88933002604695
			6.40845844554344	-3.89784059503174
			6.41696901452823	-3.90635116401652
			6.41696901452823	-3.91486173300131
			6.41696901452823	-3.92337230198609
			6.41696901452823	-3.93188287097088
			6.41696901452823	-3.94039343995566
			6.42547958351301	-3.94890400894045
			6.42547958351301	-3.95741457792523
			6.42547958351301	-3.96592514691002
			6.42547958351301	-3.9744357158948
			6.42547958351301	-3.98294628487959
			6.4339901524978	-3.99145685386438
			6.4339901524978	-3.99996742284916
			6.4339901524978	-4.00847799183395
			6.44250072148258	-4.01698856081873
			6.44250072148258	-4.02549912980352
			6.44250072148258	-4.0340096987883
			6.44250072148258	-4.04252026777309
			6.45101129046737	-4.05103083675787
			6.45101129046737	-4.05954140574266
			6.45101129046737	-4.06805197472744
			6.45952185945216	-4.07656254371223
			6.45952185945216	-4.08507311269702
			6.45952185945216	-4.0935836816818
			6.46803242843694	-4.10209425066659
			6.46803242843694	-4.11060481965137
			6.46803242843694	-4.11911538863616
			6.46803242843694	-4.12762595762094
			6.47654299742173	-4.13613652660573
			6.47654299742173	-4.14464709559051
			6.47654299742173	-4.1531576645753
			6.47654299742173	-4.16166823356008
			6.48505356640651	-4.17017880254487
			6.48505356640651	-4.17868937152966
			6.48505356640651	-4.18719994051444
			6.48505356640651	-4.19571050949923
			6.4935641353913	-4.20422107848401
			6.4935641353913	-4.2127316474688
			6.4935641353913	-4.22124221645358
			6.4935641353913	-4.22975278543837
			6.50207470437608	-4.23826335442315
			6.50207470437608	-4.24677392340794
			6.50207470437608	-4.25528449239272
			6.50207470437608	-4.26379506137751
			6.50207470437608	-4.2723056303623
			6.51058527336087	-4.28081619934708
			6.51058527336087	-4.28932676833187
			6.51058527336087	-4.29783733731665
			6.51058527336087	-4.30634790630144
			6.51058527336087	-4.31485847528622
			6.51058527336087	-4.32336904427101
			6.51909584234565	-4.33187961325579
			6.51909584234565	-4.34039018224058
			6.51909584234565	-4.34890075122536
			6.51909584234565	-4.35741132021015
			6.51909584234565	-4.36592188919494
			6.51909584234565	-4.37443245817972
			6.51909584234565	-4.38294302716451
			6.52760641133044	-4.39145359614929
			6.52760641133044	-4.39996416513408
			6.52760641133044	-4.40847473411886
			6.52760641133044	-4.41698530310365
			6.52760641133044	-4.42549587208843
			6.52760641133044	-4.43400644107322
			6.52760641133044	-4.442517010058
			6.52760641133044	-4.45102757904279
			6.52760641133044	-4.45953814802758
			6.52760641133044	-4.46804871701236
			6.52760641133044	-4.47655928599715
			6.52760641133044	-4.48506985498193
			6.52760641133044	-4.49358042396672
			6.52760641133044	-4.5020909929515
			6.52760641133044	-4.51060156193629
			6.51909584234565	-4.51911213092107
			6.51909584234565	-4.52762269990586
			6.51909584234565	-4.53613326889064
			6.51058527336087	-4.54464383787543
			6.51058527336087	-4.55315440686021
			6.51058527336087	-4.561664975845
			6.50207470437608	-4.561664975845
			6.50207470437608	-4.57017554482979
		</curveLM07>
		<curveLM08 type=matrix rownames=FALSE colnames=FALSE nrow=43 ncol=2 as.numeric=TRUE >
			6.50207470437608	-4.57017554482979
			6.50207470437608	-4.57868611381457
			6.4935641353913	-4.58719668279936
			6.4935641353913	-4.59570725178414
			6.48505356640651	-4.60421782076893
			6.47654299742173	-4.60421782076893
			6.46803242843694	-4.61272838975371
			6.45952185945216	-4.61272838975371
			6.45101129046737	-4.61272838975371
			6.44250072148258	-4.61272838975371
			6.4339901524978	-4.61272838975371
			6.42547958351301	-4.61272838975371
			6.41696901452823	-4.61272838975371
			6.40845844554344	-4.61272838975371
			6.39994787655866	-4.60421782076893
			6.39143730757387	-4.60421782076893
			6.38292673858909	-4.60421782076893
			6.3744161696043	-4.59570725178414
			6.36590560061952	-4.59570725178414
			6.35739503163473	-4.59570725178414
			6.34888446264994	-4.58719668279936
			6.34037389366516	-4.58719668279936
			6.33186332468037	-4.57868611381457
			6.32335275569559	-4.57868611381457
			6.3148421867108	-4.57868611381457
			6.30633161772602	-4.57017554482979
			6.29782104874123	-4.57017554482979
			6.28931047975645	-4.561664975845
			6.28079991077166	-4.561664975845
			6.27228934178688	-4.561664975845
			6.26377877280209	-4.561664975845
			6.25526820381731	-4.561664975845
			6.24675763483252	-4.561664975845
			6.23824706584773	-4.561664975845
			6.22973649686295	-4.561664975845
			6.22122592787816	-4.561664975845
			6.21271535889338	-4.57017554482979
			6.20420478990859	-4.57017554482979
			6.19569422092381	-4.57868611381457
			6.18718365193902	-4.57868611381457
			6.17867308295424	-4.58719668279936
			6.17016251396945	-4.59570725178414
			6.16165194498466	-4.60421782076893
		</curveLM08>
		<curveLM09 type=matrix rownames=FALSE colnames=FALSE nrow=72 ncol=2 as.numeric=TRUE >
			6.16165194498466	-4.60421782076893
			6.15314137599988	-4.61272838975371
			6.15314137599988	-4.6212389587385
			6.14463080701509	-4.62974952772328
			6.13612023803031	-4.63826009670807
			6.12760966904552	-4.64677066569286
			6.12760966904552	-4.65528123467764
			6.11909910006074	-4.66379180366243
			6.11058853107595	-4.67230237264721
			6.11058853107595	-4.680812941632
			6.10207796209117	-4.68932351061678
			6.10207796209117	-4.69783407960157
			6.09356739310638	-4.70634464858635
			6.09356739310638	-4.71485521757114
			6.09356739310638	-4.72336578655592
			6.0850568241216	-4.73187635554071
			6.0850568241216	-4.7403869245255
			6.0850568241216	-4.74889749351028
			6.07654625513681	-4.75740806249507
			6.07654625513681	-4.76591863147985
			6.07654625513681	-4.77442920046464
			6.06803568615203	-4.78293976944942
			6.06803568615203	-4.79145033843421
			6.06803568615203	-4.79996090741899
			6.06803568615203	-4.80847147640378
			6.06803568615203	-4.81698204538856
			6.06803568615203	-4.82549261437335
			6.06803568615203	-4.83400318335813
			6.06803568615203	-4.84251375234292
			6.06803568615203	-4.85102432132771
			6.06803568615203	-4.85953489031249
			6.06803568615203	-4.86804545929728
			6.06803568615203	-4.87655602828206
			6.05952511716724	-4.88506659726685
			6.05952511716724	-4.89357716625163
			6.05952511716724	-4.90208773523642
			6.05101454818245	-4.9105983042212
			6.05101454818245	-4.91910887320599
			6.04250397919767	-4.92761944219077
			6.04250397919767	-4.93613001117556
			6.03399341021288	-4.94464058016035
			6.03399341021288	-4.95315114914513
			6.0254828412281	-4.96166171812992
			6.01697227224331	-4.96166171812992
			6.01697227224331	-4.9701722871147
			6.00846170325853	-4.97868285609949
			6.00846170325853	-4.98719342508427
			5.99995113427374	-4.99570399406906
			5.99144056528896	-5.00421456305384
			5.98292999630417	-5.01272513203863
			5.98292999630417	-5.02123570102342
			5.97441942731939	-5.0297462700082
			5.9659088583346	-5.03825683899299
			5.95739828934981	-5.03825683899299
			5.94888772036503	-5.04676740797777
			5.94888772036503	-5.05527797696256
			5.94037715138024	-5.06378854594734
			5.93186658239546	-5.07229911493213
			5.92335601341067	-5.07229911493213
			5.91484544442589	-5.08080968391691
			5.9063348754411	-5.0893202529017
			5.89782430645632	-5.09783082188648
			5.88931373747153	-5.09783082188648
			5.88080316848675	-5.10634139087127
			5.87229259950196	-5.11485195985605
			5.86378203051717	-5.11485195985605
			5.85527146153239	-5.12336252884084
			5.8467608925476	-5.12336252884084
			5.83825032356282	-5.13187309782563
			5.82973975457803	-5.13187309782563
			5.82122918559325	-5.14038366681041
			5.81271861660846	-5.14038366681041
		</curveLM09>
		<curveLM10 type=matrix rownames=FALSE colnames=FALSE nrow=75 ncol=2 as.numeric=TRUE >
			5.81271861660846	-5.14038366681041
			5.80420804762368	-5.13187309782563
			5.79569747863889	-5.13187309782563
			5.78718690965411	-5.12336252884084
			5.77867634066932	-5.12336252884084
			5.77016577168453	-5.11485195985605
			5.76165520269975	-5.10634139087127
			5.75314463371496	-5.09783082188648
			5.74463406473018	-5.09783082188648
			5.73612349574539	-5.0893202529017
			5.72761292676061	-5.08080968391691
			5.71910235777582	-5.07229911493213
			5.71059178879104	-5.07229911493213
			5.70208121980625	-5.06378854594734
			5.70208121980625	-5.05527797696256
			5.69357065082147	-5.04676740797777
			5.68506008183668	-5.03825683899299
			5.67654951285189	-5.0297462700082
			5.67654951285189	-5.02123570102342
			5.66803894386711	-5.01272513203863
			5.65952837488232	-5.00421456305384
			5.65101780589754	-4.99570399406906
			5.65101780589754	-4.98719342508427
			5.64250723691275	-4.97868285609949
			5.64250723691275	-4.9701722871147
			5.63399666792797	-4.9701722871147
			5.63399666792797	-4.96166171812992
			5.63399666792797	-4.95315114914513
			5.62548609894318	-4.94464058016035
			5.62548609894318	-4.93613001117556
			5.6169755299584	-4.92761944219077
			5.6169755299584	-4.91910887320599
			5.6169755299584	-4.9105983042212
			5.6169755299584	-4.90208773523642
			5.60846496097361	-4.89357716625163
			5.60846496097361	-4.88506659726685
			5.60846496097361	-4.87655602828206
			5.60846496097361	-4.86804545929728
			5.60846496097361	-4.85953489031249
			5.60846496097361	-4.85102432132771
			5.60846496097361	-4.84251375234292
			5.60846496097361	-4.83400318335813
			5.60846496097361	-4.82549261437335
			5.60846496097361	-4.81698204538856
			5.60846496097361	-4.80847147640378
			5.60846496097361	-4.79996090741899
			5.60846496097361	-4.79145033843421
			5.60846496097361	-4.78293976944942
			5.60846496097361	-4.77442920046464
			5.60846496097361	-4.76591863147985
			5.60846496097361	-4.75740806249507
			5.60846496097361	-4.74889749351028
			5.60846496097361	-4.7403869245255
			5.60846496097361	-4.73187635554071
			5.60846496097361	-4.72336578655592
			5.60846496097361	-4.71485521757114
			5.60846496097361	-4.70634464858635
			5.59995439198883	-4.69783407960157
			5.59995439198883	-4.68932351061678
			5.59995439198883	-4.680812941632
			5.59995439198883	-4.67230237264721
			5.59995439198883	-4.66379180366243
			5.59144382300404	-4.65528123467764
			5.59144382300404	-4.64677066569286
			5.59144382300404	-4.63826009670807
			5.59144382300404	-4.62974952772328
			5.58293325401925	-4.6212389587385
			5.58293325401925	-4.61272838975371
			5.58293325401925	-4.60421782076893
			5.57442268503447	-4.59570725178414
			5.57442268503447	-4.58719668279936
			5.57442268503447	-4.57868611381457
			5.56591211604968	-4.57017554482979
			5.5574015470649	-4.561664975845
			5.5574015470649	-4.55315440686021
		</curveLM10>
		<curveLM11 type=matrix rownames=FALSE colnames=FALSE nrow=43 ncol=2 as.numeric=TRUE >
			5.5574015470649	-4.55315440686021
			5.54889097808011	-4.54464383787543
			5.54038040909533	-4.54464383787543
			5.53186984011054	-4.53613326889064
			5.52335927112576	-4.53613326889064
			5.51484870214097	-4.52762269990586
			5.50633813315619	-4.52762269990586
			5.4978275641714	-4.52762269990586
			5.4978275641714	-4.51911213092107
			5.48931699518661	-4.51911213092107
			5.48080642620183	-4.51911213092107
			5.47229585721704	-4.51060156193629
			5.46378528823226	-4.51060156193629
			5.45527471924747	-4.51060156193629
			5.44676415026269	-4.51060156193629
			5.4382535812779	-4.51060156193629
			5.42974301229312	-4.51060156193629
			5.42123244330833	-4.51060156193629
			5.41272187432355	-4.51060156193629
			5.40421130533876	-4.51060156193629
			5.39570073635397	-4.51911213092107
			5.38719016736919	-4.51911213092107
			5.3786795983844	-4.51911213092107
			5.37016902939962	-4.51911213092107
			5.36165846041483	-4.51911213092107
			5.35314789143005	-4.51911213092107
			5.34463732244526	-4.51060156193629
			5.33612675346048	-4.51060156193629
			5.32761618447569	-4.51060156193629
			5.31910561549091	-4.51060156193629
			5.31059504650612	-4.5020909929515
			5.30208447752133	-4.5020909929515
			5.29357390853655	-4.5020909929515
			5.28506333955176	-4.49358042396672
			5.27655277056698	-4.49358042396672
			5.26804220158219	-4.48506985498193
			5.25953163259741	-4.47655928599715
			5.25102106361262	-4.47655928599715
			5.24251049462784	-4.46804871701236
			5.23399992564305	-4.45953814802758
			5.22548935665827	-4.45102757904279
			5.21697878767348	-4.45102757904279
			5.21697878767348	-4.442517010058
		</curveLM11>
		<curveLM12 type=matrix rownames=FALSE colnames=FALSE nrow=258 ncol=2 as.numeric=TRUE >
			5.21697878767348	-4.442517010058
			5.21697878767348	-4.43400644107322
			5.21697878767348	-4.42549587208843
			5.21697878767348	-4.41698530310365
			5.21697878767348	-4.40847473411886
			5.21697878767348	-4.39996416513408
			5.21697878767348	-4.39145359614929
			5.21697878767348	-4.38294302716451
			5.21697878767348	-4.37443245817972
			5.21697878767348	-4.36592188919494
			5.21697878767348	-4.35741132021015
			5.21697878767348	-4.34890075122536
			5.21697878767348	-4.34039018224058
			5.21697878767348	-4.33187961325579
			5.21697878767348	-4.32336904427101
			5.21697878767348	-4.31485847528622
			5.22548935665827	-4.30634790630144
			5.22548935665827	-4.29783733731665
			5.22548935665827	-4.28932676833187
			5.22548935665827	-4.28081619934708
			5.22548935665827	-4.2723056303623
			5.22548935665827	-4.26379506137751
			5.22548935665827	-4.25528449239272
			5.22548935665827	-4.24677392340794
			5.22548935665827	-4.23826335442315
			5.22548935665827	-4.22975278543837
			5.22548935665827	-4.22124221645358
			5.23399992564305	-4.22124221645358
			5.23399992564305	-4.2127316474688
			5.23399992564305	-4.20422107848401
			5.23399992564305	-4.19571050949923
			5.23399992564305	-4.18719994051444
			5.23399992564305	-4.17868937152966
			5.23399992564305	-4.17017880254487
			5.23399992564305	-4.16166823356008
			5.24251049462784	-4.1531576645753
			5.24251049462784	-4.14464709559051
			5.24251049462784	-4.13613652660573
			5.24251049462784	-4.12762595762094
			5.24251049462784	-4.11911538863616
			5.25102106361262	-4.11060481965137
			5.25102106361262	-4.10209425066659
			5.25102106361262	-4.0935836816818
			5.25102106361262	-4.08507311269702
			5.25102106361262	-4.07656254371223
			5.25102106361262	-4.06805197472744
			5.25953163259741	-4.05954140574266
			5.25953163259741	-4.05103083675787
			5.25953163259741	-4.04252026777309
			5.25953163259741	-4.0340096987883
			5.25953163259741	-4.02549912980352
			5.26804220158219	-4.01698856081873
			5.26804220158219	-4.00847799183395
			5.26804220158219	-3.99996742284916
			5.26804220158219	-3.99145685386438
			5.26804220158219	-3.98294628487959
			5.27655277056698	-3.9744357158948
			5.27655277056698	-3.96592514691002
			5.27655277056698	-3.95741457792523
			5.27655277056698	-3.94890400894045
			5.27655277056698	-3.94039343995566
			5.28506333955176	-3.93188287097088
			5.28506333955176	-3.92337230198609
			5.28506333955176	-3.91486173300131
			5.28506333955176	-3.90635116401652
			5.29357390853655	-3.89784059503174
			5.29357390853655	-3.88933002604695
			5.29357390853655	-3.88081945706216
			5.29357390853655	-3.87230888807738
			5.30208447752133	-3.86379831909259
			5.30208447752133	-3.85528775010781
			5.30208447752133	-3.84677718112302
			5.30208447752133	-3.83826661213824
			5.31059504650612	-3.82975604315345
			5.31059504650612	-3.82124547416867
			5.31059504650612	-3.81273490518388
			5.31059504650612	-3.8042243361991
			5.31910561549091	-3.79571376721431
			5.31910561549091	-3.78720319822952
			5.31910561549091	-3.77869262924474
			5.31910561549091	-3.77018206025995
			5.32761618447569	-3.76167149127517
			5.32761618447569	-3.75316092229038
			5.32761618447569	-3.7446503533056
			5.32761618447569	-3.73613978432081
			5.33612675346048	-3.72762921533603
			5.33612675346048	-3.71911864635124
			5.33612675346048	-3.71060807736646
			5.33612675346048	-3.70209750838167
			5.34463732244526	-3.69358693939688
			5.34463732244526	-3.6850763704121
			5.34463732244526	-3.67656580142731
			5.34463732244526	-3.66805523244253
			5.35314789143005	-3.65954466345774
			5.35314789143005	-3.65103409447296
			5.35314789143005	-3.64252352548817
			5.36165846041483	-3.63401295650339
			5.36165846041483	-3.6255023875186
			5.36165846041483	-3.61699181853382
			5.36165846041483	-3.60848124954903
			5.37016902939962	-3.59997068056424
			5.37016902939962	-3.59146011157946
			5.37016902939962	-3.58294954259467
			5.37016902939962	-3.57443897360989
			5.3786795983844	-3.5659284046251
			5.3786795983844	-3.55741783564032
			5.3786795983844	-3.54890726665553
			5.3786795983844	-3.54039669767075
			5.3786795983844	-3.53188612868596
			5.38719016736919	-3.52337555970118
			5.38719016736919	-3.51486499071639
			5.38719016736919	-3.50635442173161
			5.38719016736919	-3.49784385274682
			5.38719016736919	-3.48933328376203
			5.38719016736919	-3.48082271477725
			5.39570073635397	-3.48082271477725
			5.39570073635397	-3.47231214579246
			5.39570073635397	-3.46380157680768
			5.39570073635397	-3.45529100782289
			5.39570073635397	-3.44678043883811
			5.40421130533876	-3.43826986985332
			5.40421130533876	-3.42975930086854
			5.40421130533876	-3.42124873188375
			5.40421130533876	-3.41273816289897
			5.40421130533876	-3.40422759391418
			5.41272187432355	-3.39571702492939
			5.41272187432355	-3.38720645594461
			5.41272187432355	-3.37869588695982
			5.41272187432355	-3.37018531797504
			5.42123244330833	-3.36167474899025
			5.42123244330833	-3.35316418000547
			5.42123244330833	-3.34465361102068
			5.42123244330833	-3.3361430420359
			5.42123244330833	-3.32763247305111
			5.42974301229312	-3.31912190406632
			5.42974301229312	-3.31061133508154
			5.42974301229312	-3.30210076609675
			5.42974301229312	-3.29359019711197
			5.4382535812779	-3.29359019711197
			5.4382535812779	-3.28507962812718
			5.4382535812779	-3.2765690591424
			5.4382535812779	-3.26805849015761
			5.44676415026269	-3.25954792117283
			5.44676415026269	-3.25103735218804
			5.44676415026269	-3.24252678320326
			5.44676415026269	-3.23401621421847
			5.45527471924747	-3.22550564523369
			5.45527471924747	-3.2169950762489
			5.45527471924747	-3.20848450726411
			5.45527471924747	-3.19997393827933
			5.46378528823226	-3.19146336929454
			5.46378528823226	-3.18295280030976
			5.46378528823226	-3.17444223132497
			5.47229585721704	-3.16593166234019
			5.47229585721704	-3.1574210933554
			5.47229585721704	-3.14891052437062
			5.47229585721704	-3.14039995538583
			5.48080642620183	-3.13188938640105
			5.48080642620183	-3.12337881741626
			5.48080642620183	-3.11486824843147
			5.48931699518661	-3.10635767944669
			5.48931699518661	-3.0978471104619
			5.48931699518661	-3.08933654147712
			5.4978275641714	-3.08082597249233
			5.4978275641714	-3.07231540350755
			5.4978275641714	-3.06380483452276
			5.50633813315619	-3.05529426553798
			5.50633813315619	-3.04678369655319
			5.50633813315619	-3.03827312756841
			5.50633813315619	-3.02976255858362
			5.51484870214097	-3.02125198959883
			5.51484870214097	-3.01274142061405
			5.51484870214097	-3.00423085162926
			5.52335927112576	-2.99572028264448
			5.52335927112576	-2.98720971365969
			5.52335927112576	-2.97869914467491
			5.53186984011054	-2.97018857569012
			5.53186984011054	-2.96167800670534
			5.53186984011054	-2.95316743772055
			5.54038040909533	-2.94465686873577
			5.54038040909533	-2.93614629975098
			5.54038040909533	-2.92763573076619
			5.54889097808011	-2.91912516178141
			5.54889097808011	-2.91061459279662
			5.54889097808011	-2.90210402381184
			5.5574015470649	-2.89359345482705
			5.5574015470649	-2.88508288584227
			5.5574015470649	-2.87657231685748
			5.5574015470649	-2.8680617478727
			5.56591211604968	-2.8680617478727
			5.56591211604968	-2.85955117888791
			5.56591211604968	-2.85104060990313
			5.57442268503447	-2.84253004091834
			5.57442268503447	-2.83401947193355
			5.57442268503447	-2.82550890294877
			5.58293325401925	-2.81699833396398
			5.58293325401925	-2.8084877649792
			5.58293325401925	-2.79997719599441
			5.59144382300404	-2.79146662700963
			5.59144382300404	-2.78295605802484
			5.59144382300404	-2.77444548904006
			5.59995439198883	-2.76593492005527
			5.59995439198883	-2.75742435107049
			5.60846496097361	-2.7489137820857
			5.60846496097361	-2.74040321310091
			5.60846496097361	-2.73189264411613
			5.6169755299584	-2.72338207513134
			5.6169755299584	-2.71487150614656
			5.6169755299584	-2.70636093716177
			5.62548609894318	-2.69785036817699
			5.62548609894318	-2.6893397991922
			5.62548609894318	-2.68082923020742
			5.63399666792797	-2.67231866122263
			5.63399666792797	-2.66380809223785
			5.63399666792797	-2.65529752325306
			5.63399666792797	-2.64678695426827
			5.64250723691275	-2.64678695426827
			5.64250723691275	-2.63827638528349
			5.64250723691275	-2.6297658162987
			5.65101780589754	-2.62125524731392
			5.65101780589754	-2.61274467832913
			5.65101780589754	-2.60423410934435
			5.65952837488232	-2.59572354035956
			5.65952837488232	-2.58721297137478
			5.65952837488232	-2.57870240238999
			5.66803894386711	-2.57019183340521
			5.66803894386711	-2.56168126442042
			5.66803894386711	-2.55317069543563
			5.67654951285189	-2.54466012645085
			5.67654951285189	-2.53614955746606
			5.67654951285189	-2.52763898848128
			5.68506008183668	-2.51912841949649
			5.68506008183668	-2.51061785051171
			5.68506008183668	-2.50210728152692
			5.69357065082147	-2.49359671254214
			5.69357065082147	-2.48508614355735
			5.70208121980625	-2.47657557457257
			5.70208121980625	-2.46806500558778
			5.70208121980625	-2.45955443660299
			5.71059178879104	-2.45104386761821
			5.71059178879104	-2.44253329863342
			5.71059178879104	-2.43402272964864
			5.71910235777582	-2.42551216066385
			5.71910235777582	-2.41700159167907
			5.72761292676061	-2.40849102269428
			5.72761292676061	-2.3999804537095
			5.72761292676061	-2.39146988472471
			5.73612349574539	-2.39146988472471
			5.73612349574539	-2.38295931573993
			5.73612349574539	-2.37444874675514
			5.74463406473018	-2.36593817777035
			5.74463406473018	-2.35742760878557
			5.75314463371496	-2.34891703980078
			5.75314463371496	-2.340406470816
			5.76165520269975	-2.340406470816
			5.76165520269975	-2.33189590183121
			5.77016577168453	-2.33189590183121
			5.77867634066932	-2.33189590183121
		</curveLM12>
	</curves.scaled>
	<ruler.points type=matrix rownames=TRUE colnames=FALSE nrow=5 ncol=2 as.numeric=TRUE >
		Ruler point 1	211	814
		Ruler point 2	328	814
		Ruler point 3	446	814
		Ruler point 4	563	814
		Ruler point 5	681	814
	</ruler.points>
</shapes>

