<shapes type=list>
	<ruler.pixel type=vector names=FALSE length=1 as.numeric=TRUE >117</ruler.pixel>
	<ruler.interval type=vector names=FALSE length=1 as.numeric=TRUE >1</ruler.interval>
	<scaling.units type=vector names=FALSE length=1 as.numeric=FALSE >cm</scaling.units>
	<scaling type=vector names=FALSE length=1 as.numeric=TRUE >0.00854700854700855</scaling>
	<landmarks.pixel type=matrix rownames=TRUE colnames=FALSE nrow=6 ncol=2 as.numeric=TRUE >
		LM01	903	904
		LM02	989	1144
		LM03	932	1102
		LM04	904	1195
		LM05	869	1104
		LM06	812	1147
	</landmarks.pixel>
	<landmarks.scaled type=matrix rownames=TRUE colnames=FALSE nrow=6 ncol=2 as.numeric=TRUE >
		LM01	7.71794871794872	-7.72649572649573
		LM02	8.45299145299145	-9.77777777777778
		LM03	7.96581196581197	-9.41880341880342
		LM04	7.72649572649573	-10.2136752136752
		LM05	7.42735042735043	-9.43589743589744
		LM06	6.94017094017094	-9.8034188034188
	</landmarks.scaled>
	<curves.control type=list>
		<curveLM07 type=matrix rownames=FALSE colnames=FALSE nrow=7 ncol=2 as.numeric=TRUE >
			903	904
			924	933
			970	1016
			984	1059
			993	1097
			996	1130
			989	1144
		</curveLM07>
		<curveLM08 type=matrix rownames=FALSE colnames=FALSE nrow=5 ncol=2 as.numeric=TRUE >
			989	1144
			975	1151
			953	1114
			939	1096
			932	1102
		</curveLM08>
		<curveLM09 type=matrix rownames=FALSE colnames=FALSE nrow=5 ncol=2 as.numeric=TRUE >
			932	1102
			925	1114
			924	1154
			918	1199
			904	1195
		</curveLM09>
		<curveLM10 type=matrix rownames=FALSE colnames=FALSE nrow=5 ncol=2 as.numeric=TRUE >
			904	1195
			884	1191
			877	1145
			878	1106
			869	1104
		</curveLM10>
		<curveLM11 type=matrix rownames=FALSE colnames=FALSE nrow=5 ncol=2 as.numeric=TRUE >
			869	1104
			854	1097
			834	1134
			823	1156
			812	1147
		</curveLM11>
		<curveLM12 type=matrix rownames=FALSE colnames=FALSE nrow=5 ncol=2 as.numeric=TRUE >
			812	1147
			796	1137
			831	1042
			861	960
			903	904
		</curveLM12>
	</curves.control>
	<curves.pixel type=list>
		<curveLM07 type=matrix rownames=FALSE colnames=FALSE nrow=248 ncol=2 as.numeric=TRUE >
			903	904
			903	905
			904	905
			904	906
			905	907
			906	908
			907	909
			907	910
			908	911
			909	912
			909	913
			910	914
			911	915
			911	916
			912	917
			913	918
			913	919
			914	920
			915	921
			915	922
			915	923
			916	923
			916	924
			917	925
			918	926
			918	927
			919	928
			920	929
			920	930
			921	931
			921	932
			922	933
			922	934
			923	935
			924	936
			924	937
			925	938
			926	939
			926	940
			927	941
			927	942
			928	943
			929	944
			929	945
			930	946
			931	947
			931	948
			932	949
			932	950
			933	951
			933	952
			934	952
			934	953
			934	954
			935	954
			935	955
			936	956
			937	957
			937	958
			938	959
			938	960
			939	961
			939	962
			940	962
			940	963
			941	964
			941	965
			942	966
			942	967
			943	968
			943	969
			944	970
			944	971
			945	972
			946	973
			946	974
			947	975
			947	976
			948	977
			948	978
			949	979
			950	980
			950	981
			951	982
			951	983
			952	984
			952	985
			953	986
			954	987
			954	988
			955	989
			955	990
			956	991
			957	992
			957	993
			958	994
			958	995
			959	996
			960	997
			960	998
			961	999
			961	1000
			962	1001
			962	1002
			963	1003
			963	1004
			964	1005
			964	1006
			965	1007
			965	1008
			966	1008
			966	1009
			967	1010
			967	1011
			968	1012
			968	1013
			969	1013
			969	1014
			969	1015
			970	1016
			970	1017
			971	1018
			971	1019
			971	1020
			972	1021
			972	1022
			972	1023
			973	1024
			973	1025
			973	1026
			974	1027
			974	1028
			974	1029
			974	1030
			975	1031
			975	1032
			975	1033
			976	1034
			976	1035
			976	1036
			977	1037
			977	1038
			977	1039
			978	1040
			978	1041
			978	1042
			978	1043
			979	1044
			979	1045
			979	1046
			980	1047
			980	1048
			980	1049
			981	1050
			981	1051
			981	1052
			981	1053
			982	1054
			982	1055
			982	1056
			983	1057
			983	1058
			983	1059
			983	1060
			984	1061
			984	1062
			984	1063
			984	1064
			985	1065
			985	1066
			985	1067
			986	1068
			986	1069
			986	1070
			986	1071
			987	1072
			987	1073
			987	1074
			988	1075
			988	1076
			988	1077
			988	1078
			989	1079
			989	1080
			989	1081
			989	1082
			990	1083
			990	1084
			990	1085
			990	1086
			991	1087
			991	1088
			991	1089
			991	1090
			992	1091
			992	1092
			992	1093
			992	1094
			993	1095
			993	1096
			993	1097
			993	1098
			993	1099
			993	1100
			993	1101
			993	1102
			993	1103
			994	1104
			994	1105
			994	1106
			994	1107
			994	1108
			994	1109
			994	1110
			994	1111
			994	1112
			994	1113
			994	1114
			994	1115
			994	1116
			994	1117
			994	1118
			994	1119
			994	1120
			994	1121
			994	1122
			994	1123
			994	1124
			993	1125
			993	1126
			993	1127
			993	1128
			993	1129
			993	1130
			993	1131
			993	1132
			993	1133
			992	1134
			992	1135
			992	1136
			992	1137
			991	1138
			991	1139
			991	1140
			990	1141
			990	1142
			989	1143
			989	1144
		</curveLM07>
		<curveLM08 type=matrix rownames=FALSE colnames=FALSE nrow=67 ncol=2 as.numeric=TRUE >
			989	1144
			988	1144
			988	1145
			987	1145
			986	1145
			985	1145
			984	1145
			983	1145
			982	1145
			981	1145
			980	1144
			979	1144
			978	1143
			977	1143
			976	1142
			975	1141
			974	1141
			973	1140
			972	1139
			971	1138
			970	1137
			969	1137
			969	1136
			968	1135
			967	1134
			966	1133
			965	1132
			964	1131
			964	1130
			963	1129
			962	1128
			961	1127
			961	1126
			960	1125
			959	1124
			959	1123
			958	1122
			957	1121
			957	1120
			956	1119
			955	1118
			955	1117
			954	1116
			954	1115
			953	1114
			952	1113
			951	1112
			950	1111
			950	1110
			949	1109
			948	1108
			947	1107
			946	1106
			945	1105
			944	1104
			943	1103
			942	1103
			941	1102
			940	1102
			939	1101
			938	1101
			937	1101
			936	1101
			935	1101
			934	1101
			933	1101
			932	1102
		</curveLM08>
		<curveLM09 type=matrix rownames=FALSE colnames=FALSE nrow=101 ncol=2 as.numeric=TRUE >
			932	1102
			931	1103
			931	1104
			930	1105
			930	1106
			930	1107
			929	1108
			929	1109
			929	1110
			929	1111
			928	1112
			928	1113
			928	1114
			928	1115
			927	1116
			927	1117
			927	1118
			927	1119
			927	1120
			926	1121
			926	1122
			926	1123
			926	1124
			926	1125
			926	1126
			926	1127
			926	1128
			925	1129
			925	1130
			925	1131
			925	1132
			925	1133
			925	1134
			925	1135
			925	1136
			925	1137
			925	1138
			925	1139
			925	1140
			925	1141
			924	1142
			924	1143
			924	1144
			924	1145
			924	1146
			924	1147
			924	1148
			924	1149
			924	1150
			924	1151
			924	1152
			924	1153
			924	1154
			924	1155
			924	1156
			924	1157
			923	1158
			923	1159
			923	1160
			923	1161
			923	1162
			923	1163
			922	1164
			922	1165
			922	1166
			922	1167
			922	1168
			921	1169
			921	1170
			921	1171
			921	1172
			921	1173
			920	1174
			920	1175
			920	1176
			920	1177
			919	1178
			919	1179
			919	1180
			918	1181
			918	1182
			918	1183
			917	1184
			917	1185
			917	1186
			916	1186
			916	1187
			915	1188
			915	1189
			914	1190
			913	1191
			912	1192
			912	1193
			911	1194
			910	1194
			909	1195
			908	1195
			907	1195
			906	1195
			905	1195
			904	1195
		</curveLM09>
		<curveLM10 type=matrix rownames=FALSE colnames=FALSE nrow=102 ncol=2 as.numeric=TRUE >
			904	1195
			903	1195
			902	1195
			902	1194
			901	1194
			900	1194
			899	1193
			898	1193
			897	1192
			896	1192
			896	1191
			895	1190
			894	1190
			893	1189
			893	1188
			892	1187
			891	1186
			890	1185
			890	1184
			889	1183
			888	1182
			888	1181
			887	1180
			887	1179
			886	1178
			886	1177
			885	1177
			885	1176
			884	1175
			884	1174
			884	1173
			883	1172
			883	1171
			883	1170
			882	1169
			882	1168
			882	1167
			882	1166
			881	1165
			881	1164
			881	1163
			880	1162
			880	1161
			880	1160
			880	1159
			879	1158
			879	1157
			879	1156
			879	1155
			879	1154
			878	1154
			878	1153
			878	1152
			878	1151
			878	1150
			878	1149
			878	1148
			877	1147
			877	1146
			877	1145
			877	1144
			877	1143
			877	1142
			877	1141
			877	1140
			877	1139
			877	1138
			877	1137
			877	1136
			877	1135
			877	1134
			877	1133
			877	1132
			877	1131
			877	1130
			877	1129
			877	1128
			877	1127
			877	1126
			877	1125
			877	1124
			877	1123
			876	1122
			876	1121
			876	1120
			876	1119
			876	1118
			876	1117
			876	1116
			875	1115
			875	1114
			875	1113
			875	1112
			874	1111
			874	1110
			874	1109
			873	1108
			873	1107
			872	1106
			871	1105
			870	1104
			869	1104
		</curveLM10>
		<curveLM11 type=matrix rownames=FALSE colnames=FALSE nrow=71 ncol=2 as.numeric=TRUE >
			869	1104
			868	1104
			867	1103
			866	1103
			865	1103
			864	1103
			863	1103
			862	1103
			861	1103
			860	1104
			859	1104
			858	1104
			857	1105
			856	1105
			855	1106
			854	1107
			853	1108
			852	1109
			851	1110
			850	1111
			849	1112
			848	1113
			847	1114
			846	1115
			845	1116
			845	1117
			844	1118
			843	1119
			843	1120
			842	1121
			841	1122
			841	1123
			840	1124
			839	1125
			839	1126
			838	1127
			837	1128
			837	1129
			836	1130
			836	1131
			835	1131
			835	1132
			835	1133
			834	1134
			834	1135
			833	1136
			833	1137
			832	1137
			832	1138
			831	1139
			831	1140
			830	1141
			829	1142
			828	1143
			827	1144
			826	1145
			826	1146
			825	1147
			824	1148
			823	1148
			822	1149
			821	1149
			820	1149
			819	1150
			818	1150
			817	1149
			816	1149
			815	1149
			814	1148
			813	1148
			812	1147
		</curveLM11>
		<curveLM12 type=matrix rownames=FALSE colnames=FALSE nrow=256 ncol=2 as.numeric=TRUE >
			812	1147
			811	1146
			810	1145
			809	1144
			809	1143
			808	1142
			808	1141
			808	1140
			807	1139
			807	1138
			807	1137
			807	1136
			807	1135
			807	1134
			807	1133
			807	1132
			807	1131
			807	1130
			807	1129
			807	1128
			807	1127
			807	1126
			807	1125
			807	1124
			808	1123
			808	1122
			808	1121
			808	1120
			808	1119
			808	1118
			809	1117
			809	1116
			809	1115
			809	1114
			809	1113
			809	1112
			810	1111
			810	1110
			810	1109
			810	1108
			811	1107
			811	1106
			811	1105
			811	1104
			811	1103
			812	1102
			812	1101
			812	1100
			813	1099
			813	1098
			813	1097
			813	1096
			814	1095
			814	1094
			814	1093
			814	1092
			815	1091
			815	1090
			815	1089
			816	1088
			816	1087
			816	1086
			816	1085
			817	1084
			817	1083
			817	1082
			818	1081
			818	1080
			818	1079
			819	1078
			819	1077
			819	1076
			820	1075
			820	1074
			820	1073
			821	1072
			821	1071
			821	1070
			822	1069
			822	1068
			822	1067
			823	1066
			823	1065
			823	1064
			824	1063
			824	1062
			824	1061
			825	1060
			825	1059
			825	1058
			826	1057
			826	1056
			826	1055
			827	1054
			827	1053
			827	1052
			828	1051
			828	1050
			828	1049
			829	1048
			829	1047
			830	1046
			830	1045
			830	1044
			831	1043
			831	1042
			831	1041
			832	1040
			832	1039
			832	1038
			833	1038
			833	1037
			833	1036
			834	1035
			834	1034
			834	1033
			835	1032
			835	1031
			836	1030
			836	1029
			836	1028
			837	1027
			837	1026
			838	1025
			838	1024
			838	1023
			839	1022
			839	1021
			839	1020
			840	1019
			840	1018
			841	1017
			841	1016
			841	1015
			842	1015
			842	1014
			842	1013
			843	1013
			843	1012
			843	1011
			843	1010
			844	1010
			844	1009
			844	1008
			845	1008
			845	1007
			845	1006
			846	1005
			846	1004
			847	1003
			847	1002
			848	1001
			848	1000
			848	999
			849	998
			849	997
			850	996
			850	995
			851	994
			851	993
			852	992
			852	991
			853	990
			853	989
			853	988
			854	987
			854	986
			855	985
			855	984
			856	983
			856	982
			857	981
			857	980
			858	979
			858	978
			859	977
			859	976
			860	975
			860	974
			860	973
			861	972
			861	971
			862	971
			862	970
			863	969
			863	968
			864	967
			864	966
			865	965
			865	964
			866	963
			866	962
			867	961
			867	960
			868	959
			869	958
			869	957
			870	956
			870	955
			871	954
			871	953
			872	952
			872	951
			873	950
			874	949
			874	948
			875	947
			875	946
			876	945
			876	944
			877	943
			878	942
			879	941
			879	940
			879	939
			880	939
			880	938
			880	937
			881	937
			881	936
			882	935
			882	934
			883	933
			884	932
			884	931
			885	930
			885	929
			886	929
			886	928
			887	927
			887	926
			888	926
			888	925
			889	924
			890	923
			890	922
			891	921
			891	920
			892	919
			893	919
			893	918
			894	917
			894	916
			895	915
			896	914
			896	913
			897	913
			897	912
			898	911
			899	910
			899	909
			900	908
			901	907
			902	906
			902	905
			903	904
		</curveLM12>
	</curves.pixel>
	<curves.scaled type=list>
		<curveLM07 type=matrix rownames=FALSE colnames=FALSE nrow=248 ncol=2 as.numeric=TRUE >
			7.71794871794872	-7.72649572649573
			7.71794871794872	-7.73504273504274
			7.72649572649573	-7.73504273504274
			7.72649572649573	-7.74358974358974
			7.73504273504274	-7.75213675213675
			7.74358974358974	-7.76068376068376
			7.75213675213675	-7.76923076923077
			7.75213675213675	-7.77777777777778
			7.76068376068376	-7.78632478632479
			7.76923076923077	-7.7948717948718
			7.76923076923077	-7.8034188034188
			7.77777777777778	-7.81196581196581
			7.78632478632479	-7.82051282051282
			7.78632478632479	-7.82905982905983
			7.7948717948718	-7.83760683760684
			7.8034188034188	-7.84615384615385
			7.8034188034188	-7.85470085470086
			7.81196581196581	-7.86324786324786
			7.82051282051282	-7.87179487179487
			7.82051282051282	-7.88034188034188
			7.82051282051282	-7.88888888888889
			7.82905982905983	-7.88888888888889
			7.82905982905983	-7.8974358974359
			7.83760683760684	-7.90598290598291
			7.84615384615385	-7.91452991452992
			7.84615384615385	-7.92307692307692
			7.85470085470086	-7.93162393162393
			7.86324786324786	-7.94017094017094
			7.86324786324786	-7.94871794871795
			7.87179487179487	-7.95726495726496
			7.87179487179487	-7.96581196581197
			7.88034188034188	-7.97435897435898
			7.88034188034188	-7.98290598290598
			7.88888888888889	-7.99145299145299
			7.8974358974359	-8
			7.8974358974359	-8.00854700854701
			7.90598290598291	-8.01709401709402
			7.91452991452992	-8.02564102564103
			7.91452991452992	-8.03418803418804
			7.92307692307692	-8.04273504273504
			7.92307692307692	-8.05128205128205
			7.93162393162393	-8.05982905982906
			7.94017094017094	-8.06837606837607
			7.94017094017094	-8.07692307692308
			7.94871794871795	-8.08547008547009
			7.95726495726496	-8.0940170940171
			7.95726495726496	-8.1025641025641
			7.96581196581197	-8.11111111111111
			7.96581196581197	-8.11965811965812
			7.97435897435898	-8.12820512820513
			7.97435897435898	-8.13675213675214
			7.98290598290598	-8.13675213675214
			7.98290598290598	-8.14529914529915
			7.98290598290598	-8.15384615384616
			7.99145299145299	-8.15384615384616
			7.99145299145299	-8.16239316239316
			8	-8.17094017094017
			8.00854700854701	-8.17948717948718
			8.00854700854701	-8.18803418803419
			8.01709401709402	-8.1965811965812
			8.01709401709402	-8.20512820512821
			8.02564102564103	-8.21367521367521
			8.02564102564103	-8.22222222222222
			8.03418803418804	-8.22222222222222
			8.03418803418804	-8.23076923076923
			8.04273504273504	-8.23931623931624
			8.04273504273504	-8.24786324786325
			8.05128205128205	-8.25641025641026
			8.05128205128205	-8.26495726495727
			8.05982905982906	-8.27350427350427
			8.05982905982906	-8.28205128205128
			8.06837606837607	-8.29059829059829
			8.06837606837607	-8.2991452991453
			8.07692307692308	-8.30769230769231
			8.08547008547009	-8.31623931623932
			8.08547008547009	-8.32478632478633
			8.0940170940171	-8.33333333333333
			8.0940170940171	-8.34188034188034
			8.1025641025641	-8.35042735042735
			8.1025641025641	-8.35897435897436
			8.11111111111111	-8.36752136752137
			8.11965811965812	-8.37606837606838
			8.11965811965812	-8.38461538461539
			8.12820512820513	-8.39316239316239
			8.12820512820513	-8.4017094017094
			8.13675213675214	-8.41025641025641
			8.13675213675214	-8.41880341880342
			8.14529914529915	-8.42735042735043
			8.15384615384616	-8.43589743589744
			8.15384615384616	-8.44444444444444
			8.16239316239316	-8.45299145299145
			8.16239316239316	-8.46153846153846
			8.17094017094017	-8.47008547008547
			8.17948717948718	-8.47863247863248
			8.17948717948718	-8.48717948717949
			8.18803418803419	-8.4957264957265
			8.18803418803419	-8.5042735042735
			8.1965811965812	-8.51282051282051
			8.20512820512821	-8.52136752136752
			8.20512820512821	-8.52991452991453
			8.21367521367521	-8.53846153846154
			8.21367521367521	-8.54700854700855
			8.22222222222222	-8.55555555555556
			8.22222222222222	-8.56410256410257
			8.23076923076923	-8.57264957264957
			8.23076923076923	-8.58119658119658
			8.23931623931624	-8.58974358974359
			8.23931623931624	-8.5982905982906
			8.24786324786325	-8.60683760683761
			8.24786324786325	-8.61538461538462
			8.25641025641026	-8.61538461538462
			8.25641025641026	-8.62393162393163
			8.26495726495727	-8.63247863247863
			8.26495726495727	-8.64102564102564
			8.27350427350427	-8.64957264957265
			8.27350427350427	-8.65811965811966
			8.28205128205128	-8.65811965811966
			8.28205128205128	-8.66666666666667
			8.28205128205128	-8.67521367521368
			8.29059829059829	-8.68376068376068
			8.29059829059829	-8.69230769230769
			8.2991452991453	-8.7008547008547
			8.2991452991453	-8.70940170940171
			8.2991452991453	-8.71794871794872
			8.30769230769231	-8.72649572649573
			8.30769230769231	-8.73504273504274
			8.30769230769231	-8.74358974358974
			8.31623931623932	-8.75213675213675
			8.31623931623932	-8.76068376068376
			8.31623931623932	-8.76923076923077
			8.32478632478633	-8.77777777777778
			8.32478632478633	-8.78632478632479
			8.32478632478633	-8.7948717948718
			8.32478632478633	-8.8034188034188
			8.33333333333333	-8.81196581196581
			8.33333333333333	-8.82051282051282
			8.33333333333333	-8.82905982905983
			8.34188034188034	-8.83760683760684
			8.34188034188034	-8.84615384615385
			8.34188034188034	-8.85470085470086
			8.35042735042735	-8.86324786324786
			8.35042735042735	-8.87179487179487
			8.35042735042735	-8.88034188034188
			8.35897435897436	-8.88888888888889
			8.35897435897436	-8.8974358974359
			8.35897435897436	-8.90598290598291
			8.35897435897436	-8.91452991452991
			8.36752136752137	-8.92307692307692
			8.36752136752137	-8.93162393162393
			8.36752136752137	-8.94017094017094
			8.37606837606838	-8.94871794871795
			8.37606837606838	-8.95726495726496
			8.37606837606838	-8.96581196581197
			8.38461538461539	-8.97435897435897
			8.38461538461539	-8.98290598290598
			8.38461538461539	-8.99145299145299
			8.38461538461539	-9
			8.39316239316239	-9.00854700854701
			8.39316239316239	-9.01709401709402
			8.39316239316239	-9.02564102564103
			8.4017094017094	-9.03418803418804
			8.4017094017094	-9.04273504273504
			8.4017094017094	-9.05128205128205
			8.4017094017094	-9.05982905982906
			8.41025641025641	-9.06837606837607
			8.41025641025641	-9.07692307692308
			8.41025641025641	-9.08547008547009
			8.41025641025641	-9.0940170940171
			8.41880341880342	-9.1025641025641
			8.41880341880342	-9.11111111111111
			8.41880341880342	-9.11965811965812
			8.42735042735043	-9.12820512820513
			8.42735042735043	-9.13675213675214
			8.42735042735043	-9.14529914529915
			8.42735042735043	-9.15384615384616
			8.43589743589744	-9.16239316239316
			8.43589743589744	-9.17094017094017
			8.43589743589744	-9.17948717948718
			8.44444444444444	-9.18803418803419
			8.44444444444444	-9.1965811965812
			8.44444444444444	-9.20512820512821
			8.44444444444444	-9.21367521367521
			8.45299145299145	-9.22222222222222
			8.45299145299145	-9.23076923076923
			8.45299145299145	-9.23931623931624
			8.45299145299145	-9.24786324786325
			8.46153846153846	-9.25641025641026
			8.46153846153846	-9.26495726495727
			8.46153846153846	-9.27350427350427
			8.46153846153846	-9.28205128205128
			8.47008547008547	-9.29059829059829
			8.47008547008547	-9.2991452991453
			8.47008547008547	-9.30769230769231
			8.47008547008547	-9.31623931623932
			8.47863247863248	-9.32478632478633
			8.47863247863248	-9.33333333333333
			8.47863247863248	-9.34188034188034
			8.47863247863248	-9.35042735042735
			8.48717948717949	-9.35897435897436
			8.48717948717949	-9.36752136752137
			8.48717948717949	-9.37606837606838
			8.48717948717949	-9.38461538461539
			8.48717948717949	-9.39316239316239
			8.48717948717949	-9.4017094017094
			8.48717948717949	-9.41025641025641
			8.48717948717949	-9.41880341880342
			8.48717948717949	-9.42735042735043
			8.4957264957265	-9.43589743589744
			8.4957264957265	-9.44444444444444
			8.4957264957265	-9.45299145299145
			8.4957264957265	-9.46153846153846
			8.4957264957265	-9.47008547008547
			8.4957264957265	-9.47863247863248
			8.4957264957265	-9.48717948717949
			8.4957264957265	-9.4957264957265
			8.4957264957265	-9.50427350427351
			8.4957264957265	-9.51282051282051
			8.4957264957265	-9.52136752136752
			8.4957264957265	-9.52991452991453
			8.4957264957265	-9.53846153846154
			8.4957264957265	-9.54700854700855
			8.4957264957265	-9.55555555555556
			8.4957264957265	-9.56410256410257
			8.4957264957265	-9.57264957264957
			8.4957264957265	-9.58119658119658
			8.4957264957265	-9.58974358974359
			8.4957264957265	-9.5982905982906
			8.4957264957265	-9.60683760683761
			8.48717948717949	-9.61538461538462
			8.48717948717949	-9.62393162393163
			8.48717948717949	-9.63247863247863
			8.48717948717949	-9.64102564102564
			8.48717948717949	-9.64957264957265
			8.48717948717949	-9.65811965811966
			8.48717948717949	-9.66666666666667
			8.48717948717949	-9.67521367521368
			8.48717948717949	-9.68376068376068
			8.47863247863248	-9.69230769230769
			8.47863247863248	-9.7008547008547
			8.47863247863248	-9.70940170940171
			8.47863247863248	-9.71794871794872
			8.47008547008547	-9.72649572649573
			8.47008547008547	-9.73504273504274
			8.47008547008547	-9.74358974358974
			8.46153846153846	-9.75213675213675
			8.46153846153846	-9.76068376068376
			8.45299145299145	-9.76923076923077
			8.45299145299145	-9.77777777777778
		</curveLM07>
		<curveLM08 type=matrix rownames=FALSE colnames=FALSE nrow=67 ncol=2 as.numeric=TRUE >
			8.45299145299145	-9.77777777777778
			8.44444444444444	-9.77777777777778
			8.44444444444444	-9.78632478632479
			8.43589743589744	-9.78632478632479
			8.42735042735043	-9.78632478632479
			8.41880341880342	-9.78632478632479
			8.41025641025641	-9.78632478632479
			8.4017094017094	-9.78632478632479
			8.39316239316239	-9.78632478632479
			8.38461538461539	-9.78632478632479
			8.37606837606838	-9.77777777777778
			8.36752136752137	-9.77777777777778
			8.35897435897436	-9.76923076923077
			8.35042735042735	-9.76923076923077
			8.34188034188034	-9.76068376068376
			8.33333333333333	-9.75213675213675
			8.32478632478633	-9.75213675213675
			8.31623931623932	-9.74358974358974
			8.30769230769231	-9.73504273504274
			8.2991452991453	-9.72649572649573
			8.29059829059829	-9.71794871794872
			8.28205128205128	-9.71794871794872
			8.28205128205128	-9.70940170940171
			8.27350427350427	-9.7008547008547
			8.26495726495727	-9.69230769230769
			8.25641025641026	-9.68376068376068
			8.24786324786325	-9.67521367521368
			8.23931623931624	-9.66666666666667
			8.23931623931624	-9.65811965811966
			8.23076923076923	-9.64957264957265
			8.22222222222222	-9.64102564102564
			8.21367521367521	-9.63247863247863
			8.21367521367521	-9.62393162393163
			8.20512820512821	-9.61538461538462
			8.1965811965812	-9.60683760683761
			8.1965811965812	-9.5982905982906
			8.18803418803419	-9.58974358974359
			8.17948717948718	-9.58119658119658
			8.17948717948718	-9.57264957264957
			8.17094017094017	-9.56410256410257
			8.16239316239316	-9.55555555555556
			8.16239316239316	-9.54700854700855
			8.15384615384616	-9.53846153846154
			8.15384615384616	-9.52991452991453
			8.14529914529915	-9.52136752136752
			8.13675213675214	-9.51282051282051
			8.12820512820513	-9.50427350427351
			8.11965811965812	-9.4957264957265
			8.11965811965812	-9.48717948717949
			8.11111111111111	-9.47863247863248
			8.1025641025641	-9.47008547008547
			8.0940170940171	-9.46153846153846
			8.08547008547009	-9.45299145299145
			8.07692307692308	-9.44444444444444
			8.06837606837607	-9.43589743589744
			8.05982905982906	-9.42735042735043
			8.05128205128205	-9.42735042735043
			8.04273504273504	-9.41880341880342
			8.03418803418804	-9.41880341880342
			8.02564102564103	-9.41025641025641
			8.01709401709402	-9.41025641025641
			8.00854700854701	-9.41025641025641
			8	-9.41025641025641
			7.99145299145299	-9.41025641025641
			7.98290598290598	-9.41025641025641
			7.97435897435898	-9.41025641025641
			7.96581196581197	-9.41880341880342
		</curveLM08>
		<curveLM09 type=matrix rownames=FALSE colnames=FALSE nrow=101 ncol=2 as.numeric=TRUE >
			7.96581196581197	-9.41880341880342
			7.95726495726496	-9.42735042735043
			7.95726495726496	-9.43589743589744
			7.94871794871795	-9.44444444444444
			7.94871794871795	-9.45299145299145
			7.94871794871795	-9.46153846153846
			7.94017094017094	-9.47008547008547
			7.94017094017094	-9.47863247863248
			7.94017094017094	-9.48717948717949
			7.94017094017094	-9.4957264957265
			7.93162393162393	-9.50427350427351
			7.93162393162393	-9.51282051282051
			7.93162393162393	-9.52136752136752
			7.93162393162393	-9.52991452991453
			7.92307692307692	-9.53846153846154
			7.92307692307692	-9.54700854700855
			7.92307692307692	-9.55555555555556
			7.92307692307692	-9.56410256410257
			7.92307692307692	-9.57264957264957
			7.91452991452992	-9.58119658119658
			7.91452991452992	-9.58974358974359
			7.91452991452992	-9.5982905982906
			7.91452991452992	-9.60683760683761
			7.91452991452992	-9.61538461538462
			7.91452991452992	-9.62393162393163
			7.91452991452992	-9.63247863247863
			7.91452991452992	-9.64102564102564
			7.90598290598291	-9.64957264957265
			7.90598290598291	-9.65811965811966
			7.90598290598291	-9.66666666666667
			7.90598290598291	-9.67521367521368
			7.90598290598291	-9.68376068376068
			7.90598290598291	-9.69230769230769
			7.90598290598291	-9.7008547008547
			7.90598290598291	-9.70940170940171
			7.90598290598291	-9.71794871794872
			7.90598290598291	-9.72649572649573
			7.90598290598291	-9.73504273504274
			7.90598290598291	-9.74358974358974
			7.90598290598291	-9.75213675213675
			7.8974358974359	-9.76068376068376
			7.8974358974359	-9.76923076923077
			7.8974358974359	-9.77777777777778
			7.8974358974359	-9.78632478632479
			7.8974358974359	-9.7948717948718
			7.8974358974359	-9.8034188034188
			7.8974358974359	-9.81196581196581
			7.8974358974359	-9.82051282051282
			7.8974358974359	-9.82905982905983
			7.8974358974359	-9.83760683760684
			7.8974358974359	-9.84615384615385
			7.8974358974359	-9.85470085470086
			7.8974358974359	-9.86324786324786
			7.8974358974359	-9.87179487179487
			7.8974358974359	-9.88034188034188
			7.8974358974359	-9.88888888888889
			7.88888888888889	-9.8974358974359
			7.88888888888889	-9.90598290598291
			7.88888888888889	-9.91452991452991
			7.88888888888889	-9.92307692307692
			7.88888888888889	-9.93162393162393
			7.88888888888889	-9.94017094017094
			7.88034188034188	-9.94871794871795
			7.88034188034188	-9.95726495726496
			7.88034188034188	-9.96581196581197
			7.88034188034188	-9.97435897435898
			7.88034188034188	-9.98290598290598
			7.87179487179487	-9.99145299145299
			7.87179487179487	-10
			7.87179487179487	-10.008547008547
			7.87179487179487	-10.017094017094
			7.87179487179487	-10.025641025641
			7.86324786324786	-10.034188034188
			7.86324786324786	-10.042735042735
			7.86324786324786	-10.0512820512821
			7.86324786324786	-10.0598290598291
			7.85470085470086	-10.0683760683761
			7.85470085470086	-10.0769230769231
			7.85470085470086	-10.0854700854701
			7.84615384615385	-10.0940170940171
			7.84615384615385	-10.1025641025641
			7.84615384615385	-10.1111111111111
			7.83760683760684	-10.1196581196581
			7.83760683760684	-10.1282051282051
			7.83760683760684	-10.1367521367521
			7.82905982905983	-10.1367521367521
			7.82905982905983	-10.1452991452991
			7.82051282051282	-10.1538461538462
			7.82051282051282	-10.1623931623932
			7.81196581196581	-10.1709401709402
			7.8034188034188	-10.1794871794872
			7.7948717948718	-10.1880341880342
			7.7948717948718	-10.1965811965812
			7.78632478632479	-10.2051282051282
			7.77777777777778	-10.2051282051282
			7.76923076923077	-10.2136752136752
			7.76068376068376	-10.2136752136752
			7.75213675213675	-10.2136752136752
			7.74358974358974	-10.2136752136752
			7.73504273504274	-10.2136752136752
			7.72649572649573	-10.2136752136752
		</curveLM09>
		<curveLM10 type=matrix rownames=FALSE colnames=FALSE nrow=102 ncol=2 as.numeric=TRUE >
			7.72649572649573	-10.2136752136752
			7.71794871794872	-10.2136752136752
			7.70940170940171	-10.2136752136752
			7.70940170940171	-10.2051282051282
			7.7008547008547	-10.2051282051282
			7.69230769230769	-10.2051282051282
			7.68376068376068	-10.1965811965812
			7.67521367521368	-10.1965811965812
			7.66666666666667	-10.1880341880342
			7.65811965811966	-10.1880341880342
			7.65811965811966	-10.1794871794872
			7.64957264957265	-10.1709401709402
			7.64102564102564	-10.1709401709402
			7.63247863247863	-10.1623931623932
			7.63247863247863	-10.1538461538462
			7.62393162393162	-10.1452991452991
			7.61538461538462	-10.1367521367521
			7.60683760683761	-10.1282051282051
			7.60683760683761	-10.1196581196581
			7.5982905982906	-10.1111111111111
			7.58974358974359	-10.1025641025641
			7.58974358974359	-10.0940170940171
			7.58119658119658	-10.0854700854701
			7.58119658119658	-10.0769230769231
			7.57264957264957	-10.0683760683761
			7.57264957264957	-10.0598290598291
			7.56410256410256	-10.0598290598291
			7.56410256410256	-10.0512820512821
			7.55555555555556	-10.042735042735
			7.55555555555556	-10.034188034188
			7.55555555555556	-10.025641025641
			7.54700854700855	-10.017094017094
			7.54700854700855	-10.008547008547
			7.54700854700855	-10
			7.53846153846154	-9.99145299145299
			7.53846153846154	-9.98290598290598
			7.53846153846154	-9.97435897435898
			7.53846153846154	-9.96581196581197
			7.52991452991453	-9.95726495726496
			7.52991452991453	-9.94871794871795
			7.52991452991453	-9.94017094017094
			7.52136752136752	-9.93162393162393
			7.52136752136752	-9.92307692307692
			7.52136752136752	-9.91452991452991
			7.52136752136752	-9.90598290598291
			7.51282051282051	-9.8974358974359
			7.51282051282051	-9.88888888888889
			7.51282051282051	-9.88034188034188
			7.51282051282051	-9.87179487179487
			7.51282051282051	-9.86324786324786
			7.50427350427351	-9.86324786324786
			7.50427350427351	-9.85470085470086
			7.50427350427351	-9.84615384615385
			7.50427350427351	-9.83760683760684
			7.50427350427351	-9.82905982905983
			7.50427350427351	-9.82051282051282
			7.50427350427351	-9.81196581196581
			7.4957264957265	-9.8034188034188
			7.4957264957265	-9.7948717948718
			7.4957264957265	-9.78632478632479
			7.4957264957265	-9.77777777777778
			7.4957264957265	-9.76923076923077
			7.4957264957265	-9.76068376068376
			7.4957264957265	-9.75213675213675
			7.4957264957265	-9.74358974358974
			7.4957264957265	-9.73504273504274
			7.4957264957265	-9.72649572649573
			7.4957264957265	-9.71794871794872
			7.4957264957265	-9.70940170940171
			7.4957264957265	-9.7008547008547
			7.4957264957265	-9.69230769230769
			7.4957264957265	-9.68376068376068
			7.4957264957265	-9.67521367521368
			7.4957264957265	-9.66666666666667
			7.4957264957265	-9.65811965811966
			7.4957264957265	-9.64957264957265
			7.4957264957265	-9.64102564102564
			7.4957264957265	-9.63247863247863
			7.4957264957265	-9.62393162393163
			7.4957264957265	-9.61538461538462
			7.4957264957265	-9.60683760683761
			7.4957264957265	-9.5982905982906
			7.48717948717949	-9.58974358974359
			7.48717948717949	-9.58119658119658
			7.48717948717949	-9.57264957264957
			7.48717948717949	-9.56410256410257
			7.48717948717949	-9.55555555555556
			7.48717948717949	-9.54700854700855
			7.48717948717949	-9.53846153846154
			7.47863247863248	-9.52991452991453
			7.47863247863248	-9.52136752136752
			7.47863247863248	-9.51282051282051
			7.47863247863248	-9.50427350427351
			7.47008547008547	-9.4957264957265
			7.47008547008547	-9.48717948717949
			7.47008547008547	-9.47863247863248
			7.46153846153846	-9.47008547008547
			7.46153846153846	-9.46153846153846
			7.45299145299145	-9.45299145299145
			7.44444444444445	-9.44444444444444
			7.43589743589744	-9.43589743589744
			7.42735042735043	-9.43589743589744
		</curveLM10>
		<curveLM11 type=matrix rownames=FALSE colnames=FALSE nrow=71 ncol=2 as.numeric=TRUE >
			7.42735042735043	-9.43589743589744
			7.41880341880342	-9.43589743589744
			7.41025641025641	-9.42735042735043
			7.4017094017094	-9.42735042735043
			7.39316239316239	-9.42735042735043
			7.38461538461539	-9.42735042735043
			7.37606837606838	-9.42735042735043
			7.36752136752137	-9.42735042735043
			7.35897435897436	-9.42735042735043
			7.35042735042735	-9.43589743589744
			7.34188034188034	-9.43589743589744
			7.33333333333333	-9.43589743589744
			7.32478632478633	-9.44444444444444
			7.31623931623932	-9.44444444444444
			7.30769230769231	-9.45299145299145
			7.2991452991453	-9.46153846153846
			7.29059829059829	-9.47008547008547
			7.28205128205128	-9.47863247863248
			7.27350427350427	-9.48717948717949
			7.26495726495727	-9.4957264957265
			7.25641025641026	-9.50427350427351
			7.24786324786325	-9.51282051282051
			7.23931623931624	-9.52136752136752
			7.23076923076923	-9.52991452991453
			7.22222222222222	-9.53846153846154
			7.22222222222222	-9.54700854700855
			7.21367521367521	-9.55555555555556
			7.20512820512821	-9.56410256410257
			7.20512820512821	-9.57264957264957
			7.1965811965812	-9.58119658119658
			7.18803418803419	-9.58974358974359
			7.18803418803419	-9.5982905982906
			7.17948717948718	-9.60683760683761
			7.17094017094017	-9.61538461538462
			7.17094017094017	-9.62393162393163
			7.16239316239316	-9.63247863247863
			7.15384615384615	-9.64102564102564
			7.15384615384615	-9.64957264957265
			7.14529914529915	-9.65811965811966
			7.14529914529915	-9.66666666666667
			7.13675213675214	-9.66666666666667
			7.13675213675214	-9.67521367521368
			7.13675213675214	-9.68376068376068
			7.12820512820513	-9.69230769230769
			7.12820512820513	-9.7008547008547
			7.11965811965812	-9.70940170940171
			7.11965811965812	-9.71794871794872
			7.11111111111111	-9.71794871794872
			7.11111111111111	-9.72649572649573
			7.1025641025641	-9.73504273504274
			7.1025641025641	-9.74358974358974
			7.09401709401709	-9.75213675213675
			7.08547008547009	-9.76068376068376
			7.07692307692308	-9.76923076923077
			7.06837606837607	-9.77777777777778
			7.05982905982906	-9.78632478632479
			7.05982905982906	-9.7948717948718
			7.05128205128205	-9.8034188034188
			7.04273504273504	-9.81196581196581
			7.03418803418803	-9.81196581196581
			7.02564102564103	-9.82051282051282
			7.01709401709402	-9.82051282051282
			7.00854700854701	-9.82051282051282
			7	-9.82905982905983
			6.99145299145299	-9.82905982905983
			6.98290598290598	-9.82051282051282
			6.97435897435898	-9.82051282051282
			6.96581196581197	-9.82051282051282
			6.95726495726496	-9.81196581196581
			6.94871794871795	-9.81196581196581
			6.94017094017094	-9.8034188034188
		</curveLM11>
		<curveLM12 type=matrix rownames=FALSE colnames=FALSE nrow=256 ncol=2 as.numeric=TRUE >
			6.94017094017094	-9.8034188034188
			6.93162393162393	-9.7948717948718
			6.92307692307692	-9.78632478632479
			6.91452991452991	-9.77777777777778
			6.91452991452991	-9.76923076923077
			6.90598290598291	-9.76068376068376
			6.90598290598291	-9.75213675213675
			6.90598290598291	-9.74358974358974
			6.8974358974359	-9.73504273504274
			6.8974358974359	-9.72649572649573
			6.8974358974359	-9.71794871794872
			6.8974358974359	-9.70940170940171
			6.8974358974359	-9.7008547008547
			6.8974358974359	-9.69230769230769
			6.8974358974359	-9.68376068376068
			6.8974358974359	-9.67521367521368
			6.8974358974359	-9.66666666666667
			6.8974358974359	-9.65811965811966
			6.8974358974359	-9.64957264957265
			6.8974358974359	-9.64102564102564
			6.8974358974359	-9.63247863247863
			6.8974358974359	-9.62393162393163
			6.8974358974359	-9.61538461538462
			6.8974358974359	-9.60683760683761
			6.90598290598291	-9.5982905982906
			6.90598290598291	-9.58974358974359
			6.90598290598291	-9.58119658119658
			6.90598290598291	-9.57264957264957
			6.90598290598291	-9.56410256410257
			6.90598290598291	-9.55555555555556
			6.91452991452991	-9.54700854700855
			6.91452991452991	-9.53846153846154
			6.91452991452991	-9.52991452991453
			6.91452991452991	-9.52136752136752
			6.91452991452991	-9.51282051282051
			6.91452991452991	-9.50427350427351
			6.92307692307692	-9.4957264957265
			6.92307692307692	-9.48717948717949
			6.92307692307692	-9.47863247863248
			6.92307692307692	-9.47008547008547
			6.93162393162393	-9.46153846153846
			6.93162393162393	-9.45299145299145
			6.93162393162393	-9.44444444444444
			6.93162393162393	-9.43589743589744
			6.93162393162393	-9.42735042735043
			6.94017094017094	-9.41880341880342
			6.94017094017094	-9.41025641025641
			6.94017094017094	-9.4017094017094
			6.94871794871795	-9.39316239316239
			6.94871794871795	-9.38461538461539
			6.94871794871795	-9.37606837606838
			6.94871794871795	-9.36752136752137
			6.95726495726496	-9.35897435897436
			6.95726495726496	-9.35042735042735
			6.95726495726496	-9.34188034188034
			6.95726495726496	-9.33333333333333
			6.96581196581197	-9.32478632478633
			6.96581196581197	-9.31623931623932
			6.96581196581197	-9.30769230769231
			6.97435897435898	-9.2991452991453
			6.97435897435898	-9.29059829059829
			6.97435897435898	-9.28205128205128
			6.97435897435898	-9.27350427350427
			6.98290598290598	-9.26495726495727
			6.98290598290598	-9.25641025641026
			6.98290598290598	-9.24786324786325
			6.99145299145299	-9.23931623931624
			6.99145299145299	-9.23076923076923
			6.99145299145299	-9.22222222222222
			7	-9.21367521367521
			7	-9.20512820512821
			7	-9.1965811965812
			7.00854700854701	-9.18803418803419
			7.00854700854701	-9.17948717948718
			7.00854700854701	-9.17094017094017
			7.01709401709402	-9.16239316239316
			7.01709401709402	-9.15384615384616
			7.01709401709402	-9.14529914529915
			7.02564102564103	-9.13675213675214
			7.02564102564103	-9.12820512820513
			7.02564102564103	-9.11965811965812
			7.03418803418803	-9.11111111111111
			7.03418803418803	-9.1025641025641
			7.03418803418803	-9.0940170940171
			7.04273504273504	-9.08547008547009
			7.04273504273504	-9.07692307692308
			7.04273504273504	-9.06837606837607
			7.05128205128205	-9.05982905982906
			7.05128205128205	-9.05128205128205
			7.05128205128205	-9.04273504273504
			7.05982905982906	-9.03418803418804
			7.05982905982906	-9.02564102564103
			7.05982905982906	-9.01709401709402
			7.06837606837607	-9.00854700854701
			7.06837606837607	-9
			7.06837606837607	-8.99145299145299
			7.07692307692308	-8.98290598290598
			7.07692307692308	-8.97435897435897
			7.07692307692308	-8.96581196581197
			7.08547008547009	-8.95726495726496
			7.08547008547009	-8.94871794871795
			7.09401709401709	-8.94017094017094
			7.09401709401709	-8.93162393162393
			7.09401709401709	-8.92307692307692
			7.1025641025641	-8.91452991452991
			7.1025641025641	-8.90598290598291
			7.1025641025641	-8.8974358974359
			7.11111111111111	-8.88888888888889
			7.11111111111111	-8.88034188034188
			7.11111111111111	-8.87179487179487
			7.11965811965812	-8.87179487179487
			7.11965811965812	-8.86324786324786
			7.11965811965812	-8.85470085470086
			7.12820512820513	-8.84615384615385
			7.12820512820513	-8.83760683760684
			7.12820512820513	-8.82905982905983
			7.13675213675214	-8.82051282051282
			7.13675213675214	-8.81196581196581
			7.14529914529915	-8.8034188034188
			7.14529914529915	-8.7948717948718
			7.14529914529915	-8.78632478632479
			7.15384615384615	-8.77777777777778
			7.15384615384615	-8.76923076923077
			7.16239316239316	-8.76068376068376
			7.16239316239316	-8.75213675213675
			7.16239316239316	-8.74358974358974
			7.17094017094017	-8.73504273504274
			7.17094017094017	-8.72649572649573
			7.17094017094017	-8.71794871794872
			7.17948717948718	-8.70940170940171
			7.17948717948718	-8.7008547008547
			7.18803418803419	-8.69230769230769
			7.18803418803419	-8.68376068376068
			7.18803418803419	-8.67521367521368
			7.1965811965812	-8.67521367521368
			7.1965811965812	-8.66666666666667
			7.1965811965812	-8.65811965811966
			7.20512820512821	-8.65811965811966
			7.20512820512821	-8.64957264957265
			7.20512820512821	-8.64102564102564
			7.20512820512821	-8.63247863247863
			7.21367521367521	-8.63247863247863
			7.21367521367521	-8.62393162393163
			7.21367521367521	-8.61538461538462
			7.22222222222222	-8.61538461538462
			7.22222222222222	-8.60683760683761
			7.22222222222222	-8.5982905982906
			7.23076923076923	-8.58974358974359
			7.23076923076923	-8.58119658119658
			7.23931623931624	-8.57264957264957
			7.23931623931624	-8.56410256410257
			7.24786324786325	-8.55555555555556
			7.24786324786325	-8.54700854700855
			7.24786324786325	-8.53846153846154
			7.25641025641026	-8.52991452991453
			7.25641025641026	-8.52136752136752
			7.26495726495727	-8.51282051282051
			7.26495726495727	-8.5042735042735
			7.27350427350427	-8.4957264957265
			7.27350427350427	-8.48717948717949
			7.28205128205128	-8.47863247863248
			7.28205128205128	-8.47008547008547
			7.29059829059829	-8.46153846153846
			7.29059829059829	-8.45299145299145
			7.29059829059829	-8.44444444444444
			7.2991452991453	-8.43589743589744
			7.2991452991453	-8.42735042735043
			7.30769230769231	-8.41880341880342
			7.30769230769231	-8.41025641025641
			7.31623931623932	-8.4017094017094
			7.31623931623932	-8.39316239316239
			7.32478632478633	-8.38461538461539
			7.32478632478633	-8.37606837606838
			7.33333333333333	-8.36752136752137
			7.33333333333333	-8.35897435897436
			7.34188034188034	-8.35042735042735
			7.34188034188034	-8.34188034188034
			7.35042735042735	-8.33333333333333
			7.35042735042735	-8.32478632478633
			7.35042735042735	-8.31623931623932
			7.35897435897436	-8.30769230769231
			7.35897435897436	-8.2991452991453
			7.36752136752137	-8.2991452991453
			7.36752136752137	-8.29059829059829
			7.37606837606838	-8.28205128205128
			7.37606837606838	-8.27350427350427
			7.38461538461539	-8.26495726495727
			7.38461538461539	-8.25641025641026
			7.39316239316239	-8.24786324786325
			7.39316239316239	-8.23931623931624
			7.4017094017094	-8.23076923076923
			7.4017094017094	-8.22222222222222
			7.41025641025641	-8.21367521367521
			7.41025641025641	-8.20512820512821
			7.41880341880342	-8.1965811965812
			7.42735042735043	-8.18803418803419
			7.42735042735043	-8.17948717948718
			7.43589743589744	-8.17094017094017
			7.43589743589744	-8.16239316239316
			7.44444444444445	-8.15384615384616
			7.44444444444445	-8.14529914529915
			7.45299145299145	-8.13675213675214
			7.45299145299145	-8.12820512820513
			7.46153846153846	-8.11965811965812
			7.47008547008547	-8.11111111111111
			7.47008547008547	-8.1025641025641
			7.47863247863248	-8.0940170940171
			7.47863247863248	-8.08547008547009
			7.48717948717949	-8.07692307692308
			7.48717948717949	-8.06837606837607
			7.4957264957265	-8.05982905982906
			7.50427350427351	-8.05128205128205
			7.51282051282051	-8.04273504273504
			7.51282051282051	-8.03418803418804
			7.51282051282051	-8.02564102564103
			7.52136752136752	-8.02564102564103
			7.52136752136752	-8.01709401709402
			7.52136752136752	-8.00854700854701
			7.52991452991453	-8.00854700854701
			7.52991452991453	-8
			7.53846153846154	-7.99145299145299
			7.53846153846154	-7.98290598290598
			7.54700854700855	-7.97435897435898
			7.55555555555556	-7.96581196581197
			7.55555555555556	-7.95726495726496
			7.56410256410256	-7.94871794871795
			7.56410256410256	-7.94017094017094
			7.57264957264957	-7.94017094017094
			7.57264957264957	-7.93162393162393
			7.58119658119658	-7.92307692307692
			7.58119658119658	-7.91452991452992
			7.58974358974359	-7.91452991452992
			7.58974358974359	-7.90598290598291
			7.5982905982906	-7.8974358974359
			7.60683760683761	-7.88888888888889
			7.60683760683761	-7.88034188034188
			7.61538461538462	-7.87179487179487
			7.61538461538462	-7.86324786324786
			7.62393162393162	-7.85470085470086
			7.63247863247863	-7.85470085470086
			7.63247863247863	-7.84615384615385
			7.64102564102564	-7.83760683760684
			7.64102564102564	-7.82905982905983
			7.64957264957265	-7.82051282051282
			7.65811965811966	-7.81196581196581
			7.65811965811966	-7.8034188034188
			7.66666666666667	-7.8034188034188
			7.66666666666667	-7.7948717948718
			7.67521367521368	-7.78632478632479
			7.68376068376068	-7.77777777777778
			7.68376068376068	-7.76923076923077
			7.69230769230769	-7.76068376068376
			7.7008547008547	-7.75213675213675
			7.70940170940171	-7.74358974358974
			7.70940170940171	-7.73504273504274
			7.71794871794872	-7.72649572649573
		</curveLM12>
	</curves.scaled>
	<ruler.points type=matrix rownames=TRUE colnames=FALSE nrow=5 ncol=2 as.numeric=TRUE >
		Ruler point 1	434	1409
		Ruler point 2	551	1409
		Ruler point 3	668	1409
		Ruler point 4	785	1409
		Ruler point 5	903	1409
	</ruler.points>
</shapes>

