<shapes type=list>
	<ruler.pixel type=vector names=FALSE length=1 as.numeric=TRUE >117</ruler.pixel>
	<ruler.interval type=vector names=FALSE length=1 as.numeric=TRUE >1</ruler.interval>
	<scaling.units type=vector names=FALSE length=1 as.numeric=FALSE >cm</scaling.units>
	<scaling type=vector names=FALSE length=1 as.numeric=TRUE >0.00854700854700855</scaling>
	<landmarks.pixel type=matrix rownames=TRUE colnames=FALSE nrow=6 ncol=2 as.numeric=TRUE >
		LM01	901	870
		LM02	1018	1174
		LM03	934	1129
		LM04	903	1195
		LM05	873	1136
		LM06	800	1176
	</landmarks.pixel>
	<landmarks.scaled type=matrix rownames=TRUE colnames=FALSE nrow=6 ncol=2 as.numeric=TRUE >
		LM01	7.7008547008547	-7.43589743589744
		LM02	8.7008547008547	-10.034188034188
		LM03	7.98290598290598	-9.64957264957265
		LM04	7.71794871794872	-10.2136752136752
		LM05	7.46153846153846	-9.70940170940171
		LM06	6.83760683760684	-10.0512820512821
	</landmarks.scaled>
	<curves.control type=list>
		<curveLM07 type=matrix rownames=FALSE colnames=FALSE nrow=7 ncol=2 as.numeric=TRUE >
			901	870
			907	871
			934	938
			974	1036
			989	1079
			1015	1150
			1018	1174
		</curveLM07>
		<curveLM08 type=matrix rownames=FALSE colnames=FALSE nrow=5 ncol=2 as.numeric=TRUE >
			1018	1174
			1011	1178
			980	1158
			956	1132
			934	1129
		</curveLM08>
		<curveLM09 type=matrix rownames=FALSE colnames=FALSE nrow=5 ncol=2 as.numeric=TRUE >
			934	1129
			921	1135
			922	1164
			918	1197
			903	1195
		</curveLM09>
		<curveLM10 type=matrix rownames=FALSE colnames=FALSE nrow=5 ncol=2 as.numeric=TRUE >
			903	1195
			887	1196
			884	1170
			879	1150
			873	1136
		</curveLM10>
		<curveLM11 type=matrix rownames=FALSE colnames=FALSE nrow=5 ncol=2 as.numeric=TRUE >
			873	1136
			861	1134
			851	1145
			807	1181
			800	1176
		</curveLM11>
		<curveLM12 type=matrix rownames=FALSE colnames=FALSE nrow=7 ncol=2 as.numeric=TRUE >
			800	1176
			797	1172
			823	1072
			842	1011
			862	951
			899	870
			901	870
		</curveLM12>
	</curves.control>
	<curves.pixel type=list>
		<curveLM07 type=matrix rownames=FALSE colnames=FALSE nrow=323 ncol=2 as.numeric=TRUE >
			901	870
			902	871
			903	872
			904	873
			905	874
			906	875
			906	876
			907	877
			908	878
			908	879
			908	880
			909	881
			909	882
			910	882
			910	883
			911	884
			911	885
			912	886
			912	887
			913	888
			913	889
			914	890
			914	891
			914	892
			915	893
			915	894
			916	895
			916	896
			917	897
			917	898
			918	899
			918	900
			918	901
			919	902
			919	903
			920	904
			920	905
			920	906
			921	907
			921	908
			922	909
			922	910
			923	911
			923	912
			924	913
			924	914
			924	915
			925	916
			925	917
			926	918
			926	919
			927	920
			927	921
			927	922
			928	923
			928	924
			929	925
			929	926
			929	927
			930	928
			931	929
			931	930
			931	931
			931	932
			932	932
			932	933
			932	934
			933	934
			933	935
			933	936
			934	937
			934	938
			934	939
			935	940
			935	941
			936	942
			936	943
			936	944
			937	944
			937	945
			937	946
			938	947
			938	948
			938	949
			939	950
			939	951
			940	952
			940	953
			941	954
			941	955
			941	956
			942	957
			942	958
			943	959
			943	960
			943	961
			944	962
			944	963
			945	964
			945	965
			945	966
			946	967
			946	968
			946	969
			947	970
			947	971
			948	972
			948	973
			949	974
			949	975
			949	976
			950	976
			950	977
			950	978
			951	979
			951	980
			951	981
			952	982
			952	983
			953	984
			953	985
			953	986
			954	987
			954	988
			955	989
			955	990
			955	991
			956	991
			956	992
			956	993
			957	994
			957	995
			957	996
			958	997
			958	998
			958	999
			959	999
			959	1000
			959	1001
			960	1002
			960	1003
			960	1004
			961	1005
			961	1006
			962	1007
			962	1008
			963	1009
			963	1010
			963	1011
			964	1012
			964	1013
			965	1014
			965	1015
			965	1016
			966	1017
			966	1018
			966	1019
			967	1020
			967	1021
			968	1022
			968	1023
			968	1024
			969	1025
			969	1026
			970	1027
			970	1028
			970	1029
			971	1029
			971	1030
			971	1031
			972	1032
			972	1033
			972	1034
			973	1035
			973	1036
			973	1037
			974	1037
			974	1038
			974	1039
			974	1040
			975	1040
			975	1041
			975	1042
			976	1042
			976	1043
			976	1044
			976	1045
			977	1045
			977	1046
			977	1047
			978	1048
			978	1049
			978	1050
			979	1051
			979	1052
			979	1053
			980	1053
			980	1054
			980	1055
			981	1056
			981	1057
			981	1058
			982	1059
			982	1060
			982	1061
			983	1062
			983	1063
			984	1064
			984	1065
			984	1066
			985	1067
			985	1068
			986	1069
			986	1070
			986	1071
			987	1072
			987	1073
			987	1074
			988	1075
			988	1076
			988	1077
			989	1078
			989	1079
			990	1080
			990	1081
			990	1082
			991	1083
			991	1084
			991	1085
			992	1086
			992	1087
			992	1088
			993	1089
			993	1090
			993	1091
			994	1092
			994	1093
			994	1094
			995	1095
			995	1096
			995	1097
			996	1098
			996	1099
			996	1100
			997	1100
			997	1101
			997	1102
			998	1103
			998	1104
			998	1105
			999	1106
			999	1107
			999	1108
			1000	1109
			1000	1110
			1001	1111
			1001	1112
			1001	1113
			1002	1114
			1002	1115
			1002	1116
			1003	1117
			1003	1118
			1003	1119
			1003	1120
			1004	1121
			1004	1122
			1004	1123
			1005	1124
			1005	1125
			1005	1126
			1006	1127
			1006	1128
			1006	1129
			1007	1130
			1007	1131
			1007	1132
			1008	1133
			1008	1134
			1008	1135
			1009	1136
			1009	1137
			1009	1138
			1010	1139
			1010	1140
			1010	1141
			1010	1142
			1011	1143
			1011	1144
			1011	1145
			1011	1146
			1012	1146
			1012	1147
			1012	1148
			1012	1149
			1013	1150
			1013	1151
			1013	1152
			1013	1153
			1014	1153
			1014	1154
			1014	1155
			1014	1156
			1014	1157
			1015	1157
			1015	1158
			1015	1159
			1015	1160
			1015	1161
			1016	1161
			1016	1162
			1016	1163
			1016	1164
			1017	1165
			1017	1166
			1017	1167
			1017	1168
			1017	1169
			1017	1170
			1018	1171
			1018	1172
			1018	1173
			1018	1174
		</curveLM07>
		<curveLM08 type=matrix rownames=FALSE colnames=FALSE nrow=90 ncol=2 as.numeric=TRUE >
			1018	1174
			1017	1174
			1016	1175
			1015	1175
			1014	1175
			1013	1174
			1012	1174
			1011	1174
			1010	1174
			1009	1173
			1008	1173
			1007	1173
			1006	1173
			1006	1172
			1005	1172
			1004	1172
			1003	1171
			1002	1171
			1001	1170
			1000	1169
			999	1169
			998	1169
			997	1168
			996	1168
			995	1167
			994	1166
			993	1166
			992	1165
			991	1165
			990	1164
			989	1163
			988	1163
			987	1162
			986	1162
			985	1161
			984	1160
			983	1160
			982	1159
			981	1159
			980	1158
			979	1157
			978	1156
			977	1155
			976	1154
			975	1153
			974	1152
			973	1151
			973	1150
			972	1150
			971	1149
			970	1148
			969	1147
			968	1146
			967	1146
			966	1145
			965	1144
			964	1143
			963	1143
			963	1142
			962	1141
			961	1141
			960	1140
			959	1139
			958	1139
			957	1138
			956	1138
			956	1137
			955	1137
			954	1136
			953	1136
			952	1135
			951	1135
			950	1134
			949	1134
			949	1133
			948	1133
			947	1133
			946	1132
			945	1132
			944	1132
			943	1131
			942	1131
			941	1130
			940	1130
			939	1130
			938	1130
			937	1129
			936	1129
			935	1129
			934	1129
		</curveLM08>
		<curveLM09 type=matrix rownames=FALSE colnames=FALSE nrow=75 ncol=2 as.numeric=TRUE >
			934	1129
			933	1129
			933	1130
			932	1130
			931	1131
			930	1132
			929	1133
			928	1134
			927	1135
			926	1136
			926	1137
			926	1138
			925	1139
			925	1140
			924	1141
			924	1142
			924	1143
			923	1144
			923	1145
			923	1146
			923	1147
			923	1148
			923	1149
			922	1150
			922	1151
			922	1152
			922	1153
			922	1154
			922	1155
			922	1156
			922	1157
			922	1158
			922	1159
			922	1160
			922	1161
			922	1162
			922	1163
			922	1164
			922	1165
			922	1166
			922	1167
			922	1168
			921	1169
			921	1170
			921	1171
			921	1172
			920	1173
			920	1174
			920	1175
			920	1176
			920	1177
			919	1178
			919	1179
			919	1180
			919	1181
			918	1182
			918	1183
			917	1184
			917	1185
			916	1186
			916	1187
			916	1188
			915	1189
			914	1190
			913	1191
			912	1192
			911	1193
			910	1194
			909	1194
			908	1195
			907	1195
			906	1195
			905	1195
			904	1195
			903	1195
		</curveLM09>
		<curveLM10 type=matrix rownames=FALSE colnames=FALSE nrow=69 ncol=2 as.numeric=TRUE >
			903	1195
			902	1195
			901	1195
			900	1195
			899	1195
			898	1195
			897	1194
			896	1194
			895	1193
			894	1193
			894	1192
			893	1192
			892	1191
			891	1191
			891	1190
			890	1189
			889	1188
			889	1187
			888	1186
			888	1185
			887	1184
			887	1183
			886	1182
			886	1181
			886	1180
			886	1179
			885	1178
			885	1177
			885	1176
			885	1175
			885	1174
			884	1173
			884	1172
			884	1171
			884	1170
			884	1169
			883	1168
			883	1167
			883	1166
			883	1165
			883	1164
			882	1163
			882	1162
			882	1161
			881	1160
			881	1159
			881	1158
			881	1157
			880	1156
			880	1155
			879	1154
			879	1153
			879	1152
			878	1151
			878	1150
			878	1149
			877	1148
			877	1147
			877	1146
			876	1145
			876	1144
			876	1143
			875	1142
			875	1141
			875	1140
			874	1139
			874	1138
			874	1137
			873	1136
		</curveLM10>
		<curveLM11 type=matrix rownames=FALSE colnames=FALSE nrow=76 ncol=2 as.numeric=TRUE >
			873	1136
			872	1136
			871	1136
			870	1136
			869	1136
			868	1136
			867	1136
			866	1136
			865	1136
			864	1136
			863	1137
			862	1137
			861	1138
			860	1138
			859	1139
			858	1139
			857	1140
			856	1141
			855	1141
			854	1142
			853	1143
			852	1144
			851	1145
			850	1146
			849	1147
			848	1147
			847	1148
			846	1149
			845	1150
			844	1151
			843	1152
			842	1152
			841	1153
			840	1154
			839	1155
			838	1155
			837	1156
			836	1157
			835	1157
			834	1158
			834	1159
			833	1159
			832	1160
			831	1161
			830	1161
			829	1162
			828	1163
			827	1164
			826	1164
			825	1165
			824	1166
			823	1166
			822	1167
			821	1168
			820	1169
			819	1169
			818	1170
			817	1170
			816	1171
			815	1171
			814	1172
			813	1172
			813	1173
			812	1173
			811	1174
			810	1174
			809	1175
			808	1175
			807	1176
			806	1176
			805	1176
			804	1176
			803	1177
			802	1177
			801	1176
			800	1176
		</curveLM11>
		<curveLM12 type=matrix rownames=FALSE colnames=FALSE nrow=313 ncol=2 as.numeric=TRUE >
			800	1176
			800	1175
			800	1174
			800	1173
			800	1172
			800	1171
			800	1170
			800	1169
			800	1168
			800	1167
			801	1166
			801	1165
			801	1164
			801	1163
			801	1162
			802	1161
			802	1160
			802	1159
			802	1158
			802	1157
			802	1156
			803	1155
			803	1154
			803	1153
			803	1152
			804	1151
			804	1150
			804	1149
			804	1148
			805	1147
			805	1146
			805	1145
			805	1144
			805	1143
			806	1142
			806	1141
			806	1140
			806	1139
			807	1138
			807	1137
			807	1136
			807	1135
			807	1134
			808	1133
			808	1132
			808	1131
			808	1130
			809	1129
			809	1128
			809	1127
			809	1126
			810	1125
			810	1124
			810	1123
			810	1122
			811	1121
			811	1120
			811	1119
			811	1118
			812	1117
			812	1116
			812	1115
			812	1114
			813	1113
			813	1112
			813	1111
			813	1110
			813	1109
			814	1109
			814	1108
			814	1107
			814	1106
			815	1105
			815	1104
			815	1103
			815	1102
			816	1101
			816	1100
			816	1099
			816	1098
			817	1097
			817	1096
			817	1095
			817	1094
			818	1093
			818	1092
			818	1091
			818	1090
			819	1089
			819	1088
			819	1087
			819	1086
			820	1085
			820	1084
			820	1083
			820	1082
			821	1081
			821	1080
			821	1079
			822	1078
			822	1077
			822	1076
			822	1075
			823	1074
			823	1073
			823	1072
			823	1071
			824	1070
			824	1069
			824	1068
			825	1067
			825	1066
			825	1065
			825	1064
			826	1063
			826	1062
			826	1061
			827	1060
			827	1059
			827	1058
			828	1057
			828	1056
			828	1055
			829	1054
			829	1053
			829	1052
			830	1051
			830	1050
			830	1049
			831	1048
			831	1047
			831	1046
			832	1045
			832	1044
			832	1043
			832	1042
			833	1041
			833	1040
			833	1039
			834	1038
			834	1037
			834	1036
			835	1035
			835	1034
			835	1033
			836	1032
			836	1031
			836	1030
			836	1029
			837	1028
			837	1027
			837	1026
			838	1025
			838	1024
			838	1023
			839	1023
			839	1022
			839	1021
			840	1020
			840	1019
			840	1018
			840	1017
			841	1016
			841	1015
			841	1014
			842	1013
			842	1012
			842	1011
			843	1010
			843	1009
			843	1008
			844	1007
			844	1006
			844	1005
			845	1004
			845	1003
			845	1002
			845	1001
			846	1000
			846	999
			846	998
			847	997
			847	996
			847	995
			848	994
			848	993
			849	992
			849	991
			849	990
			849	989
			850	988
			850	987
			850	986
			851	985
			851	984
			852	983
			852	982
			852	981
			853	980
			853	979
			853	978
			853	977
			854	976
			854	975
			854	974
			855	973
			855	972
			855	971
			856	970
			856	969
			856	968
			857	967
			857	966
			857	965
			858	964
			858	963
			858	962
			859	961
			859	960
			859	959
			860	958
			860	957
			860	956
			861	955
			861	954
			861	953
			862	952
			862	951
			862	950
			863	949
			863	948
			864	948
			864	947
			864	946
			865	945
			865	944
			866	943
			866	942
			867	941
			867	940
			867	939
			868	938
			869	937
			869	936
			870	935
			870	934
			870	933
			871	932
			871	931
			872	930
			872	929
			873	928
			873	927
			873	926
			874	925
			874	924
			875	923
			875	922
			876	921
			876	920
			876	919
			877	919
			877	918
			878	917
			878	916
			879	915
			879	914
			879	913
			880	912
			880	911
			881	911
			881	910
			881	909
			882	908
			882	907
			883	906
			883	905
			884	904
			884	903
			885	902
			885	901
			885	900
			886	899
			887	898
			887	897
			888	896
			888	895
			889	894
			889	893
			889	892
			890	891
			890	890
			891	889
			891	888
			892	888
			892	887
			892	886
			893	885
			893	884
			894	883
			894	882
			895	881
			895	880
			896	879
			896	878
			897	877
			897	876
			898	875
			899	874
			899	873
			900	872
			900	871
			901	870
		</curveLM12>
	</curves.pixel>
	<curves.scaled type=list>
		<curveLM07 type=matrix rownames=FALSE colnames=FALSE nrow=323 ncol=2 as.numeric=TRUE >
			7.7008547008547	-7.43589743589744
			7.70940170940171	-7.44444444444445
			7.71794871794872	-7.45299145299145
			7.72649572649573	-7.46153846153846
			7.73504273504274	-7.47008547008547
			7.74358974358974	-7.47863247863248
			7.74358974358974	-7.48717948717949
			7.75213675213675	-7.4957264957265
			7.76068376068376	-7.50427350427351
			7.76068376068376	-7.51282051282051
			7.76068376068376	-7.52136752136752
			7.76923076923077	-7.52991452991453
			7.76923076923077	-7.53846153846154
			7.77777777777778	-7.53846153846154
			7.77777777777778	-7.54700854700855
			7.78632478632479	-7.55555555555556
			7.78632478632479	-7.56410256410256
			7.7948717948718	-7.57264957264957
			7.7948717948718	-7.58119658119658
			7.8034188034188	-7.58974358974359
			7.8034188034188	-7.5982905982906
			7.81196581196581	-7.60683760683761
			7.81196581196581	-7.61538461538462
			7.81196581196581	-7.62393162393162
			7.82051282051282	-7.63247863247863
			7.82051282051282	-7.64102564102564
			7.82905982905983	-7.64957264957265
			7.82905982905983	-7.65811965811966
			7.83760683760684	-7.66666666666667
			7.83760683760684	-7.67521367521368
			7.84615384615385	-7.68376068376068
			7.84615384615385	-7.69230769230769
			7.84615384615385	-7.7008547008547
			7.85470085470086	-7.70940170940171
			7.85470085470086	-7.71794871794872
			7.86324786324786	-7.72649572649573
			7.86324786324786	-7.73504273504274
			7.86324786324786	-7.74358974358974
			7.87179487179487	-7.75213675213675
			7.87179487179487	-7.76068376068376
			7.88034188034188	-7.76923076923077
			7.88034188034188	-7.77777777777778
			7.88888888888889	-7.78632478632479
			7.88888888888889	-7.7948717948718
			7.8974358974359	-7.8034188034188
			7.8974358974359	-7.81196581196581
			7.8974358974359	-7.82051282051282
			7.90598290598291	-7.82905982905983
			7.90598290598291	-7.83760683760684
			7.91452991452992	-7.84615384615385
			7.91452991452992	-7.85470085470086
			7.92307692307692	-7.86324786324786
			7.92307692307692	-7.87179487179487
			7.92307692307692	-7.88034188034188
			7.93162393162393	-7.88888888888889
			7.93162393162393	-7.8974358974359
			7.94017094017094	-7.90598290598291
			7.94017094017094	-7.91452991452992
			7.94017094017094	-7.92307692307692
			7.94871794871795	-7.93162393162393
			7.95726495726496	-7.94017094017094
			7.95726495726496	-7.94871794871795
			7.95726495726496	-7.95726495726496
			7.95726495726496	-7.96581196581197
			7.96581196581197	-7.96581196581197
			7.96581196581197	-7.97435897435898
			7.96581196581197	-7.98290598290598
			7.97435897435898	-7.98290598290598
			7.97435897435898	-7.99145299145299
			7.97435897435898	-8
			7.98290598290598	-8.00854700854701
			7.98290598290598	-8.01709401709402
			7.98290598290598	-8.02564102564103
			7.99145299145299	-8.03418803418804
			7.99145299145299	-8.04273504273504
			8	-8.05128205128205
			8	-8.05982905982906
			8	-8.06837606837607
			8.00854700854701	-8.06837606837607
			8.00854700854701	-8.07692307692308
			8.00854700854701	-8.08547008547009
			8.01709401709402	-8.0940170940171
			8.01709401709402	-8.1025641025641
			8.01709401709402	-8.11111111111111
			8.02564102564103	-8.11965811965812
			8.02564102564103	-8.12820512820513
			8.03418803418804	-8.13675213675214
			8.03418803418804	-8.14529914529915
			8.04273504273504	-8.15384615384616
			8.04273504273504	-8.16239316239316
			8.04273504273504	-8.17094017094017
			8.05128205128205	-8.17948717948718
			8.05128205128205	-8.18803418803419
			8.05982905982906	-8.1965811965812
			8.05982905982906	-8.20512820512821
			8.05982905982906	-8.21367521367521
			8.06837606837607	-8.22222222222222
			8.06837606837607	-8.23076923076923
			8.07692307692308	-8.23931623931624
			8.07692307692308	-8.24786324786325
			8.07692307692308	-8.25641025641026
			8.08547008547009	-8.26495726495727
			8.08547008547009	-8.27350427350427
			8.08547008547009	-8.28205128205128
			8.0940170940171	-8.29059829059829
			8.0940170940171	-8.2991452991453
			8.1025641025641	-8.30769230769231
			8.1025641025641	-8.31623931623932
			8.11111111111111	-8.32478632478633
			8.11111111111111	-8.33333333333333
			8.11111111111111	-8.34188034188034
			8.11965811965812	-8.34188034188034
			8.11965811965812	-8.35042735042735
			8.11965811965812	-8.35897435897436
			8.12820512820513	-8.36752136752137
			8.12820512820513	-8.37606837606838
			8.12820512820513	-8.38461538461539
			8.13675213675214	-8.39316239316239
			8.13675213675214	-8.4017094017094
			8.14529914529915	-8.41025641025641
			8.14529914529915	-8.41880341880342
			8.14529914529915	-8.42735042735043
			8.15384615384616	-8.43589743589744
			8.15384615384616	-8.44444444444444
			8.16239316239316	-8.45299145299145
			8.16239316239316	-8.46153846153846
			8.16239316239316	-8.47008547008547
			8.17094017094017	-8.47008547008547
			8.17094017094017	-8.47863247863248
			8.17094017094017	-8.48717948717949
			8.17948717948718	-8.4957264957265
			8.17948717948718	-8.5042735042735
			8.17948717948718	-8.51282051282051
			8.18803418803419	-8.52136752136752
			8.18803418803419	-8.52991452991453
			8.18803418803419	-8.53846153846154
			8.1965811965812	-8.53846153846154
			8.1965811965812	-8.54700854700855
			8.1965811965812	-8.55555555555556
			8.20512820512821	-8.56410256410257
			8.20512820512821	-8.57264957264957
			8.20512820512821	-8.58119658119658
			8.21367521367521	-8.58974358974359
			8.21367521367521	-8.5982905982906
			8.22222222222222	-8.60683760683761
			8.22222222222222	-8.61538461538462
			8.23076923076923	-8.62393162393163
			8.23076923076923	-8.63247863247863
			8.23076923076923	-8.64102564102564
			8.23931623931624	-8.64957264957265
			8.23931623931624	-8.65811965811966
			8.24786324786325	-8.66666666666667
			8.24786324786325	-8.67521367521368
			8.24786324786325	-8.68376068376068
			8.25641025641026	-8.69230769230769
			8.25641025641026	-8.7008547008547
			8.25641025641026	-8.70940170940171
			8.26495726495727	-8.71794871794872
			8.26495726495727	-8.72649572649573
			8.27350427350427	-8.73504273504274
			8.27350427350427	-8.74358974358974
			8.27350427350427	-8.75213675213675
			8.28205128205128	-8.76068376068376
			8.28205128205128	-8.76923076923077
			8.29059829059829	-8.77777777777778
			8.29059829059829	-8.78632478632479
			8.29059829059829	-8.7948717948718
			8.2991452991453	-8.7948717948718
			8.2991452991453	-8.8034188034188
			8.2991452991453	-8.81196581196581
			8.30769230769231	-8.82051282051282
			8.30769230769231	-8.82905982905983
			8.30769230769231	-8.83760683760684
			8.31623931623932	-8.84615384615385
			8.31623931623932	-8.85470085470086
			8.31623931623932	-8.86324786324786
			8.32478632478633	-8.86324786324786
			8.32478632478633	-8.87179487179487
			8.32478632478633	-8.88034188034188
			8.32478632478633	-8.88888888888889
			8.33333333333333	-8.88888888888889
			8.33333333333333	-8.8974358974359
			8.33333333333333	-8.90598290598291
			8.34188034188034	-8.90598290598291
			8.34188034188034	-8.91452991452991
			8.34188034188034	-8.92307692307692
			8.34188034188034	-8.93162393162393
			8.35042735042735	-8.93162393162393
			8.35042735042735	-8.94017094017094
			8.35042735042735	-8.94871794871795
			8.35897435897436	-8.95726495726496
			8.35897435897436	-8.96581196581197
			8.35897435897436	-8.97435897435897
			8.36752136752137	-8.98290598290598
			8.36752136752137	-8.99145299145299
			8.36752136752137	-9
			8.37606837606838	-9
			8.37606837606838	-9.00854700854701
			8.37606837606838	-9.01709401709402
			8.38461538461539	-9.02564102564103
			8.38461538461539	-9.03418803418804
			8.38461538461539	-9.04273504273504
			8.39316239316239	-9.05128205128205
			8.39316239316239	-9.05982905982906
			8.39316239316239	-9.06837606837607
			8.4017094017094	-9.07692307692308
			8.4017094017094	-9.08547008547009
			8.41025641025641	-9.0940170940171
			8.41025641025641	-9.1025641025641
			8.41025641025641	-9.11111111111111
			8.41880341880342	-9.11965811965812
			8.41880341880342	-9.12820512820513
			8.42735042735043	-9.13675213675214
			8.42735042735043	-9.14529914529915
			8.42735042735043	-9.15384615384616
			8.43589743589744	-9.16239316239316
			8.43589743589744	-9.17094017094017
			8.43589743589744	-9.17948717948718
			8.44444444444444	-9.18803418803419
			8.44444444444444	-9.1965811965812
			8.44444444444444	-9.20512820512821
			8.45299145299145	-9.21367521367521
			8.45299145299145	-9.22222222222222
			8.46153846153846	-9.23076923076923
			8.46153846153846	-9.23931623931624
			8.46153846153846	-9.24786324786325
			8.47008547008547	-9.25641025641026
			8.47008547008547	-9.26495726495727
			8.47008547008547	-9.27350427350427
			8.47863247863248	-9.28205128205128
			8.47863247863248	-9.29059829059829
			8.47863247863248	-9.2991452991453
			8.48717948717949	-9.30769230769231
			8.48717948717949	-9.31623931623932
			8.48717948717949	-9.32478632478633
			8.4957264957265	-9.33333333333333
			8.4957264957265	-9.34188034188034
			8.4957264957265	-9.35042735042735
			8.5042735042735	-9.35897435897436
			8.5042735042735	-9.36752136752137
			8.5042735042735	-9.37606837606838
			8.51282051282051	-9.38461538461539
			8.51282051282051	-9.39316239316239
			8.51282051282051	-9.4017094017094
			8.52136752136752	-9.4017094017094
			8.52136752136752	-9.41025641025641
			8.52136752136752	-9.41880341880342
			8.52991452991453	-9.42735042735043
			8.52991452991453	-9.43589743589744
			8.52991452991453	-9.44444444444444
			8.53846153846154	-9.45299145299145
			8.53846153846154	-9.46153846153846
			8.53846153846154	-9.47008547008547
			8.54700854700855	-9.47863247863248
			8.54700854700855	-9.48717948717949
			8.55555555555556	-9.4957264957265
			8.55555555555556	-9.50427350427351
			8.55555555555556	-9.51282051282051
			8.56410256410257	-9.52136752136752
			8.56410256410257	-9.52991452991453
			8.56410256410257	-9.53846153846154
			8.57264957264957	-9.54700854700855
			8.57264957264957	-9.55555555555556
			8.57264957264957	-9.56410256410257
			8.57264957264957	-9.57264957264957
			8.58119658119658	-9.58119658119658
			8.58119658119658	-9.58974358974359
			8.58119658119658	-9.5982905982906
			8.58974358974359	-9.60683760683761
			8.58974358974359	-9.61538461538462
			8.58974358974359	-9.62393162393163
			8.5982905982906	-9.63247863247863
			8.5982905982906	-9.64102564102564
			8.5982905982906	-9.64957264957265
			8.60683760683761	-9.65811965811966
			8.60683760683761	-9.66666666666667
			8.60683760683761	-9.67521367521368
			8.61538461538462	-9.68376068376068
			8.61538461538462	-9.69230769230769
			8.61538461538462	-9.7008547008547
			8.62393162393163	-9.70940170940171
			8.62393162393163	-9.71794871794872
			8.62393162393163	-9.72649572649573
			8.63247863247863	-9.73504273504274
			8.63247863247863	-9.74358974358974
			8.63247863247863	-9.75213675213675
			8.63247863247863	-9.76068376068376
			8.64102564102564	-9.76923076923077
			8.64102564102564	-9.77777777777778
			8.64102564102564	-9.78632478632479
			8.64102564102564	-9.7948717948718
			8.64957264957265	-9.7948717948718
			8.64957264957265	-9.8034188034188
			8.64957264957265	-9.81196581196581
			8.64957264957265	-9.82051282051282
			8.65811965811966	-9.82905982905983
			8.65811965811966	-9.83760683760684
			8.65811965811966	-9.84615384615385
			8.65811965811966	-9.85470085470086
			8.66666666666667	-9.85470085470086
			8.66666666666667	-9.86324786324786
			8.66666666666667	-9.87179487179487
			8.66666666666667	-9.88034188034188
			8.66666666666667	-9.88888888888889
			8.67521367521368	-9.88888888888889
			8.67521367521368	-9.8974358974359
			8.67521367521368	-9.90598290598291
			8.67521367521368	-9.91452991452991
			8.67521367521368	-9.92307692307692
			8.68376068376068	-9.92307692307692
			8.68376068376068	-9.93162393162393
			8.68376068376068	-9.94017094017094
			8.68376068376068	-9.94871794871795
			8.69230769230769	-9.95726495726496
			8.69230769230769	-9.96581196581197
			8.69230769230769	-9.97435897435898
			8.69230769230769	-9.98290598290598
			8.69230769230769	-9.99145299145299
			8.69230769230769	-10
			8.7008547008547	-10.008547008547
			8.7008547008547	-10.017094017094
			8.7008547008547	-10.025641025641
			8.7008547008547	-10.034188034188
		</curveLM07>
		<curveLM08 type=matrix rownames=FALSE colnames=FALSE nrow=90 ncol=2 as.numeric=TRUE >
			8.7008547008547	-10.034188034188
			8.69230769230769	-10.034188034188
			8.68376068376068	-10.042735042735
			8.67521367521368	-10.042735042735
			8.66666666666667	-10.042735042735
			8.65811965811966	-10.034188034188
			8.64957264957265	-10.034188034188
			8.64102564102564	-10.034188034188
			8.63247863247863	-10.034188034188
			8.62393162393163	-10.025641025641
			8.61538461538462	-10.025641025641
			8.60683760683761	-10.025641025641
			8.5982905982906	-10.025641025641
			8.5982905982906	-10.017094017094
			8.58974358974359	-10.017094017094
			8.58119658119658	-10.017094017094
			8.57264957264957	-10.008547008547
			8.56410256410257	-10.008547008547
			8.55555555555556	-10
			8.54700854700855	-9.99145299145299
			8.53846153846154	-9.99145299145299
			8.52991452991453	-9.99145299145299
			8.52136752136752	-9.98290598290598
			8.51282051282051	-9.98290598290598
			8.5042735042735	-9.97435897435898
			8.4957264957265	-9.96581196581197
			8.48717948717949	-9.96581196581197
			8.47863247863248	-9.95726495726496
			8.47008547008547	-9.95726495726496
			8.46153846153846	-9.94871794871795
			8.45299145299145	-9.94017094017094
			8.44444444444444	-9.94017094017094
			8.43589743589744	-9.93162393162393
			8.42735042735043	-9.93162393162393
			8.41880341880342	-9.92307692307692
			8.41025641025641	-9.91452991452991
			8.4017094017094	-9.91452991452991
			8.39316239316239	-9.90598290598291
			8.38461538461539	-9.90598290598291
			8.37606837606838	-9.8974358974359
			8.36752136752137	-9.88888888888889
			8.35897435897436	-9.88034188034188
			8.35042735042735	-9.87179487179487
			8.34188034188034	-9.86324786324786
			8.33333333333333	-9.85470085470086
			8.32478632478633	-9.84615384615385
			8.31623931623932	-9.83760683760684
			8.31623931623932	-9.82905982905983
			8.30769230769231	-9.82905982905983
			8.2991452991453	-9.82051282051282
			8.29059829059829	-9.81196581196581
			8.28205128205128	-9.8034188034188
			8.27350427350427	-9.7948717948718
			8.26495726495727	-9.7948717948718
			8.25641025641026	-9.78632478632479
			8.24786324786325	-9.77777777777778
			8.23931623931624	-9.76923076923077
			8.23076923076923	-9.76923076923077
			8.23076923076923	-9.76068376068376
			8.22222222222222	-9.75213675213675
			8.21367521367521	-9.75213675213675
			8.20512820512821	-9.74358974358974
			8.1965811965812	-9.73504273504274
			8.18803418803419	-9.73504273504274
			8.17948717948718	-9.72649572649573
			8.17094017094017	-9.72649572649573
			8.17094017094017	-9.71794871794872
			8.16239316239316	-9.71794871794872
			8.15384615384616	-9.70940170940171
			8.14529914529915	-9.70940170940171
			8.13675213675214	-9.7008547008547
			8.12820512820513	-9.7008547008547
			8.11965811965812	-9.69230769230769
			8.11111111111111	-9.69230769230769
			8.11111111111111	-9.68376068376068
			8.1025641025641	-9.68376068376068
			8.0940170940171	-9.68376068376068
			8.08547008547009	-9.67521367521368
			8.07692307692308	-9.67521367521368
			8.06837606837607	-9.67521367521368
			8.05982905982906	-9.66666666666667
			8.05128205128205	-9.66666666666667
			8.04273504273504	-9.65811965811966
			8.03418803418804	-9.65811965811966
			8.02564102564103	-9.65811965811966
			8.01709401709402	-9.65811965811966
			8.00854700854701	-9.64957264957265
			8	-9.64957264957265
			7.99145299145299	-9.64957264957265
			7.98290598290598	-9.64957264957265
		</curveLM08>
		<curveLM09 type=matrix rownames=FALSE colnames=FALSE nrow=75 ncol=2 as.numeric=TRUE >
			7.98290598290598	-9.64957264957265
			7.97435897435898	-9.64957264957265
			7.97435897435898	-9.65811965811966
			7.96581196581197	-9.65811965811966
			7.95726495726496	-9.66666666666667
			7.94871794871795	-9.67521367521368
			7.94017094017094	-9.68376068376068
			7.93162393162393	-9.69230769230769
			7.92307692307692	-9.7008547008547
			7.91452991452992	-9.70940170940171
			7.91452991452992	-9.71794871794872
			7.91452991452992	-9.72649572649573
			7.90598290598291	-9.73504273504274
			7.90598290598291	-9.74358974358974
			7.8974358974359	-9.75213675213675
			7.8974358974359	-9.76068376068376
			7.8974358974359	-9.76923076923077
			7.88888888888889	-9.77777777777778
			7.88888888888889	-9.78632478632479
			7.88888888888889	-9.7948717948718
			7.88888888888889	-9.8034188034188
			7.88888888888889	-9.81196581196581
			7.88888888888889	-9.82051282051282
			7.88034188034188	-9.82905982905983
			7.88034188034188	-9.83760683760684
			7.88034188034188	-9.84615384615385
			7.88034188034188	-9.85470085470086
			7.88034188034188	-9.86324786324786
			7.88034188034188	-9.87179487179487
			7.88034188034188	-9.88034188034188
			7.88034188034188	-9.88888888888889
			7.88034188034188	-9.8974358974359
			7.88034188034188	-9.90598290598291
			7.88034188034188	-9.91452991452991
			7.88034188034188	-9.92307692307692
			7.88034188034188	-9.93162393162393
			7.88034188034188	-9.94017094017094
			7.88034188034188	-9.94871794871795
			7.88034188034188	-9.95726495726496
			7.88034188034188	-9.96581196581197
			7.88034188034188	-9.97435897435898
			7.88034188034188	-9.98290598290598
			7.87179487179487	-9.99145299145299
			7.87179487179487	-10
			7.87179487179487	-10.008547008547
			7.87179487179487	-10.017094017094
			7.86324786324786	-10.025641025641
			7.86324786324786	-10.034188034188
			7.86324786324786	-10.042735042735
			7.86324786324786	-10.0512820512821
			7.86324786324786	-10.0598290598291
			7.85470085470086	-10.0683760683761
			7.85470085470086	-10.0769230769231
			7.85470085470086	-10.0854700854701
			7.85470085470086	-10.0940170940171
			7.84615384615385	-10.1025641025641
			7.84615384615385	-10.1111111111111
			7.83760683760684	-10.1196581196581
			7.83760683760684	-10.1282051282051
			7.82905982905983	-10.1367521367521
			7.82905982905983	-10.1452991452991
			7.82905982905983	-10.1538461538462
			7.82051282051282	-10.1623931623932
			7.81196581196581	-10.1709401709402
			7.8034188034188	-10.1794871794872
			7.7948717948718	-10.1880341880342
			7.78632478632479	-10.1965811965812
			7.77777777777778	-10.2051282051282
			7.76923076923077	-10.2051282051282
			7.76068376068376	-10.2136752136752
			7.75213675213675	-10.2136752136752
			7.74358974358974	-10.2136752136752
			7.73504273504274	-10.2136752136752
			7.72649572649573	-10.2136752136752
			7.71794871794872	-10.2136752136752
		</curveLM09>
		<curveLM10 type=matrix rownames=FALSE colnames=FALSE nrow=69 ncol=2 as.numeric=TRUE >
			7.71794871794872	-10.2136752136752
			7.70940170940171	-10.2136752136752
			7.7008547008547	-10.2136752136752
			7.69230769230769	-10.2136752136752
			7.68376068376068	-10.2136752136752
			7.67521367521368	-10.2136752136752
			7.66666666666667	-10.2051282051282
			7.65811965811966	-10.2051282051282
			7.64957264957265	-10.1965811965812
			7.64102564102564	-10.1965811965812
			7.64102564102564	-10.1880341880342
			7.63247863247863	-10.1880341880342
			7.62393162393162	-10.1794871794872
			7.61538461538462	-10.1794871794872
			7.61538461538462	-10.1709401709402
			7.60683760683761	-10.1623931623932
			7.5982905982906	-10.1538461538462
			7.5982905982906	-10.1452991452991
			7.58974358974359	-10.1367521367521
			7.58974358974359	-10.1282051282051
			7.58119658119658	-10.1196581196581
			7.58119658119658	-10.1111111111111
			7.57264957264957	-10.1025641025641
			7.57264957264957	-10.0940170940171
			7.57264957264957	-10.0854700854701
			7.57264957264957	-10.0769230769231
			7.56410256410256	-10.0683760683761
			7.56410256410256	-10.0598290598291
			7.56410256410256	-10.0512820512821
			7.56410256410256	-10.042735042735
			7.56410256410256	-10.034188034188
			7.55555555555556	-10.025641025641
			7.55555555555556	-10.017094017094
			7.55555555555556	-10.008547008547
			7.55555555555556	-10
			7.55555555555556	-9.99145299145299
			7.54700854700855	-9.98290598290598
			7.54700854700855	-9.97435897435898
			7.54700854700855	-9.96581196581197
			7.54700854700855	-9.95726495726496
			7.54700854700855	-9.94871794871795
			7.53846153846154	-9.94017094017094
			7.53846153846154	-9.93162393162393
			7.53846153846154	-9.92307692307692
			7.52991452991453	-9.91452991452991
			7.52991452991453	-9.90598290598291
			7.52991452991453	-9.8974358974359
			7.52991452991453	-9.88888888888889
			7.52136752136752	-9.88034188034188
			7.52136752136752	-9.87179487179487
			7.51282051282051	-9.86324786324786
			7.51282051282051	-9.85470085470086
			7.51282051282051	-9.84615384615385
			7.50427350427351	-9.83760683760684
			7.50427350427351	-9.82905982905983
			7.50427350427351	-9.82051282051282
			7.4957264957265	-9.81196581196581
			7.4957264957265	-9.8034188034188
			7.4957264957265	-9.7948717948718
			7.48717948717949	-9.78632478632479
			7.48717948717949	-9.77777777777778
			7.48717948717949	-9.76923076923077
			7.47863247863248	-9.76068376068376
			7.47863247863248	-9.75213675213675
			7.47863247863248	-9.74358974358974
			7.47008547008547	-9.73504273504274
			7.47008547008547	-9.72649572649573
			7.47008547008547	-9.71794871794872
			7.46153846153846	-9.70940170940171
		</curveLM10>
		<curveLM11 type=matrix rownames=FALSE colnames=FALSE nrow=76 ncol=2 as.numeric=TRUE >
			7.46153846153846	-9.70940170940171
			7.45299145299145	-9.70940170940171
			7.44444444444445	-9.70940170940171
			7.43589743589744	-9.70940170940171
			7.42735042735043	-9.70940170940171
			7.41880341880342	-9.70940170940171
			7.41025641025641	-9.70940170940171
			7.4017094017094	-9.70940170940171
			7.39316239316239	-9.70940170940171
			7.38461538461539	-9.70940170940171
			7.37606837606838	-9.71794871794872
			7.36752136752137	-9.71794871794872
			7.35897435897436	-9.72649572649573
			7.35042735042735	-9.72649572649573
			7.34188034188034	-9.73504273504274
			7.33333333333333	-9.73504273504274
			7.32478632478633	-9.74358974358974
			7.31623931623932	-9.75213675213675
			7.30769230769231	-9.75213675213675
			7.2991452991453	-9.76068376068376
			7.29059829059829	-9.76923076923077
			7.28205128205128	-9.77777777777778
			7.27350427350427	-9.78632478632479
			7.26495726495727	-9.7948717948718
			7.25641025641026	-9.8034188034188
			7.24786324786325	-9.8034188034188
			7.23931623931624	-9.81196581196581
			7.23076923076923	-9.82051282051282
			7.22222222222222	-9.82905982905983
			7.21367521367521	-9.83760683760684
			7.20512820512821	-9.84615384615385
			7.1965811965812	-9.84615384615385
			7.18803418803419	-9.85470085470086
			7.17948717948718	-9.86324786324786
			7.17094017094017	-9.87179487179487
			7.16239316239316	-9.87179487179487
			7.15384615384615	-9.88034188034188
			7.14529914529915	-9.88888888888889
			7.13675213675214	-9.88888888888889
			7.12820512820513	-9.8974358974359
			7.12820512820513	-9.90598290598291
			7.11965811965812	-9.90598290598291
			7.11111111111111	-9.91452991452991
			7.1025641025641	-9.92307692307692
			7.09401709401709	-9.92307692307692
			7.08547008547009	-9.93162393162393
			7.07692307692308	-9.94017094017094
			7.06837606837607	-9.94871794871795
			7.05982905982906	-9.94871794871795
			7.05128205128205	-9.95726495726496
			7.04273504273504	-9.96581196581197
			7.03418803418803	-9.96581196581197
			7.02564102564103	-9.97435897435898
			7.01709401709402	-9.98290598290598
			7.00854700854701	-9.99145299145299
			7	-9.99145299145299
			6.99145299145299	-10
			6.98290598290598	-10
			6.97435897435898	-10.008547008547
			6.96581196581197	-10.008547008547
			6.95726495726496	-10.017094017094
			6.94871794871795	-10.017094017094
			6.94871794871795	-10.025641025641
			6.94017094017094	-10.025641025641
			6.93162393162393	-10.034188034188
			6.92307692307692	-10.034188034188
			6.91452991452991	-10.042735042735
			6.90598290598291	-10.042735042735
			6.8974358974359	-10.0512820512821
			6.88888888888889	-10.0512820512821
			6.88034188034188	-10.0512820512821
			6.87179487179487	-10.0512820512821
			6.86324786324786	-10.0598290598291
			6.85470085470086	-10.0598290598291
			6.84615384615385	-10.0512820512821
			6.83760683760684	-10.0512820512821
		</curveLM11>
		<curveLM12 type=matrix rownames=FALSE colnames=FALSE nrow=313 ncol=2 as.numeric=TRUE >
			6.83760683760684	-10.0512820512821
			6.83760683760684	-10.042735042735
			6.83760683760684	-10.034188034188
			6.83760683760684	-10.025641025641
			6.83760683760684	-10.017094017094
			6.83760683760684	-10.008547008547
			6.83760683760684	-10
			6.83760683760684	-9.99145299145299
			6.83760683760684	-9.98290598290598
			6.83760683760684	-9.97435897435898
			6.84615384615385	-9.96581196581197
			6.84615384615385	-9.95726495726496
			6.84615384615385	-9.94871794871795
			6.84615384615385	-9.94017094017094
			6.84615384615385	-9.93162393162393
			6.85470085470086	-9.92307692307692
			6.85470085470086	-9.91452991452991
			6.85470085470086	-9.90598290598291
			6.85470085470086	-9.8974358974359
			6.85470085470086	-9.88888888888889
			6.85470085470086	-9.88034188034188
			6.86324786324786	-9.87179487179487
			6.86324786324786	-9.86324786324786
			6.86324786324786	-9.85470085470086
			6.86324786324786	-9.84615384615385
			6.87179487179487	-9.83760683760684
			6.87179487179487	-9.82905982905983
			6.87179487179487	-9.82051282051282
			6.87179487179487	-9.81196581196581
			6.88034188034188	-9.8034188034188
			6.88034188034188	-9.7948717948718
			6.88034188034188	-9.78632478632479
			6.88034188034188	-9.77777777777778
			6.88034188034188	-9.76923076923077
			6.88888888888889	-9.76068376068376
			6.88888888888889	-9.75213675213675
			6.88888888888889	-9.74358974358974
			6.88888888888889	-9.73504273504274
			6.8974358974359	-9.72649572649573
			6.8974358974359	-9.71794871794872
			6.8974358974359	-9.70940170940171
			6.8974358974359	-9.7008547008547
			6.8974358974359	-9.69230769230769
			6.90598290598291	-9.68376068376068
			6.90598290598291	-9.67521367521368
			6.90598290598291	-9.66666666666667
			6.90598290598291	-9.65811965811966
			6.91452991452991	-9.64957264957265
			6.91452991452991	-9.64102564102564
			6.91452991452991	-9.63247863247863
			6.91452991452991	-9.62393162393163
			6.92307692307692	-9.61538461538462
			6.92307692307692	-9.60683760683761
			6.92307692307692	-9.5982905982906
			6.92307692307692	-9.58974358974359
			6.93162393162393	-9.58119658119658
			6.93162393162393	-9.57264957264957
			6.93162393162393	-9.56410256410257
			6.93162393162393	-9.55555555555556
			6.94017094017094	-9.54700854700855
			6.94017094017094	-9.53846153846154
			6.94017094017094	-9.52991452991453
			6.94017094017094	-9.52136752136752
			6.94871794871795	-9.51282051282051
			6.94871794871795	-9.50427350427351
			6.94871794871795	-9.4957264957265
			6.94871794871795	-9.48717948717949
			6.94871794871795	-9.47863247863248
			6.95726495726496	-9.47863247863248
			6.95726495726496	-9.47008547008547
			6.95726495726496	-9.46153846153846
			6.95726495726496	-9.45299145299145
			6.96581196581197	-9.44444444444444
			6.96581196581197	-9.43589743589744
			6.96581196581197	-9.42735042735043
			6.96581196581197	-9.41880341880342
			6.97435897435898	-9.41025641025641
			6.97435897435898	-9.4017094017094
			6.97435897435898	-9.39316239316239
			6.97435897435898	-9.38461538461539
			6.98290598290598	-9.37606837606838
			6.98290598290598	-9.36752136752137
			6.98290598290598	-9.35897435897436
			6.98290598290598	-9.35042735042735
			6.99145299145299	-9.34188034188034
			6.99145299145299	-9.33333333333333
			6.99145299145299	-9.32478632478633
			6.99145299145299	-9.31623931623932
			7	-9.30769230769231
			7	-9.2991452991453
			7	-9.29059829059829
			7	-9.28205128205128
			7.00854700854701	-9.27350427350427
			7.00854700854701	-9.26495726495727
			7.00854700854701	-9.25641025641026
			7.00854700854701	-9.24786324786325
			7.01709401709402	-9.23931623931624
			7.01709401709402	-9.23076923076923
			7.01709401709402	-9.22222222222222
			7.02564102564103	-9.21367521367521
			7.02564102564103	-9.20512820512821
			7.02564102564103	-9.1965811965812
			7.02564102564103	-9.18803418803419
			7.03418803418803	-9.17948717948718
			7.03418803418803	-9.17094017094017
			7.03418803418803	-9.16239316239316
			7.03418803418803	-9.15384615384616
			7.04273504273504	-9.14529914529915
			7.04273504273504	-9.13675213675214
			7.04273504273504	-9.12820512820513
			7.05128205128205	-9.11965811965812
			7.05128205128205	-9.11111111111111
			7.05128205128205	-9.1025641025641
			7.05128205128205	-9.0940170940171
			7.05982905982906	-9.08547008547009
			7.05982905982906	-9.07692307692308
			7.05982905982906	-9.06837606837607
			7.06837606837607	-9.05982905982906
			7.06837606837607	-9.05128205128205
			7.06837606837607	-9.04273504273504
			7.07692307692308	-9.03418803418804
			7.07692307692308	-9.02564102564103
			7.07692307692308	-9.01709401709402
			7.08547008547009	-9.00854700854701
			7.08547008547009	-9
			7.08547008547009	-8.99145299145299
			7.09401709401709	-8.98290598290598
			7.09401709401709	-8.97435897435897
			7.09401709401709	-8.96581196581197
			7.1025641025641	-8.95726495726496
			7.1025641025641	-8.94871794871795
			7.1025641025641	-8.94017094017094
			7.11111111111111	-8.93162393162393
			7.11111111111111	-8.92307692307692
			7.11111111111111	-8.91452991452991
			7.11111111111111	-8.90598290598291
			7.11965811965812	-8.8974358974359
			7.11965811965812	-8.88888888888889
			7.11965811965812	-8.88034188034188
			7.12820512820513	-8.87179487179487
			7.12820512820513	-8.86324786324786
			7.12820512820513	-8.85470085470086
			7.13675213675214	-8.84615384615385
			7.13675213675214	-8.83760683760684
			7.13675213675214	-8.82905982905983
			7.14529914529915	-8.82051282051282
			7.14529914529915	-8.81196581196581
			7.14529914529915	-8.8034188034188
			7.14529914529915	-8.7948717948718
			7.15384615384615	-8.78632478632479
			7.15384615384615	-8.77777777777778
			7.15384615384615	-8.76923076923077
			7.16239316239316	-8.76068376068376
			7.16239316239316	-8.75213675213675
			7.16239316239316	-8.74358974358974
			7.17094017094017	-8.74358974358974
			7.17094017094017	-8.73504273504274
			7.17094017094017	-8.72649572649573
			7.17948717948718	-8.71794871794872
			7.17948717948718	-8.70940170940171
			7.17948717948718	-8.7008547008547
			7.17948717948718	-8.69230769230769
			7.18803418803419	-8.68376068376068
			7.18803418803419	-8.67521367521368
			7.18803418803419	-8.66666666666667
			7.1965811965812	-8.65811965811966
			7.1965811965812	-8.64957264957265
			7.1965811965812	-8.64102564102564
			7.20512820512821	-8.63247863247863
			7.20512820512821	-8.62393162393163
			7.20512820512821	-8.61538461538462
			7.21367521367521	-8.60683760683761
			7.21367521367521	-8.5982905982906
			7.21367521367521	-8.58974358974359
			7.22222222222222	-8.58119658119658
			7.22222222222222	-8.57264957264957
			7.22222222222222	-8.56410256410257
			7.22222222222222	-8.55555555555556
			7.23076923076923	-8.54700854700855
			7.23076923076923	-8.53846153846154
			7.23076923076923	-8.52991452991453
			7.23931623931624	-8.52136752136752
			7.23931623931624	-8.51282051282051
			7.23931623931624	-8.5042735042735
			7.24786324786325	-8.4957264957265
			7.24786324786325	-8.48717948717949
			7.25641025641026	-8.47863247863248
			7.25641025641026	-8.47008547008547
			7.25641025641026	-8.46153846153846
			7.25641025641026	-8.45299145299145
			7.26495726495727	-8.44444444444444
			7.26495726495727	-8.43589743589744
			7.26495726495727	-8.42735042735043
			7.27350427350427	-8.41880341880342
			7.27350427350427	-8.41025641025641
			7.28205128205128	-8.4017094017094
			7.28205128205128	-8.39316239316239
			7.28205128205128	-8.38461538461539
			7.29059829059829	-8.37606837606838
			7.29059829059829	-8.36752136752137
			7.29059829059829	-8.35897435897436
			7.29059829059829	-8.35042735042735
			7.2991452991453	-8.34188034188034
			7.2991452991453	-8.33333333333333
			7.2991452991453	-8.32478632478633
			7.30769230769231	-8.31623931623932
			7.30769230769231	-8.30769230769231
			7.30769230769231	-8.2991452991453
			7.31623931623932	-8.29059829059829
			7.31623931623932	-8.28205128205128
			7.31623931623932	-8.27350427350427
			7.32478632478633	-8.26495726495727
			7.32478632478633	-8.25641025641026
			7.32478632478633	-8.24786324786325
			7.33333333333333	-8.23931623931624
			7.33333333333333	-8.23076923076923
			7.33333333333333	-8.22222222222222
			7.34188034188034	-8.21367521367521
			7.34188034188034	-8.20512820512821
			7.34188034188034	-8.1965811965812
			7.35042735042735	-8.18803418803419
			7.35042735042735	-8.17948717948718
			7.35042735042735	-8.17094017094017
			7.35897435897436	-8.16239316239316
			7.35897435897436	-8.15384615384616
			7.35897435897436	-8.14529914529915
			7.36752136752137	-8.13675213675214
			7.36752136752137	-8.12820512820513
			7.36752136752137	-8.11965811965812
			7.37606837606838	-8.11111111111111
			7.37606837606838	-8.1025641025641
			7.38461538461539	-8.1025641025641
			7.38461538461539	-8.0940170940171
			7.38461538461539	-8.08547008547009
			7.39316239316239	-8.07692307692308
			7.39316239316239	-8.06837606837607
			7.4017094017094	-8.05982905982906
			7.4017094017094	-8.05128205128205
			7.41025641025641	-8.04273504273504
			7.41025641025641	-8.03418803418804
			7.41025641025641	-8.02564102564103
			7.41880341880342	-8.01709401709402
			7.42735042735043	-8.00854700854701
			7.42735042735043	-8
			7.43589743589744	-7.99145299145299
			7.43589743589744	-7.98290598290598
			7.43589743589744	-7.97435897435898
			7.44444444444445	-7.96581196581197
			7.44444444444445	-7.95726495726496
			7.45299145299145	-7.94871794871795
			7.45299145299145	-7.94017094017094
			7.46153846153846	-7.93162393162393
			7.46153846153846	-7.92307692307692
			7.46153846153846	-7.91452991452992
			7.47008547008547	-7.90598290598291
			7.47008547008547	-7.8974358974359
			7.47863247863248	-7.88888888888889
			7.47863247863248	-7.88034188034188
			7.48717948717949	-7.87179487179487
			7.48717948717949	-7.86324786324786
			7.48717948717949	-7.85470085470086
			7.4957264957265	-7.85470085470086
			7.4957264957265	-7.84615384615385
			7.50427350427351	-7.83760683760684
			7.50427350427351	-7.82905982905983
			7.51282051282051	-7.82051282051282
			7.51282051282051	-7.81196581196581
			7.51282051282051	-7.8034188034188
			7.52136752136752	-7.7948717948718
			7.52136752136752	-7.78632478632479
			7.52991452991453	-7.78632478632479
			7.52991452991453	-7.77777777777778
			7.52991452991453	-7.76923076923077
			7.53846153846154	-7.76068376068376
			7.53846153846154	-7.75213675213675
			7.54700854700855	-7.74358974358974
			7.54700854700855	-7.73504273504274
			7.55555555555556	-7.72649572649573
			7.55555555555556	-7.71794871794872
			7.56410256410256	-7.70940170940171
			7.56410256410256	-7.7008547008547
			7.56410256410256	-7.69230769230769
			7.57264957264957	-7.68376068376068
			7.58119658119658	-7.67521367521368
			7.58119658119658	-7.66666666666667
			7.58974358974359	-7.65811965811966
			7.58974358974359	-7.64957264957265
			7.5982905982906	-7.64102564102564
			7.5982905982906	-7.63247863247863
			7.5982905982906	-7.62393162393162
			7.60683760683761	-7.61538461538462
			7.60683760683761	-7.60683760683761
			7.61538461538462	-7.5982905982906
			7.61538461538462	-7.58974358974359
			7.62393162393162	-7.58974358974359
			7.62393162393162	-7.58119658119658
			7.62393162393162	-7.57264957264957
			7.63247863247863	-7.56410256410256
			7.63247863247863	-7.55555555555556
			7.64102564102564	-7.54700854700855
			7.64102564102564	-7.53846153846154
			7.64957264957265	-7.52991452991453
			7.64957264957265	-7.52136752136752
			7.65811965811966	-7.51282051282051
			7.65811965811966	-7.50427350427351
			7.66666666666667	-7.4957264957265
			7.66666666666667	-7.48717948717949
			7.67521367521368	-7.47863247863248
			7.68376068376068	-7.47008547008547
			7.68376068376068	-7.46153846153846
			7.69230769230769	-7.45299145299145
			7.69230769230769	-7.44444444444445
			7.7008547008547	-7.43589743589744
		</curveLM12>
	</curves.scaled>
	<ruler.points type=matrix rownames=TRUE colnames=FALSE nrow=5 ncol=2 as.numeric=TRUE >
		Ruler point 1	434	1409
		Ruler point 2	551	1409
		Ruler point 3	668	1409
		Ruler point 4	785	1409
		Ruler point 5	902	1409
	</ruler.points>
</shapes>

