<shapes type=list>
	<ruler.pixel type=vector names=FALSE length=1 as.numeric=TRUE >117</ruler.pixel>
	<ruler.interval type=vector names=FALSE length=1 as.numeric=TRUE >1</ruler.interval>
	<scaling.units type=vector names=FALSE length=1 as.numeric=FALSE >cm</scaling.units>
	<scaling type=vector names=FALSE length=1 as.numeric=TRUE >0.00854700854700855</scaling>
	<landmarks.pixel type=matrix rownames=TRUE colnames=FALSE nrow=6 ncol=2 as.numeric=TRUE >
		LM01	900	748
		LM02	994	1150
		LM03	935	1106
		LM04	899	1194
		LM05	864	1107
		LM06	801	1161
	</landmarks.pixel>
	<landmarks.scaled type=matrix rownames=TRUE colnames=FALSE nrow=6 ncol=2 as.numeric=TRUE >
		LM01	7.69230769230769	-6.39316239316239
		LM02	8.4957264957265	-9.82905982905983
		LM03	7.99145299145299	-9.45299145299145
		LM04	7.68376068376068	-10.2051282051282
		LM05	7.38461538461539	-9.46153846153846
		LM06	6.84615384615385	-9.92307692307692
	</landmarks.scaled>
	<curves.control type=list>
		<curveLM07 type=matrix rownames=FALSE colnames=FALSE nrow=7 ncol=2 as.numeric=TRUE >
			900	748
			926	786
			961	977
			982	1071
			994	1120
			999	1142
			994	1150
		</curveLM07>
		<curveLM08 type=matrix rownames=FALSE colnames=FALSE nrow=5 ncol=2 as.numeric=TRUE >
			994	1150
			987	1154
			958	1124
			947	1103
			935	1106
		</curveLM08>
		<curveLM09 type=matrix rownames=FALSE colnames=FALSE nrow=5 ncol=2 as.numeric=TRUE >
			935	1106
			926	1112
			927	1134
			913	1193
			899	1194
		</curveLM09>
		<curveLM10 type=matrix rownames=FALSE colnames=FALSE nrow=5 ncol=2 as.numeric=TRUE >
			899	1194
			887	1197
			873	1139
			872	1114
			864	1107
		</curveLM10>
		<curveLM11 type=matrix rownames=FALSE colnames=FALSE nrow=5 ncol=2 as.numeric=TRUE >
			864	1107
			851	1103
			841	1128
			807	1166
			801	1161
		</curveLM11>
		<curveLM12 type=matrix rownames=FALSE colnames=FALSE nrow=5 ncol=2 as.numeric=TRUE >
			801	1161
			791	1150
			845	920
			876	782
			900	748
		</curveLM12>
	</curves.control>
	<curves.pixel type=list>
		<curveLM07 type=matrix rownames=FALSE colnames=FALSE nrow=412 ncol=2 as.numeric=TRUE >
			900	748
			900	749
			901	749
			901	750
			902	750
			902	751
			902	752
			903	752
			903	753
			903	754
			904	754
			904	755
			905	756
			905	757
			906	758
			906	759
			907	760
			907	761
			908	762
			908	763
			909	764
			909	765
			909	766
			910	767
			910	768
			911	769
			911	770
			911	771
			912	772
			912	773
			913	774
			913	775
			913	776
			914	777
			914	778
			915	779
			915	780
			915	781
			915	782
			916	783
			916	784
			916	785
			917	785
			917	786
			917	787
			918	788
			918	789
			918	790
			919	791
			919	792
			919	793
			920	794
			920	795
			920	796
			920	797
			921	798
			921	799
			921	800
			922	801
			922	802
			922	803
			923	804
			923	805
			923	806
			923	807
			924	808
			924	809
			924	810
			925	811
			925	812
			925	813
			926	814
			926	815
			926	816
			926	817
			927	818
			927	819
			927	820
			927	821
			928	822
			928	823
			928	824
			928	825
			929	826
			929	827
			929	828
			930	829
			930	830
			930	831
			930	832
			931	833
			931	834
			931	835
			931	836
			932	837
			932	838
			932	839
			932	840
			933	841
			933	842
			933	843
			933	844
			934	845
			934	846
			934	847
			934	848
			935	849
			935	850
			935	851
			935	852
			936	853
			936	854
			936	855
			936	856
			936	857
			937	858
			937	859
			937	860
			937	861
			938	862
			938	863
			938	864
			938	865
			939	866
			939	867
			939	868
			939	869
			939	870
			940	871
			940	872
			940	873
			940	874
			941	875
			941	876
			941	877
			941	878
			941	879
			942	880
			942	881
			942	882
			942	883
			943	884
			943	885
			943	886
			943	887
			944	888
			944	889
			944	890
			944	891
			944	892
			944	893
			945	894
			945	895
			945	896
			945	897
			946	898
			946	899
			946	900
			946	901
			946	902
			947	903
			947	904
			947	905
			947	906
			947	907
			948	908
			948	909
			948	910
			948	911
			948	912
			949	913
			949	914
			949	915
			949	916
			949	917
			950	918
			950	919
			950	920
			950	921
			951	922
			951	923
			951	924
			951	925
			951	926
			951	927
			952	927
			952	928
			952	929
			952	930
			952	931
			953	932
			953	933
			953	934
			953	935
			953	936
			953	937
			954	938
			954	939
			954	940
			954	941
			954	942
			955	943
			955	944
			955	945
			955	946
			955	947
			955	948
			956	949
			956	950
			956	951
			956	952
			956	953
			957	954
			957	955
			957	956
			957	957
			957	958
			958	959
			958	960
			958	961
			958	962
			958	963
			959	964
			959	965
			959	966
			959	967
			959	968
			960	969
			960	970
			960	971
			960	972
			960	973
			960	974
			961	975
			961	976
			961	977
			961	978
			961	979
			962	979
			962	980
			962	981
			962	982
			962	983
			963	984
			963	985
			963	986
			963	987
			964	988
			964	989
			964	990
			964	991
			964	992
			965	993
			965	994
			965	995
			965	996
			965	997
			966	998
			966	999
			966	1000
			966	1001
			967	1002
			967	1003
			967	1004
			967	1005
			968	1006
			968	1007
			968	1008
			968	1009
			968	1010
			969	1011
			969	1012
			969	1013
			969	1014
			970	1015
			970	1016
			970	1017
			970	1018
			971	1019
			971	1020
			971	1021
			971	1022
			971	1023
			972	1024
			972	1025
			972	1026
			972	1027
			973	1028
			973	1029
			973	1030
			973	1031
			973	1032
			974	1033
			974	1034
			974	1035
			974	1036
			975	1037
			975	1038
			975	1039
			975	1040
			975	1041
			976	1042
			976	1043
			976	1044
			976	1045
			977	1046
			977	1047
			977	1048
			977	1049
			977	1050
			978	1051
			978	1052
			978	1053
			978	1054
			979	1055
			979	1056
			979	1057
			979	1058
			980	1059
			980	1060
			980	1061
			980	1062
			981	1063
			981	1064
			981	1065
			981	1066
			981	1067
			982	1068
			982	1069
			982	1070
			982	1071
			983	1072
			983	1073
			983	1074
			983	1075
			984	1076
			984	1077
			984	1078
			984	1079
			984	1080
			985	1080
			985	1081
			985	1082
			985	1083
			985	1084
			986	1085
			986	1086
			986	1087
			986	1088
			987	1089
			987	1090
			987	1091
			987	1092
			988	1093
			988	1094
			988	1095
			988	1096
			988	1097
			989	1098
			989	1099
			989	1100
			989	1101
			990	1102
			990	1103
			990	1104
			990	1105
			991	1106
			991	1107
			991	1108
			991	1109
			992	1110
			992	1111
			992	1112
			992	1113
			993	1114
			993	1115
			993	1116
			993	1117
			994	1118
			994	1119
			994	1120
			994	1121
			994	1122
			995	1123
			995	1124
			995	1125
			995	1126
			995	1127
			996	1128
			996	1129
			996	1130
			996	1131
			996	1132
			996	1133
			996	1134
			996	1135
			996	1136
			996	1137
			996	1138
			996	1139
			996	1140
			996	1141
			996	1142
			996	1143
			996	1144
			996	1145
			996	1146
			995	1147
			995	1148
			995	1149
			994	1149
			994	1150
		</curveLM07>
		<curveLM08 type=matrix rownames=FALSE colnames=FALSE nrow=67 ncol=2 as.numeric=TRUE >
			994	1150
			993	1150
			992	1150
			991	1150
			990	1150
			989	1150
			988	1149
			987	1149
			986	1148
			985	1148
			984	1147
			983	1146
			982	1146
			981	1145
			980	1145
			980	1144
			979	1143
			978	1143
			977	1142
			976	1141
			975	1140
			974	1139
			973	1138
			972	1137
			971	1136
			970	1136
			969	1135
			968	1134
			967	1133
			966	1132
			965	1131
			964	1130
			963	1129
			962	1128
			961	1127
			960	1126
			959	1126
			959	1125
			958	1124
			957	1123
			957	1122
			956	1121
			956	1120
			955	1119
			954	1118
			954	1117
			953	1116
			952	1115
			951	1114
			951	1113
			950	1112
			949	1111
			948	1110
			947	1109
			946	1108
			945	1108
			944	1107
			943	1107
			942	1107
			942	1106
			941	1106
			940	1106
			939	1106
			938	1106
			937	1106
			936	1106
			935	1106
		</curveLM08>
		<curveLM09 type=matrix rownames=FALSE colnames=FALSE nrow=96 ncol=2 as.numeric=TRUE >
			935	1106
			934	1107
			933	1108
			932	1109
			931	1110
			931	1111
			930	1112
			929	1113
			929	1114
			929	1115
			929	1116
			928	1116
			928	1117
			928	1118
			928	1119
			928	1120
			927	1121
			927	1122
			927	1123
			927	1124
			927	1125
			927	1126
			927	1127
			927	1128
			927	1129
			927	1130
			927	1131
			927	1132
			927	1133
			927	1134
			927	1135
			927	1136
			926	1137
			926	1138
			926	1139
			925	1140
			925	1141
			925	1142
			925	1143
			924	1144
			924	1145
			924	1146
			924	1147
			923	1148
			923	1149
			923	1150
			923	1151
			922	1152
			922	1153
			922	1154
			921	1155
			921	1156
			921	1157
			920	1158
			920	1159
			920	1160
			920	1161
			919	1162
			919	1163
			919	1164
			918	1165
			918	1166
			918	1167
			917	1168
			917	1169
			916	1170
			916	1171
			916	1172
			915	1173
			915	1174
			915	1175
			914	1176
			914	1177
			913	1178
			913	1179
			912	1180
			912	1181
			911	1182
			911	1183
			910	1184
			910	1185
			909	1186
			908	1187
			907	1188
			906	1189
			906	1190
			905	1191
			904	1191
			904	1192
			903	1192
			903	1193
			902	1193
			901	1193
			901	1194
			900	1194
			899	1194
		</curveLM09>
		<curveLM10 type=matrix rownames=FALSE colnames=FALSE nrow=97 ncol=2 as.numeric=TRUE >
			899	1194
			898	1194
			897	1194
			896	1194
			895	1193
			894	1193
			893	1192
			892	1191
			891	1190
			891	1189
			890	1188
			889	1187
			889	1186
			888	1185
			888	1184
			887	1183
			887	1182
			886	1181
			886	1180
			885	1179
			885	1178
			885	1177
			884	1177
			884	1176
			883	1175
			883	1174
			883	1173
			883	1172
			882	1171
			882	1170
			881	1169
			881	1168
			881	1167
			881	1166
			880	1166
			880	1165
			880	1164
			879	1163
			879	1162
			879	1161
			879	1160
			878	1159
			878	1158
			878	1157
			877	1156
			877	1155
			877	1154
			877	1153
			876	1152
			876	1151
			876	1150
			875	1149
			875	1148
			875	1147
			875	1146
			875	1145
			874	1144
			874	1143
			874	1142
			874	1141
			873	1140
			873	1139
			873	1138
			873	1137
			873	1136
			873	1135
			873	1134
			873	1133
			873	1132
			872	1131
			872	1130
			872	1129
			872	1128
			872	1127
			872	1126
			872	1125
			872	1124
			871	1124
			871	1123
			871	1122
			871	1121
			871	1120
			870	1119
			870	1118
			870	1117
			870	1116
			869	1116
			869	1115
			869	1114
			868	1114
			868	1113
			868	1112
			867	1111
			866	1110
			866	1109
			865	1108
			864	1107
		</curveLM10>
		<curveLM11 type=matrix rownames=FALSE colnames=FALSE nrow=79 ncol=2 as.numeric=TRUE >
			864	1107
			863	1107
			862	1107
			861	1106
			860	1106
			859	1107
			858	1107
			857	1107
			856	1107
			855	1108
			854	1109
			853	1109
			852	1110
			851	1111
			850	1112
			849	1113
			848	1114
			848	1115
			847	1116
			846	1117
			846	1118
			845	1119
			844	1120
			844	1121
			844	1122
			843	1123
			843	1124
			842	1124
			842	1125
			842	1126
			841	1127
			841	1128
			840	1129
			839	1130
			838	1131
			837	1132
			837	1133
			836	1134
			835	1134
			835	1135
			834	1136
			833	1136
			833	1137
			832	1138
			831	1139
			830	1140
			829	1141
			828	1142
			827	1143
			827	1144
			826	1144
			825	1145
			825	1146
			824	1146
			823	1147
			822	1148
			821	1149
			820	1150
			819	1151
			818	1152
			817	1153
			816	1154
			815	1154
			814	1155
			814	1156
			813	1156
			812	1157
			811	1158
			810	1159
			809	1159
			808	1160
			807	1160
			806	1161
			805	1161
			804	1161
			803	1162
			802	1162
			802	1161
			801	1161
		</curveLM11>
		<curveLM12 type=matrix rownames=FALSE colnames=FALSE nrow=421 ncol=2 as.numeric=TRUE >
			801	1161
			800	1160
			800	1159
			800	1158
			800	1157
			800	1156
			800	1155
			799	1154
			799	1153
			799	1152
			799	1151
			799	1150
			800	1149
			800	1148
			800	1147
			800	1146
			800	1145
			800	1144
			800	1143
			800	1142
			800	1141
			800	1140
			800	1139
			800	1138
			800	1137
			801	1136
			801	1135
			801	1134
			801	1133
			801	1132
			801	1131
			801	1130
			801	1129
			802	1128
			802	1127
			802	1126
			802	1125
			802	1124
			802	1123
			803	1122
			803	1121
			803	1120
			803	1119
			803	1118
			803	1117
			803	1116
			804	1115
			804	1114
			804	1113
			804	1112
			804	1111
			804	1110
			805	1109
			805	1108
			805	1107
			805	1106
			805	1105
			805	1104
			806	1103
			806	1102
			806	1101
			806	1100
			806	1099
			807	1098
			807	1097
			807	1096
			807	1095
			807	1094
			807	1093
			808	1092
			808	1091
			808	1090
			808	1089
			808	1088
			809	1087
			809	1086
			809	1085
			809	1084
			809	1083
			810	1082
			810	1081
			810	1080
			810	1079
			810	1078
			810	1077
			811	1076
			811	1075
			811	1074
			811	1073
			812	1072
			812	1071
			812	1070
			812	1069
			812	1068
			812	1067
			813	1066
			813	1065
			813	1064
			813	1063
			813	1062
			814	1062
			814	1061
			814	1060
			814	1059
			814	1058
			814	1057
			815	1056
			815	1055
			815	1054
			815	1053
			816	1052
			816	1051
			816	1050
			816	1049
			816	1048
			817	1047
			817	1046
			817	1045
			817	1044
			817	1043
			818	1042
			818	1041
			818	1040
			818	1039
			818	1038
			819	1037
			819	1036
			819	1035
			819	1034
			820	1033
			820	1032
			820	1031
			820	1030
			820	1029
			821	1028
			821	1027
			821	1026
			821	1025
			821	1024
			822	1023
			822	1022
			822	1021
			822	1020
			822	1019
			823	1018
			823	1017
			823	1016
			823	1015
			824	1014
			824	1013
			824	1012
			824	1011
			824	1010
			825	1009
			825	1008
			825	1007
			825	1006
			826	1005
			826	1004
			826	1003
			826	1002
			826	1001
			827	1000
			827	999
			827	998
			827	997
			828	996
			828	995
			828	994
			828	993
			828	992
			829	992
			829	991
			829	990
			829	989
			829	988
			830	987
			830	986
			830	985
			830	984
			831	983
			831	982
			831	981
			831	980
			831	979
			832	978
			832	977
			832	976
			832	975
			833	974
			833	973
			833	972
			833	971
			833	970
			834	969
			834	968
			834	967
			834	966
			835	965
			835	964
			835	963
			835	962
			835	961
			836	960
			836	959
			836	958
			836	957
			837	956
			837	955
			837	954
			837	953
			838	952
			838	951
			838	950
			838	949
			839	948
			839	947
			839	946
			839	945
			839	944
			840	943
			840	942
			840	941
			840	940
			840	939
			841	939
			841	938
			841	937
			841	936
			842	935
			842	934
			842	933
			842	932
			842	931
			843	930
			843	929
			843	928
			843	927
			844	926
			844	925
			844	924
			844	923
			844	922
			845	922
			845	921
			845	920
			845	919
			845	918
			846	917
			846	916
			846	915
			846	914
			847	913
			847	912
			847	911
			847	910
			848	909
			848	908
			848	907
			848	906
			848	905
			849	904
			849	903
			849	902
			849	901
			850	900
			850	899
			850	898
			850	897
			850	896
			851	895
			851	894
			851	893
			852	892
			852	891
			852	890
			852	889
			852	888
			853	887
			853	886
			853	885
			853	884
			854	883
			854	882
			854	881
			854	880
			855	879
			855	878
			855	877
			855	876
			856	875
			856	874
			856	873
			856	872
			857	871
			857	870
			857	869
			857	868
			858	867
			858	866
			858	865
			858	864
			859	863
			859	862
			859	861
			859	860
			860	860
			860	859
			860	858
			860	857
			860	856
			861	855
			861	854
			861	853
			862	852
			862	851
			862	850
			862	849
			863	848
			863	847
			863	846
			863	845
			864	844
			864	843
			864	842
			865	841
			865	840
			865	839
			865	838
			866	837
			866	836
			866	835
			866	834
			867	833
			867	832
			867	831
			867	830
			868	829
			868	828
			869	827
			869	826
			869	825
			869	824
			870	823
			870	822
			870	821
			871	820
			871	819
			871	818
			871	817
			872	816
			872	815
			872	814
			873	813
			873	812
			873	811
			873	810
			874	810
			874	809
			874	808
			875	807
			875	806
			875	805
			876	804
			876	803
			876	802
			877	801
			877	800
			877	799
			878	798
			878	797
			878	796
			878	795
			879	794
			879	793
			880	792
			880	791
			881	790
			881	789
			881	788
			881	787
			882	786
			882	785
			883	784
			883	783
			883	782
			884	781
			884	780
			885	779
			885	778
			885	777
			886	776
			886	775
			887	774
			887	773
			887	772
			888	771
			888	770
			889	769
			889	768
			890	767
			890	766
			891	765
			891	764
			891	763
			892	762
			892	761
			893	760
			894	759
			894	758
			895	757
			895	756
			896	755
			896	754
			897	753
			897	752
			898	752
			898	751
			899	750
			899	749
			900	748
		</curveLM12>
	</curves.pixel>
	<curves.scaled type=list>
		<curveLM07 type=matrix rownames=FALSE colnames=FALSE nrow=412 ncol=2 as.numeric=TRUE >
			7.69230769230769	-6.39316239316239
			7.69230769230769	-6.4017094017094
			7.7008547008547	-6.4017094017094
			7.7008547008547	-6.41025641025641
			7.70940170940171	-6.41025641025641
			7.70940170940171	-6.41880341880342
			7.70940170940171	-6.42735042735043
			7.71794871794872	-6.42735042735043
			7.71794871794872	-6.43589743589744
			7.71794871794872	-6.44444444444445
			7.72649572649573	-6.44444444444445
			7.72649572649573	-6.45299145299145
			7.73504273504274	-6.46153846153846
			7.73504273504274	-6.47008547008547
			7.74358974358974	-6.47863247863248
			7.74358974358974	-6.48717948717949
			7.75213675213675	-6.4957264957265
			7.75213675213675	-6.50427350427351
			7.76068376068376	-6.51282051282051
			7.76068376068376	-6.52136752136752
			7.76923076923077	-6.52991452991453
			7.76923076923077	-6.53846153846154
			7.76923076923077	-6.54700854700855
			7.77777777777778	-6.55555555555556
			7.77777777777778	-6.56410256410256
			7.78632478632479	-6.57264957264957
			7.78632478632479	-6.58119658119658
			7.78632478632479	-6.58974358974359
			7.7948717948718	-6.5982905982906
			7.7948717948718	-6.60683760683761
			7.8034188034188	-6.61538461538462
			7.8034188034188	-6.62393162393162
			7.8034188034188	-6.63247863247863
			7.81196581196581	-6.64102564102564
			7.81196581196581	-6.64957264957265
			7.82051282051282	-6.65811965811966
			7.82051282051282	-6.66666666666667
			7.82051282051282	-6.67521367521368
			7.82051282051282	-6.68376068376068
			7.82905982905983	-6.69230769230769
			7.82905982905983	-6.7008547008547
			7.82905982905983	-6.70940170940171
			7.83760683760684	-6.70940170940171
			7.83760683760684	-6.71794871794872
			7.83760683760684	-6.72649572649573
			7.84615384615385	-6.73504273504274
			7.84615384615385	-6.74358974358974
			7.84615384615385	-6.75213675213675
			7.85470085470086	-6.76068376068376
			7.85470085470086	-6.76923076923077
			7.85470085470086	-6.77777777777778
			7.86324786324786	-6.78632478632479
			7.86324786324786	-6.7948717948718
			7.86324786324786	-6.8034188034188
			7.86324786324786	-6.81196581196581
			7.87179487179487	-6.82051282051282
			7.87179487179487	-6.82905982905983
			7.87179487179487	-6.83760683760684
			7.88034188034188	-6.84615384615385
			7.88034188034188	-6.85470085470086
			7.88034188034188	-6.86324786324786
			7.88888888888889	-6.87179487179487
			7.88888888888889	-6.88034188034188
			7.88888888888889	-6.88888888888889
			7.88888888888889	-6.8974358974359
			7.8974358974359	-6.90598290598291
			7.8974358974359	-6.91452991452991
			7.8974358974359	-6.92307692307692
			7.90598290598291	-6.93162393162393
			7.90598290598291	-6.94017094017094
			7.90598290598291	-6.94871794871795
			7.91452991452992	-6.95726495726496
			7.91452991452992	-6.96581196581197
			7.91452991452992	-6.97435897435898
			7.91452991452992	-6.98290598290598
			7.92307692307692	-6.99145299145299
			7.92307692307692	-7
			7.92307692307692	-7.00854700854701
			7.92307692307692	-7.01709401709402
			7.93162393162393	-7.02564102564103
			7.93162393162393	-7.03418803418803
			7.93162393162393	-7.04273504273504
			7.93162393162393	-7.05128205128205
			7.94017094017094	-7.05982905982906
			7.94017094017094	-7.06837606837607
			7.94017094017094	-7.07692307692308
			7.94871794871795	-7.08547008547009
			7.94871794871795	-7.09401709401709
			7.94871794871795	-7.1025641025641
			7.94871794871795	-7.11111111111111
			7.95726495726496	-7.11965811965812
			7.95726495726496	-7.12820512820513
			7.95726495726496	-7.13675213675214
			7.95726495726496	-7.14529914529915
			7.96581196581197	-7.15384615384615
			7.96581196581197	-7.16239316239316
			7.96581196581197	-7.17094017094017
			7.96581196581197	-7.17948717948718
			7.97435897435898	-7.18803418803419
			7.97435897435898	-7.1965811965812
			7.97435897435898	-7.20512820512821
			7.97435897435898	-7.21367521367521
			7.98290598290598	-7.22222222222222
			7.98290598290598	-7.23076923076923
			7.98290598290598	-7.23931623931624
			7.98290598290598	-7.24786324786325
			7.99145299145299	-7.25641025641026
			7.99145299145299	-7.26495726495727
			7.99145299145299	-7.27350427350427
			7.99145299145299	-7.28205128205128
			8	-7.29059829059829
			8	-7.2991452991453
			8	-7.30769230769231
			8	-7.31623931623932
			8	-7.32478632478633
			8.00854700854701	-7.33333333333333
			8.00854700854701	-7.34188034188034
			8.00854700854701	-7.35042735042735
			8.00854700854701	-7.35897435897436
			8.01709401709402	-7.36752136752137
			8.01709401709402	-7.37606837606838
			8.01709401709402	-7.38461538461539
			8.01709401709402	-7.39316239316239
			8.02564102564103	-7.4017094017094
			8.02564102564103	-7.41025641025641
			8.02564102564103	-7.41880341880342
			8.02564102564103	-7.42735042735043
			8.02564102564103	-7.43589743589744
			8.03418803418804	-7.44444444444445
			8.03418803418804	-7.45299145299145
			8.03418803418804	-7.46153846153846
			8.03418803418804	-7.47008547008547
			8.04273504273504	-7.47863247863248
			8.04273504273504	-7.48717948717949
			8.04273504273504	-7.4957264957265
			8.04273504273504	-7.50427350427351
			8.04273504273504	-7.51282051282051
			8.05128205128205	-7.52136752136752
			8.05128205128205	-7.52991452991453
			8.05128205128205	-7.53846153846154
			8.05128205128205	-7.54700854700855
			8.05982905982906	-7.55555555555556
			8.05982905982906	-7.56410256410256
			8.05982905982906	-7.57264957264957
			8.05982905982906	-7.58119658119658
			8.06837606837607	-7.58974358974359
			8.06837606837607	-7.5982905982906
			8.06837606837607	-7.60683760683761
			8.06837606837607	-7.61538461538462
			8.06837606837607	-7.62393162393162
			8.06837606837607	-7.63247863247863
			8.07692307692308	-7.64102564102564
			8.07692307692308	-7.64957264957265
			8.07692307692308	-7.65811965811966
			8.07692307692308	-7.66666666666667
			8.08547008547009	-7.67521367521368
			8.08547008547009	-7.68376068376068
			8.08547008547009	-7.69230769230769
			8.08547008547009	-7.7008547008547
			8.08547008547009	-7.70940170940171
			8.0940170940171	-7.71794871794872
			8.0940170940171	-7.72649572649573
			8.0940170940171	-7.73504273504274
			8.0940170940171	-7.74358974358974
			8.0940170940171	-7.75213675213675
			8.1025641025641	-7.76068376068376
			8.1025641025641	-7.76923076923077
			8.1025641025641	-7.77777777777778
			8.1025641025641	-7.78632478632479
			8.1025641025641	-7.7948717948718
			8.11111111111111	-7.8034188034188
			8.11111111111111	-7.81196581196581
			8.11111111111111	-7.82051282051282
			8.11111111111111	-7.82905982905983
			8.11111111111111	-7.83760683760684
			8.11965811965812	-7.84615384615385
			8.11965811965812	-7.85470085470086
			8.11965811965812	-7.86324786324786
			8.11965811965812	-7.87179487179487
			8.12820512820513	-7.88034188034188
			8.12820512820513	-7.88888888888889
			8.12820512820513	-7.8974358974359
			8.12820512820513	-7.90598290598291
			8.12820512820513	-7.91452991452992
			8.12820512820513	-7.92307692307692
			8.13675213675214	-7.92307692307692
			8.13675213675214	-7.93162393162393
			8.13675213675214	-7.94017094017094
			8.13675213675214	-7.94871794871795
			8.13675213675214	-7.95726495726496
			8.14529914529915	-7.96581196581197
			8.14529914529915	-7.97435897435898
			8.14529914529915	-7.98290598290598
			8.14529914529915	-7.99145299145299
			8.14529914529915	-8
			8.14529914529915	-8.00854700854701
			8.15384615384616	-8.01709401709402
			8.15384615384616	-8.02564102564103
			8.15384615384616	-8.03418803418804
			8.15384615384616	-8.04273504273504
			8.15384615384616	-8.05128205128205
			8.16239316239316	-8.05982905982906
			8.16239316239316	-8.06837606837607
			8.16239316239316	-8.07692307692308
			8.16239316239316	-8.08547008547009
			8.16239316239316	-8.0940170940171
			8.16239316239316	-8.1025641025641
			8.17094017094017	-8.11111111111111
			8.17094017094017	-8.11965811965812
			8.17094017094017	-8.12820512820513
			8.17094017094017	-8.13675213675214
			8.17094017094017	-8.14529914529915
			8.17948717948718	-8.15384615384616
			8.17948717948718	-8.16239316239316
			8.17948717948718	-8.17094017094017
			8.17948717948718	-8.17948717948718
			8.17948717948718	-8.18803418803419
			8.18803418803419	-8.1965811965812
			8.18803418803419	-8.20512820512821
			8.18803418803419	-8.21367521367521
			8.18803418803419	-8.22222222222222
			8.18803418803419	-8.23076923076923
			8.1965811965812	-8.23931623931624
			8.1965811965812	-8.24786324786325
			8.1965811965812	-8.25641025641026
			8.1965811965812	-8.26495726495727
			8.1965811965812	-8.27350427350427
			8.20512820512821	-8.28205128205128
			8.20512820512821	-8.29059829059829
			8.20512820512821	-8.2991452991453
			8.20512820512821	-8.30769230769231
			8.20512820512821	-8.31623931623932
			8.20512820512821	-8.32478632478633
			8.21367521367521	-8.33333333333333
			8.21367521367521	-8.34188034188034
			8.21367521367521	-8.35042735042735
			8.21367521367521	-8.35897435897436
			8.21367521367521	-8.36752136752137
			8.22222222222222	-8.36752136752137
			8.22222222222222	-8.37606837606838
			8.22222222222222	-8.38461538461539
			8.22222222222222	-8.39316239316239
			8.22222222222222	-8.4017094017094
			8.23076923076923	-8.41025641025641
			8.23076923076923	-8.41880341880342
			8.23076923076923	-8.42735042735043
			8.23076923076923	-8.43589743589744
			8.23931623931624	-8.44444444444444
			8.23931623931624	-8.45299145299145
			8.23931623931624	-8.46153846153846
			8.23931623931624	-8.47008547008547
			8.23931623931624	-8.47863247863248
			8.24786324786325	-8.48717948717949
			8.24786324786325	-8.4957264957265
			8.24786324786325	-8.5042735042735
			8.24786324786325	-8.51282051282051
			8.24786324786325	-8.52136752136752
			8.25641025641026	-8.52991452991453
			8.25641025641026	-8.53846153846154
			8.25641025641026	-8.54700854700855
			8.25641025641026	-8.55555555555556
			8.26495726495727	-8.56410256410257
			8.26495726495727	-8.57264957264957
			8.26495726495727	-8.58119658119658
			8.26495726495727	-8.58974358974359
			8.27350427350427	-8.5982905982906
			8.27350427350427	-8.60683760683761
			8.27350427350427	-8.61538461538462
			8.27350427350427	-8.62393162393163
			8.27350427350427	-8.63247863247863
			8.28205128205128	-8.64102564102564
			8.28205128205128	-8.64957264957265
			8.28205128205128	-8.65811965811966
			8.28205128205128	-8.66666666666667
			8.29059829059829	-8.67521367521368
			8.29059829059829	-8.68376068376068
			8.29059829059829	-8.69230769230769
			8.29059829059829	-8.7008547008547
			8.2991452991453	-8.70940170940171
			8.2991452991453	-8.71794871794872
			8.2991452991453	-8.72649572649573
			8.2991452991453	-8.73504273504274
			8.2991452991453	-8.74358974358974
			8.30769230769231	-8.75213675213675
			8.30769230769231	-8.76068376068376
			8.30769230769231	-8.76923076923077
			8.30769230769231	-8.77777777777778
			8.31623931623932	-8.78632478632479
			8.31623931623932	-8.7948717948718
			8.31623931623932	-8.8034188034188
			8.31623931623932	-8.81196581196581
			8.31623931623932	-8.82051282051282
			8.32478632478633	-8.82905982905983
			8.32478632478633	-8.83760683760684
			8.32478632478633	-8.84615384615385
			8.32478632478633	-8.85470085470086
			8.33333333333333	-8.86324786324786
			8.33333333333333	-8.87179487179487
			8.33333333333333	-8.88034188034188
			8.33333333333333	-8.88888888888889
			8.33333333333333	-8.8974358974359
			8.34188034188034	-8.90598290598291
			8.34188034188034	-8.91452991452991
			8.34188034188034	-8.92307692307692
			8.34188034188034	-8.93162393162393
			8.35042735042735	-8.94017094017094
			8.35042735042735	-8.94871794871795
			8.35042735042735	-8.95726495726496
			8.35042735042735	-8.96581196581197
			8.35042735042735	-8.97435897435897
			8.35897435897436	-8.98290598290598
			8.35897435897436	-8.99145299145299
			8.35897435897436	-9
			8.35897435897436	-9.00854700854701
			8.36752136752137	-9.01709401709402
			8.36752136752137	-9.02564102564103
			8.36752136752137	-9.03418803418804
			8.36752136752137	-9.04273504273504
			8.37606837606838	-9.05128205128205
			8.37606837606838	-9.05982905982906
			8.37606837606838	-9.06837606837607
			8.37606837606838	-9.07692307692308
			8.38461538461539	-9.08547008547009
			8.38461538461539	-9.0940170940171
			8.38461538461539	-9.1025641025641
			8.38461538461539	-9.11111111111111
			8.38461538461539	-9.11965811965812
			8.39316239316239	-9.12820512820513
			8.39316239316239	-9.13675213675214
			8.39316239316239	-9.14529914529915
			8.39316239316239	-9.15384615384616
			8.4017094017094	-9.16239316239316
			8.4017094017094	-9.17094017094017
			8.4017094017094	-9.17948717948718
			8.4017094017094	-9.18803418803419
			8.41025641025641	-9.1965811965812
			8.41025641025641	-9.20512820512821
			8.41025641025641	-9.21367521367521
			8.41025641025641	-9.22222222222222
			8.41025641025641	-9.23076923076923
			8.41880341880342	-9.23076923076923
			8.41880341880342	-9.23931623931624
			8.41880341880342	-9.24786324786325
			8.41880341880342	-9.25641025641026
			8.41880341880342	-9.26495726495727
			8.42735042735043	-9.27350427350427
			8.42735042735043	-9.28205128205128
			8.42735042735043	-9.29059829059829
			8.42735042735043	-9.2991452991453
			8.43589743589744	-9.30769230769231
			8.43589743589744	-9.31623931623932
			8.43589743589744	-9.32478632478633
			8.43589743589744	-9.33333333333333
			8.44444444444444	-9.34188034188034
			8.44444444444444	-9.35042735042735
			8.44444444444444	-9.35897435897436
			8.44444444444444	-9.36752136752137
			8.44444444444444	-9.37606837606838
			8.45299145299145	-9.38461538461539
			8.45299145299145	-9.39316239316239
			8.45299145299145	-9.4017094017094
			8.45299145299145	-9.41025641025641
			8.46153846153846	-9.41880341880342
			8.46153846153846	-9.42735042735043
			8.46153846153846	-9.43589743589744
			8.46153846153846	-9.44444444444444
			8.47008547008547	-9.45299145299145
			8.47008547008547	-9.46153846153846
			8.47008547008547	-9.47008547008547
			8.47008547008547	-9.47863247863248
			8.47863247863248	-9.48717948717949
			8.47863247863248	-9.4957264957265
			8.47863247863248	-9.50427350427351
			8.47863247863248	-9.51282051282051
			8.48717948717949	-9.52136752136752
			8.48717948717949	-9.52991452991453
			8.48717948717949	-9.53846153846154
			8.48717948717949	-9.54700854700855
			8.4957264957265	-9.55555555555556
			8.4957264957265	-9.56410256410257
			8.4957264957265	-9.57264957264957
			8.4957264957265	-9.58119658119658
			8.4957264957265	-9.58974358974359
			8.5042735042735	-9.5982905982906
			8.5042735042735	-9.60683760683761
			8.5042735042735	-9.61538461538462
			8.5042735042735	-9.62393162393163
			8.5042735042735	-9.63247863247863
			8.51282051282051	-9.64102564102564
			8.51282051282051	-9.64957264957265
			8.51282051282051	-9.65811965811966
			8.51282051282051	-9.66666666666667
			8.51282051282051	-9.67521367521368
			8.51282051282051	-9.68376068376068
			8.51282051282051	-9.69230769230769
			8.51282051282051	-9.7008547008547
			8.51282051282051	-9.70940170940171
			8.51282051282051	-9.71794871794872
			8.51282051282051	-9.72649572649573
			8.51282051282051	-9.73504273504274
			8.51282051282051	-9.74358974358974
			8.51282051282051	-9.75213675213675
			8.51282051282051	-9.76068376068376
			8.51282051282051	-9.76923076923077
			8.51282051282051	-9.77777777777778
			8.51282051282051	-9.78632478632479
			8.51282051282051	-9.7948717948718
			8.5042735042735	-9.8034188034188
			8.5042735042735	-9.81196581196581
			8.5042735042735	-9.82051282051282
			8.4957264957265	-9.82051282051282
			8.4957264957265	-9.82905982905983
		</curveLM07>
		<curveLM08 type=matrix rownames=FALSE colnames=FALSE nrow=67 ncol=2 as.numeric=TRUE >
			8.4957264957265	-9.82905982905983
			8.48717948717949	-9.82905982905983
			8.47863247863248	-9.82905982905983
			8.47008547008547	-9.82905982905983
			8.46153846153846	-9.82905982905983
			8.45299145299145	-9.82905982905983
			8.44444444444444	-9.82051282051282
			8.43589743589744	-9.82051282051282
			8.42735042735043	-9.81196581196581
			8.41880341880342	-9.81196581196581
			8.41025641025641	-9.8034188034188
			8.4017094017094	-9.7948717948718
			8.39316239316239	-9.7948717948718
			8.38461538461539	-9.78632478632479
			8.37606837606838	-9.78632478632479
			8.37606837606838	-9.77777777777778
			8.36752136752137	-9.76923076923077
			8.35897435897436	-9.76923076923077
			8.35042735042735	-9.76068376068376
			8.34188034188034	-9.75213675213675
			8.33333333333333	-9.74358974358974
			8.32478632478633	-9.73504273504274
			8.31623931623932	-9.72649572649573
			8.30769230769231	-9.71794871794872
			8.2991452991453	-9.70940170940171
			8.29059829059829	-9.70940170940171
			8.28205128205128	-9.7008547008547
			8.27350427350427	-9.69230769230769
			8.26495726495727	-9.68376068376068
			8.25641025641026	-9.67521367521368
			8.24786324786325	-9.66666666666667
			8.23931623931624	-9.65811965811966
			8.23076923076923	-9.64957264957265
			8.22222222222222	-9.64102564102564
			8.21367521367521	-9.63247863247863
			8.20512820512821	-9.62393162393163
			8.1965811965812	-9.62393162393163
			8.1965811965812	-9.61538461538462
			8.18803418803419	-9.60683760683761
			8.17948717948718	-9.5982905982906
			8.17948717948718	-9.58974358974359
			8.17094017094017	-9.58119658119658
			8.17094017094017	-9.57264957264957
			8.16239316239316	-9.56410256410257
			8.15384615384616	-9.55555555555556
			8.15384615384616	-9.54700854700855
			8.14529914529915	-9.53846153846154
			8.13675213675214	-9.52991452991453
			8.12820512820513	-9.52136752136752
			8.12820512820513	-9.51282051282051
			8.11965811965812	-9.50427350427351
			8.11111111111111	-9.4957264957265
			8.1025641025641	-9.48717948717949
			8.0940170940171	-9.47863247863248
			8.08547008547009	-9.47008547008547
			8.07692307692308	-9.47008547008547
			8.06837606837607	-9.46153846153846
			8.05982905982906	-9.46153846153846
			8.05128205128205	-9.46153846153846
			8.05128205128205	-9.45299145299145
			8.04273504273504	-9.45299145299145
			8.03418803418804	-9.45299145299145
			8.02564102564103	-9.45299145299145
			8.01709401709402	-9.45299145299145
			8.00854700854701	-9.45299145299145
			8	-9.45299145299145
			7.99145299145299	-9.45299145299145
		</curveLM08>
		<curveLM09 type=matrix rownames=FALSE colnames=FALSE nrow=96 ncol=2 as.numeric=TRUE >
			7.99145299145299	-9.45299145299145
			7.98290598290598	-9.46153846153846
			7.97435897435898	-9.47008547008547
			7.96581196581197	-9.47863247863248
			7.95726495726496	-9.48717948717949
			7.95726495726496	-9.4957264957265
			7.94871794871795	-9.50427350427351
			7.94017094017094	-9.51282051282051
			7.94017094017094	-9.52136752136752
			7.94017094017094	-9.52991452991453
			7.94017094017094	-9.53846153846154
			7.93162393162393	-9.53846153846154
			7.93162393162393	-9.54700854700855
			7.93162393162393	-9.55555555555556
			7.93162393162393	-9.56410256410257
			7.93162393162393	-9.57264957264957
			7.92307692307692	-9.58119658119658
			7.92307692307692	-9.58974358974359
			7.92307692307692	-9.5982905982906
			7.92307692307692	-9.60683760683761
			7.92307692307692	-9.61538461538462
			7.92307692307692	-9.62393162393163
			7.92307692307692	-9.63247863247863
			7.92307692307692	-9.64102564102564
			7.92307692307692	-9.64957264957265
			7.92307692307692	-9.65811965811966
			7.92307692307692	-9.66666666666667
			7.92307692307692	-9.67521367521368
			7.92307692307692	-9.68376068376068
			7.92307692307692	-9.69230769230769
			7.92307692307692	-9.7008547008547
			7.92307692307692	-9.70940170940171
			7.91452991452992	-9.71794871794872
			7.91452991452992	-9.72649572649573
			7.91452991452992	-9.73504273504274
			7.90598290598291	-9.74358974358974
			7.90598290598291	-9.75213675213675
			7.90598290598291	-9.76068376068376
			7.90598290598291	-9.76923076923077
			7.8974358974359	-9.77777777777778
			7.8974358974359	-9.78632478632479
			7.8974358974359	-9.7948717948718
			7.8974358974359	-9.8034188034188
			7.88888888888889	-9.81196581196581
			7.88888888888889	-9.82051282051282
			7.88888888888889	-9.82905982905983
			7.88888888888889	-9.83760683760684
			7.88034188034188	-9.84615384615385
			7.88034188034188	-9.85470085470086
			7.88034188034188	-9.86324786324786
			7.87179487179487	-9.87179487179487
			7.87179487179487	-9.88034188034188
			7.87179487179487	-9.88888888888889
			7.86324786324786	-9.8974358974359
			7.86324786324786	-9.90598290598291
			7.86324786324786	-9.91452991452991
			7.86324786324786	-9.92307692307692
			7.85470085470086	-9.93162393162393
			7.85470085470086	-9.94017094017094
			7.85470085470086	-9.94871794871795
			7.84615384615385	-9.95726495726496
			7.84615384615385	-9.96581196581197
			7.84615384615385	-9.97435897435898
			7.83760683760684	-9.98290598290598
			7.83760683760684	-9.99145299145299
			7.82905982905983	-10
			7.82905982905983	-10.008547008547
			7.82905982905983	-10.017094017094
			7.82051282051282	-10.025641025641
			7.82051282051282	-10.034188034188
			7.82051282051282	-10.042735042735
			7.81196581196581	-10.0512820512821
			7.81196581196581	-10.0598290598291
			7.8034188034188	-10.0683760683761
			7.8034188034188	-10.0769230769231
			7.7948717948718	-10.0854700854701
			7.7948717948718	-10.0940170940171
			7.78632478632479	-10.1025641025641
			7.78632478632479	-10.1111111111111
			7.77777777777778	-10.1196581196581
			7.77777777777778	-10.1282051282051
			7.76923076923077	-10.1367521367521
			7.76068376068376	-10.1452991452991
			7.75213675213675	-10.1538461538462
			7.74358974358974	-10.1623931623932
			7.74358974358974	-10.1709401709402
			7.73504273504274	-10.1794871794872
			7.72649572649573	-10.1794871794872
			7.72649572649573	-10.1880341880342
			7.71794871794872	-10.1880341880342
			7.71794871794872	-10.1965811965812
			7.70940170940171	-10.1965811965812
			7.7008547008547	-10.1965811965812
			7.7008547008547	-10.2051282051282
			7.69230769230769	-10.2051282051282
			7.68376068376068	-10.2051282051282
		</curveLM09>
		<curveLM10 type=matrix rownames=FALSE colnames=FALSE nrow=97 ncol=2 as.numeric=TRUE >
			7.68376068376068	-10.2051282051282
			7.67521367521368	-10.2051282051282
			7.66666666666667	-10.2051282051282
			7.65811965811966	-10.2051282051282
			7.64957264957265	-10.1965811965812
			7.64102564102564	-10.1965811965812
			7.63247863247863	-10.1880341880342
			7.62393162393162	-10.1794871794872
			7.61538461538462	-10.1709401709402
			7.61538461538462	-10.1623931623932
			7.60683760683761	-10.1538461538462
			7.5982905982906	-10.1452991452991
			7.5982905982906	-10.1367521367521
			7.58974358974359	-10.1282051282051
			7.58974358974359	-10.1196581196581
			7.58119658119658	-10.1111111111111
			7.58119658119658	-10.1025641025641
			7.57264957264957	-10.0940170940171
			7.57264957264957	-10.0854700854701
			7.56410256410256	-10.0769230769231
			7.56410256410256	-10.0683760683761
			7.56410256410256	-10.0598290598291
			7.55555555555556	-10.0598290598291
			7.55555555555556	-10.0512820512821
			7.54700854700855	-10.042735042735
			7.54700854700855	-10.034188034188
			7.54700854700855	-10.025641025641
			7.54700854700855	-10.017094017094
			7.53846153846154	-10.008547008547
			7.53846153846154	-10
			7.52991452991453	-9.99145299145299
			7.52991452991453	-9.98290598290598
			7.52991452991453	-9.97435897435898
			7.52991452991453	-9.96581196581197
			7.52136752136752	-9.96581196581197
			7.52136752136752	-9.95726495726496
			7.52136752136752	-9.94871794871795
			7.51282051282051	-9.94017094017094
			7.51282051282051	-9.93162393162393
			7.51282051282051	-9.92307692307692
			7.51282051282051	-9.91452991452991
			7.50427350427351	-9.90598290598291
			7.50427350427351	-9.8974358974359
			7.50427350427351	-9.88888888888889
			7.4957264957265	-9.88034188034188
			7.4957264957265	-9.87179487179487
			7.4957264957265	-9.86324786324786
			7.4957264957265	-9.85470085470086
			7.48717948717949	-9.84615384615385
			7.48717948717949	-9.83760683760684
			7.48717948717949	-9.82905982905983
			7.47863247863248	-9.82051282051282
			7.47863247863248	-9.81196581196581
			7.47863247863248	-9.8034188034188
			7.47863247863248	-9.7948717948718
			7.47863247863248	-9.78632478632479
			7.47008547008547	-9.77777777777778
			7.47008547008547	-9.76923076923077
			7.47008547008547	-9.76068376068376
			7.47008547008547	-9.75213675213675
			7.46153846153846	-9.74358974358974
			7.46153846153846	-9.73504273504274
			7.46153846153846	-9.72649572649573
			7.46153846153846	-9.71794871794872
			7.46153846153846	-9.70940170940171
			7.46153846153846	-9.7008547008547
			7.46153846153846	-9.69230769230769
			7.46153846153846	-9.68376068376068
			7.46153846153846	-9.67521367521368
			7.45299145299145	-9.66666666666667
			7.45299145299145	-9.65811965811966
			7.45299145299145	-9.64957264957265
			7.45299145299145	-9.64102564102564
			7.45299145299145	-9.63247863247863
			7.45299145299145	-9.62393162393163
			7.45299145299145	-9.61538461538462
			7.45299145299145	-9.60683760683761
			7.44444444444445	-9.60683760683761
			7.44444444444445	-9.5982905982906
			7.44444444444445	-9.58974358974359
			7.44444444444445	-9.58119658119658
			7.44444444444445	-9.57264957264957
			7.43589743589744	-9.56410256410257
			7.43589743589744	-9.55555555555556
			7.43589743589744	-9.54700854700855
			7.43589743589744	-9.53846153846154
			7.42735042735043	-9.53846153846154
			7.42735042735043	-9.52991452991453
			7.42735042735043	-9.52136752136752
			7.41880341880342	-9.52136752136752
			7.41880341880342	-9.51282051282051
			7.41880341880342	-9.50427350427351
			7.41025641025641	-9.4957264957265
			7.4017094017094	-9.48717948717949
			7.4017094017094	-9.47863247863248
			7.39316239316239	-9.47008547008547
			7.38461538461539	-9.46153846153846
		</curveLM10>
		<curveLM11 type=matrix rownames=FALSE colnames=FALSE nrow=79 ncol=2 as.numeric=TRUE >
			7.38461538461539	-9.46153846153846
			7.37606837606838	-9.46153846153846
			7.36752136752137	-9.46153846153846
			7.35897435897436	-9.45299145299145
			7.35042735042735	-9.45299145299145
			7.34188034188034	-9.46153846153846
			7.33333333333333	-9.46153846153846
			7.32478632478633	-9.46153846153846
			7.31623931623932	-9.46153846153846
			7.30769230769231	-9.47008547008547
			7.2991452991453	-9.47863247863248
			7.29059829059829	-9.47863247863248
			7.28205128205128	-9.48717948717949
			7.27350427350427	-9.4957264957265
			7.26495726495727	-9.50427350427351
			7.25641025641026	-9.51282051282051
			7.24786324786325	-9.52136752136752
			7.24786324786325	-9.52991452991453
			7.23931623931624	-9.53846153846154
			7.23076923076923	-9.54700854700855
			7.23076923076923	-9.55555555555556
			7.22222222222222	-9.56410256410257
			7.21367521367521	-9.57264957264957
			7.21367521367521	-9.58119658119658
			7.21367521367521	-9.58974358974359
			7.20512820512821	-9.5982905982906
			7.20512820512821	-9.60683760683761
			7.1965811965812	-9.60683760683761
			7.1965811965812	-9.61538461538462
			7.1965811965812	-9.62393162393163
			7.18803418803419	-9.63247863247863
			7.18803418803419	-9.64102564102564
			7.17948717948718	-9.64957264957265
			7.17094017094017	-9.65811965811966
			7.16239316239316	-9.66666666666667
			7.15384615384615	-9.67521367521368
			7.15384615384615	-9.68376068376068
			7.14529914529915	-9.69230769230769
			7.13675213675214	-9.69230769230769
			7.13675213675214	-9.7008547008547
			7.12820512820513	-9.70940170940171
			7.11965811965812	-9.70940170940171
			7.11965811965812	-9.71794871794872
			7.11111111111111	-9.72649572649573
			7.1025641025641	-9.73504273504274
			7.09401709401709	-9.74358974358974
			7.08547008547009	-9.75213675213675
			7.07692307692308	-9.76068376068376
			7.06837606837607	-9.76923076923077
			7.06837606837607	-9.77777777777778
			7.05982905982906	-9.77777777777778
			7.05128205128205	-9.78632478632479
			7.05128205128205	-9.7948717948718
			7.04273504273504	-9.7948717948718
			7.03418803418803	-9.8034188034188
			7.02564102564103	-9.81196581196581
			7.01709401709402	-9.82051282051282
			7.00854700854701	-9.82905982905983
			7	-9.83760683760684
			6.99145299145299	-9.84615384615385
			6.98290598290598	-9.85470085470086
			6.97435897435898	-9.86324786324786
			6.96581196581197	-9.86324786324786
			6.95726495726496	-9.87179487179487
			6.95726495726496	-9.88034188034188
			6.94871794871795	-9.88034188034188
			6.94017094017094	-9.88888888888889
			6.93162393162393	-9.8974358974359
			6.92307692307692	-9.90598290598291
			6.91452991452991	-9.90598290598291
			6.90598290598291	-9.91452991452991
			6.8974358974359	-9.91452991452991
			6.88888888888889	-9.92307692307692
			6.88034188034188	-9.92307692307692
			6.87179487179487	-9.92307692307692
			6.86324786324786	-9.93162393162393
			6.85470085470086	-9.93162393162393
			6.85470085470086	-9.92307692307692
			6.84615384615385	-9.92307692307692
		</curveLM11>
		<curveLM12 type=matrix rownames=FALSE colnames=FALSE nrow=421 ncol=2 as.numeric=TRUE >
			6.84615384615385	-9.92307692307692
			6.83760683760684	-9.91452991452991
			6.83760683760684	-9.90598290598291
			6.83760683760684	-9.8974358974359
			6.83760683760684	-9.88888888888889
			6.83760683760684	-9.88034188034188
			6.83760683760684	-9.87179487179487
			6.82905982905983	-9.86324786324786
			6.82905982905983	-9.85470085470086
			6.82905982905983	-9.84615384615385
			6.82905982905983	-9.83760683760684
			6.82905982905983	-9.82905982905983
			6.83760683760684	-9.82051282051282
			6.83760683760684	-9.81196581196581
			6.83760683760684	-9.8034188034188
			6.83760683760684	-9.7948717948718
			6.83760683760684	-9.78632478632479
			6.83760683760684	-9.77777777777778
			6.83760683760684	-9.76923076923077
			6.83760683760684	-9.76068376068376
			6.83760683760684	-9.75213675213675
			6.83760683760684	-9.74358974358974
			6.83760683760684	-9.73504273504274
			6.83760683760684	-9.72649572649573
			6.83760683760684	-9.71794871794872
			6.84615384615385	-9.70940170940171
			6.84615384615385	-9.7008547008547
			6.84615384615385	-9.69230769230769
			6.84615384615385	-9.68376068376068
			6.84615384615385	-9.67521367521368
			6.84615384615385	-9.66666666666667
			6.84615384615385	-9.65811965811966
			6.84615384615385	-9.64957264957265
			6.85470085470086	-9.64102564102564
			6.85470085470086	-9.63247863247863
			6.85470085470086	-9.62393162393163
			6.85470085470086	-9.61538461538462
			6.85470085470086	-9.60683760683761
			6.85470085470086	-9.5982905982906
			6.86324786324786	-9.58974358974359
			6.86324786324786	-9.58119658119658
			6.86324786324786	-9.57264957264957
			6.86324786324786	-9.56410256410257
			6.86324786324786	-9.55555555555556
			6.86324786324786	-9.54700854700855
			6.86324786324786	-9.53846153846154
			6.87179487179487	-9.52991452991453
			6.87179487179487	-9.52136752136752
			6.87179487179487	-9.51282051282051
			6.87179487179487	-9.50427350427351
			6.87179487179487	-9.4957264957265
			6.87179487179487	-9.48717948717949
			6.88034188034188	-9.47863247863248
			6.88034188034188	-9.47008547008547
			6.88034188034188	-9.46153846153846
			6.88034188034188	-9.45299145299145
			6.88034188034188	-9.44444444444444
			6.88034188034188	-9.43589743589744
			6.88888888888889	-9.42735042735043
			6.88888888888889	-9.41880341880342
			6.88888888888889	-9.41025641025641
			6.88888888888889	-9.4017094017094
			6.88888888888889	-9.39316239316239
			6.8974358974359	-9.38461538461539
			6.8974358974359	-9.37606837606838
			6.8974358974359	-9.36752136752137
			6.8974358974359	-9.35897435897436
			6.8974358974359	-9.35042735042735
			6.8974358974359	-9.34188034188034
			6.90598290598291	-9.33333333333333
			6.90598290598291	-9.32478632478633
			6.90598290598291	-9.31623931623932
			6.90598290598291	-9.30769230769231
			6.90598290598291	-9.2991452991453
			6.91452991452991	-9.29059829059829
			6.91452991452991	-9.28205128205128
			6.91452991452991	-9.27350427350427
			6.91452991452991	-9.26495726495727
			6.91452991452991	-9.25641025641026
			6.92307692307692	-9.24786324786325
			6.92307692307692	-9.23931623931624
			6.92307692307692	-9.23076923076923
			6.92307692307692	-9.22222222222222
			6.92307692307692	-9.21367521367521
			6.92307692307692	-9.20512820512821
			6.93162393162393	-9.1965811965812
			6.93162393162393	-9.18803418803419
			6.93162393162393	-9.17948717948718
			6.93162393162393	-9.17094017094017
			6.94017094017094	-9.16239316239316
			6.94017094017094	-9.15384615384616
			6.94017094017094	-9.14529914529915
			6.94017094017094	-9.13675213675214
			6.94017094017094	-9.12820512820513
			6.94017094017094	-9.11965811965812
			6.94871794871795	-9.11111111111111
			6.94871794871795	-9.1025641025641
			6.94871794871795	-9.0940170940171
			6.94871794871795	-9.08547008547009
			6.94871794871795	-9.07692307692308
			6.95726495726496	-9.07692307692308
			6.95726495726496	-9.06837606837607
			6.95726495726496	-9.05982905982906
			6.95726495726496	-9.05128205128205
			6.95726495726496	-9.04273504273504
			6.95726495726496	-9.03418803418804
			6.96581196581197	-9.02564102564103
			6.96581196581197	-9.01709401709402
			6.96581196581197	-9.00854700854701
			6.96581196581197	-9
			6.97435897435898	-8.99145299145299
			6.97435897435898	-8.98290598290598
			6.97435897435898	-8.97435897435897
			6.97435897435898	-8.96581196581197
			6.97435897435898	-8.95726495726496
			6.98290598290598	-8.94871794871795
			6.98290598290598	-8.94017094017094
			6.98290598290598	-8.93162393162393
			6.98290598290598	-8.92307692307692
			6.98290598290598	-8.91452991452991
			6.99145299145299	-8.90598290598291
			6.99145299145299	-8.8974358974359
			6.99145299145299	-8.88888888888889
			6.99145299145299	-8.88034188034188
			6.99145299145299	-8.87179487179487
			7	-8.86324786324786
			7	-8.85470085470086
			7	-8.84615384615385
			7	-8.83760683760684
			7.00854700854701	-8.82905982905983
			7.00854700854701	-8.82051282051282
			7.00854700854701	-8.81196581196581
			7.00854700854701	-8.8034188034188
			7.00854700854701	-8.7948717948718
			7.01709401709402	-8.78632478632479
			7.01709401709402	-8.77777777777778
			7.01709401709402	-8.76923076923077
			7.01709401709402	-8.76068376068376
			7.01709401709402	-8.75213675213675
			7.02564102564103	-8.74358974358974
			7.02564102564103	-8.73504273504274
			7.02564102564103	-8.72649572649573
			7.02564102564103	-8.71794871794872
			7.02564102564103	-8.70940170940171
			7.03418803418803	-8.7008547008547
			7.03418803418803	-8.69230769230769
			7.03418803418803	-8.68376068376068
			7.03418803418803	-8.67521367521368
			7.04273504273504	-8.66666666666667
			7.04273504273504	-8.65811965811966
			7.04273504273504	-8.64957264957265
			7.04273504273504	-8.64102564102564
			7.04273504273504	-8.63247863247863
			7.05128205128205	-8.62393162393163
			7.05128205128205	-8.61538461538462
			7.05128205128205	-8.60683760683761
			7.05128205128205	-8.5982905982906
			7.05982905982906	-8.58974358974359
			7.05982905982906	-8.58119658119658
			7.05982905982906	-8.57264957264957
			7.05982905982906	-8.56410256410257
			7.05982905982906	-8.55555555555556
			7.06837606837607	-8.54700854700855
			7.06837606837607	-8.53846153846154
			7.06837606837607	-8.52991452991453
			7.06837606837607	-8.52136752136752
			7.07692307692308	-8.51282051282051
			7.07692307692308	-8.5042735042735
			7.07692307692308	-8.4957264957265
			7.07692307692308	-8.48717948717949
			7.07692307692308	-8.47863247863248
			7.08547008547009	-8.47863247863248
			7.08547008547009	-8.47008547008547
			7.08547008547009	-8.46153846153846
			7.08547008547009	-8.45299145299145
			7.08547008547009	-8.44444444444444
			7.09401709401709	-8.43589743589744
			7.09401709401709	-8.42735042735043
			7.09401709401709	-8.41880341880342
			7.09401709401709	-8.41025641025641
			7.1025641025641	-8.4017094017094
			7.1025641025641	-8.39316239316239
			7.1025641025641	-8.38461538461539
			7.1025641025641	-8.37606837606838
			7.1025641025641	-8.36752136752137
			7.11111111111111	-8.35897435897436
			7.11111111111111	-8.35042735042735
			7.11111111111111	-8.34188034188034
			7.11111111111111	-8.33333333333333
			7.11965811965812	-8.32478632478633
			7.11965811965812	-8.31623931623932
			7.11965811965812	-8.30769230769231
			7.11965811965812	-8.2991452991453
			7.11965811965812	-8.29059829059829
			7.12820512820513	-8.28205128205128
			7.12820512820513	-8.27350427350427
			7.12820512820513	-8.26495726495727
			7.12820512820513	-8.25641025641026
			7.13675213675214	-8.24786324786325
			7.13675213675214	-8.23931623931624
			7.13675213675214	-8.23076923076923
			7.13675213675214	-8.22222222222222
			7.13675213675214	-8.21367521367521
			7.14529914529915	-8.20512820512821
			7.14529914529915	-8.1965811965812
			7.14529914529915	-8.18803418803419
			7.14529914529915	-8.17948717948718
			7.15384615384615	-8.17094017094017
			7.15384615384615	-8.16239316239316
			7.15384615384615	-8.15384615384616
			7.15384615384615	-8.14529914529915
			7.16239316239316	-8.13675213675214
			7.16239316239316	-8.12820512820513
			7.16239316239316	-8.11965811965812
			7.16239316239316	-8.11111111111111
			7.17094017094017	-8.1025641025641
			7.17094017094017	-8.0940170940171
			7.17094017094017	-8.08547008547009
			7.17094017094017	-8.07692307692308
			7.17094017094017	-8.06837606837607
			7.17948717948718	-8.05982905982906
			7.17948717948718	-8.05128205128205
			7.17948717948718	-8.04273504273504
			7.17948717948718	-8.03418803418804
			7.17948717948718	-8.02564102564103
			7.18803418803419	-8.02564102564103
			7.18803418803419	-8.01709401709402
			7.18803418803419	-8.00854700854701
			7.18803418803419	-8
			7.1965811965812	-7.99145299145299
			7.1965811965812	-7.98290598290598
			7.1965811965812	-7.97435897435898
			7.1965811965812	-7.96581196581197
			7.1965811965812	-7.95726495726496
			7.20512820512821	-7.94871794871795
			7.20512820512821	-7.94017094017094
			7.20512820512821	-7.93162393162393
			7.20512820512821	-7.92307692307692
			7.21367521367521	-7.91452991452992
			7.21367521367521	-7.90598290598291
			7.21367521367521	-7.8974358974359
			7.21367521367521	-7.88888888888889
			7.21367521367521	-7.88034188034188
			7.22222222222222	-7.88034188034188
			7.22222222222222	-7.87179487179487
			7.22222222222222	-7.86324786324786
			7.22222222222222	-7.85470085470086
			7.22222222222222	-7.84615384615385
			7.23076923076923	-7.83760683760684
			7.23076923076923	-7.82905982905983
			7.23076923076923	-7.82051282051282
			7.23076923076923	-7.81196581196581
			7.23931623931624	-7.8034188034188
			7.23931623931624	-7.7948717948718
			7.23931623931624	-7.78632478632479
			7.23931623931624	-7.77777777777778
			7.24786324786325	-7.76923076923077
			7.24786324786325	-7.76068376068376
			7.24786324786325	-7.75213675213675
			7.24786324786325	-7.74358974358974
			7.24786324786325	-7.73504273504274
			7.25641025641026	-7.72649572649573
			7.25641025641026	-7.71794871794872
			7.25641025641026	-7.70940170940171
			7.25641025641026	-7.7008547008547
			7.26495726495727	-7.69230769230769
			7.26495726495727	-7.68376068376068
			7.26495726495727	-7.67521367521368
			7.26495726495727	-7.66666666666667
			7.26495726495727	-7.65811965811966
			7.27350427350427	-7.64957264957265
			7.27350427350427	-7.64102564102564
			7.27350427350427	-7.63247863247863
			7.28205128205128	-7.62393162393162
			7.28205128205128	-7.61538461538462
			7.28205128205128	-7.60683760683761
			7.28205128205128	-7.5982905982906
			7.28205128205128	-7.58974358974359
			7.29059829059829	-7.58119658119658
			7.29059829059829	-7.57264957264957
			7.29059829059829	-7.56410256410256
			7.29059829059829	-7.55555555555556
			7.2991452991453	-7.54700854700855
			7.2991452991453	-7.53846153846154
			7.2991452991453	-7.52991452991453
			7.2991452991453	-7.52136752136752
			7.30769230769231	-7.51282051282051
			7.30769230769231	-7.50427350427351
			7.30769230769231	-7.4957264957265
			7.30769230769231	-7.48717948717949
			7.31623931623932	-7.47863247863248
			7.31623931623932	-7.47008547008547
			7.31623931623932	-7.46153846153846
			7.31623931623932	-7.45299145299145
			7.32478632478633	-7.44444444444445
			7.32478632478633	-7.43589743589744
			7.32478632478633	-7.42735042735043
			7.32478632478633	-7.41880341880342
			7.33333333333333	-7.41025641025641
			7.33333333333333	-7.4017094017094
			7.33333333333333	-7.39316239316239
			7.33333333333333	-7.38461538461539
			7.34188034188034	-7.37606837606838
			7.34188034188034	-7.36752136752137
			7.34188034188034	-7.35897435897436
			7.34188034188034	-7.35042735042735
			7.35042735042735	-7.35042735042735
			7.35042735042735	-7.34188034188034
			7.35042735042735	-7.33333333333333
			7.35042735042735	-7.32478632478633
			7.35042735042735	-7.31623931623932
			7.35897435897436	-7.30769230769231
			7.35897435897436	-7.2991452991453
			7.35897435897436	-7.29059829059829
			7.36752136752137	-7.28205128205128
			7.36752136752137	-7.27350427350427
			7.36752136752137	-7.26495726495727
			7.36752136752137	-7.25641025641026
			7.37606837606838	-7.24786324786325
			7.37606837606838	-7.23931623931624
			7.37606837606838	-7.23076923076923
			7.37606837606838	-7.22222222222222
			7.38461538461539	-7.21367521367521
			7.38461538461539	-7.20512820512821
			7.38461538461539	-7.1965811965812
			7.39316239316239	-7.18803418803419
			7.39316239316239	-7.17948717948718
			7.39316239316239	-7.17094017094017
			7.39316239316239	-7.16239316239316
			7.4017094017094	-7.15384615384615
			7.4017094017094	-7.14529914529915
			7.4017094017094	-7.13675213675214
			7.4017094017094	-7.12820512820513
			7.41025641025641	-7.11965811965812
			7.41025641025641	-7.11111111111111
			7.41025641025641	-7.1025641025641
			7.41025641025641	-7.09401709401709
			7.41880341880342	-7.08547008547009
			7.41880341880342	-7.07692307692308
			7.42735042735043	-7.06837606837607
			7.42735042735043	-7.05982905982906
			7.42735042735043	-7.05128205128205
			7.42735042735043	-7.04273504273504
			7.43589743589744	-7.03418803418803
			7.43589743589744	-7.02564102564103
			7.43589743589744	-7.01709401709402
			7.44444444444445	-7.00854700854701
			7.44444444444445	-7
			7.44444444444445	-6.99145299145299
			7.44444444444445	-6.98290598290598
			7.45299145299145	-6.97435897435898
			7.45299145299145	-6.96581196581197
			7.45299145299145	-6.95726495726496
			7.46153846153846	-6.94871794871795
			7.46153846153846	-6.94017094017094
			7.46153846153846	-6.93162393162393
			7.46153846153846	-6.92307692307692
			7.47008547008547	-6.92307692307692
			7.47008547008547	-6.91452991452991
			7.47008547008547	-6.90598290598291
			7.47863247863248	-6.8974358974359
			7.47863247863248	-6.88888888888889
			7.47863247863248	-6.88034188034188
			7.48717948717949	-6.87179487179487
			7.48717948717949	-6.86324786324786
			7.48717948717949	-6.85470085470086
			7.4957264957265	-6.84615384615385
			7.4957264957265	-6.83760683760684
			7.4957264957265	-6.82905982905983
			7.50427350427351	-6.82051282051282
			7.50427350427351	-6.81196581196581
			7.50427350427351	-6.8034188034188
			7.50427350427351	-6.7948717948718
			7.51282051282051	-6.78632478632479
			7.51282051282051	-6.77777777777778
			7.52136752136752	-6.76923076923077
			7.52136752136752	-6.76068376068376
			7.52991452991453	-6.75213675213675
			7.52991452991453	-6.74358974358974
			7.52991452991453	-6.73504273504274
			7.52991452991453	-6.72649572649573
			7.53846153846154	-6.71794871794872
			7.53846153846154	-6.70940170940171
			7.54700854700855	-6.7008547008547
			7.54700854700855	-6.69230769230769
			7.54700854700855	-6.68376068376068
			7.55555555555556	-6.67521367521368
			7.55555555555556	-6.66666666666667
			7.56410256410256	-6.65811965811966
			7.56410256410256	-6.64957264957265
			7.56410256410256	-6.64102564102564
			7.57264957264957	-6.63247863247863
			7.57264957264957	-6.62393162393162
			7.58119658119658	-6.61538461538462
			7.58119658119658	-6.60683760683761
			7.58119658119658	-6.5982905982906
			7.58974358974359	-6.58974358974359
			7.58974358974359	-6.58119658119658
			7.5982905982906	-6.57264957264957
			7.5982905982906	-6.56410256410256
			7.60683760683761	-6.55555555555556
			7.60683760683761	-6.54700854700855
			7.61538461538462	-6.53846153846154
			7.61538461538462	-6.52991452991453
			7.61538461538462	-6.52136752136752
			7.62393162393162	-6.51282051282051
			7.62393162393162	-6.50427350427351
			7.63247863247863	-6.4957264957265
			7.64102564102564	-6.48717948717949
			7.64102564102564	-6.47863247863248
			7.64957264957265	-6.47008547008547
			7.64957264957265	-6.46153846153846
			7.65811965811966	-6.45299145299145
			7.65811965811966	-6.44444444444445
			7.66666666666667	-6.43589743589744
			7.66666666666667	-6.42735042735043
			7.67521367521368	-6.42735042735043
			7.67521367521368	-6.41880341880342
			7.68376068376068	-6.41025641025641
			7.68376068376068	-6.4017094017094
			7.69230769230769	-6.39316239316239
		</curveLM12>
	</curves.scaled>
	<ruler.points type=matrix rownames=TRUE colnames=FALSE nrow=5 ncol=2 as.numeric=TRUE >
		Ruler point 1	434	1409
		Ruler point 2	551	1409
		Ruler point 3	668	1409
		Ruler point 4	785	1409
		Ruler point 5	903	1409
	</ruler.points>
</shapes>

