<shapes type=list>
	<ruler.pixel type=vector names=FALSE length=1 as.numeric=TRUE >117.000366774366</ruler.pixel>
	<ruler.interval type=vector names=FALSE length=1 as.numeric=TRUE >1</ruler.interval>
	<scaling.units type=vector names=FALSE length=1 as.numeric=FALSE >cm</scaling.units>
	<scaling type=vector names=FALSE length=1 as.numeric=TRUE >0.00854698175372809</scaling>
	<landmarks.pixel type=matrix rownames=TRUE colnames=FALSE nrow=6 ncol=2 as.numeric=TRUE >
		LM01	902	866
		LM02	1023	1159
		LM03	935	1118
		LM04	904	1195
		LM05	869	1118
		LM06	782	1161
	</landmarks.pixel>
	<landmarks.scaled type=matrix rownames=TRUE colnames=FALSE nrow=6 ncol=2 as.numeric=TRUE >
		LM01	7.70937754186274	-7.40168619872852
		LM02	8.74356233406384	-9.90595185257085
		LM03	7.99142793973576	-9.555525600668
		LM04	7.72647150537019	-10.2136431957051
		LM05	7.42732714398971	-9.555525600668
		LM06	6.68373973141537	-9.92304581607831
	</landmarks.scaled>
	<curves.control type=list>
		<curveLM07 type=matrix rownames=FALSE colnames=FALSE nrow=5 ncol=2 as.numeric=TRUE >
			902	866
			929	896
			962	961
			1041	1151
			1023	1159
		</curveLM07>
		<curveLM08 type=matrix rownames=FALSE colnames=FALSE nrow=5 ncol=2 as.numeric=TRUE >
			1023	1159
			1014	1172
			974	1139
			956	1114
			935	1118
		</curveLM08>
		<curveLM09 type=matrix rownames=FALSE colnames=FALSE nrow=5 ncol=2 as.numeric=TRUE >
			935	1118
			927	1123
			922	1161
			917	1191
			904	1195
		</curveLM09>
		<curveLM10 type=matrix rownames=FALSE colnames=FALSE nrow=5 ncol=2 as.numeric=TRUE >
			904	1195
			889	1191
			882	1158
			877	1120
			869	1118
		</curveLM10>
		<curveLM11 type=matrix rownames=FALSE colnames=FALSE nrow=5 ncol=2 as.numeric=TRUE >
			869	1118
			856	1114
			832	1137
			790	1166
			782	1161
		</curveLM11>
		<curveLM12 type=matrix rownames=FALSE colnames=FALSE nrow=5 ncol=2 as.numeric=TRUE >
			782	1161
			772	1150
			809	1043
			845	941
			902	866
		</curveLM12>
	</curves.control>
	<curves.pixel type=list>
		<curveLM07 type=matrix rownames=FALSE colnames=FALSE nrow=311 ncol=2 as.numeric=TRUE >
			902	866
			903	867
			903	868
			904	868
			905	869
			905	870
			906	871
			907	871
			907	872
			908	873
			909	874
			909	875
			910	876
			911	877
			912	877
			912	878
			913	879
			914	880
			914	881
			915	882
			916	883
			916	884
			917	885
			918	886
			919	887
			919	888
			920	889
			921	890
			921	891
			922	892
			923	893
			924	894
			924	895
			925	896
			926	897
			926	898
			927	899
			928	900
			928	901
			929	902
			929	903
			930	903
			930	904
			931	905
			931	906
			932	907
			932	908
			933	909
			934	910
			935	911
			935	912
			935	913
			936	913
			936	914
			937	915
			937	916
			938	917
			939	918
			939	919
			940	920
			940	921
			941	921
			941	922
			942	923
			942	924
			942	925
			943	926
			944	927
			945	928
			945	929
			946	930
			946	931
			947	932
			947	933
			948	934
			948	935
			949	936
			950	937
			950	938
			950	939
			951	940
			952	941
			952	942
			953	943
			953	944
			954	945
			954	946
			955	947
			955	948
			956	949
			956	950
			957	951
			957	952
			958	953
			958	954
			959	955
			959	956
			960	957
			960	958
			961	959
			962	960
			962	961
			963	962
			963	963
			963	964
			964	965
			964	966
			965	967
			965	968
			965	969
			966	970
			966	971
			967	972
			967	973
			967	974
			968	975
			968	976
			968	977
			969	978
			969	979
			970	979
			970	980
			970	981
			971	982
			971	983
			971	984
			972	985
			972	986
			973	987
			973	988
			974	989
			974	990
			975	991
			975	992
			975	993
			975	994
			976	994
			976	995
			976	996
			977	997
			977	998
			978	999
			978	1000
			978	1001
			979	1001
			979	1002
			979	1003
			979	1004
			980	1004
			980	1005
			980	1006
			981	1007
			981	1008
			982	1009
			982	1010
			982	1011
			983	1012
			983	1013
			983	1014
			984	1014
			984	1015
			984	1016
			985	1017
			985	1018
			985	1019
			986	1019
			986	1020
			986	1021
			987	1022
			987	1023
			987	1024
			988	1024
			988	1025
			988	1026
			989	1027
			989	1028
			989	1029
			990	1030
			990	1031
			991	1032
			991	1033
			991	1034
			992	1035
			992	1036
			992	1037
			993	1038
			993	1039
			994	1040
			994	1041
			994	1042
			995	1042
			995	1043
			995	1044
			996	1045
			996	1046
			996	1047
			997	1048
			997	1049
			998	1050
			998	1051
			998	1052
			999	1053
			999	1054
			999	1055
			1000	1056
			1000	1057
			1001	1058
			1001	1059
			1001	1060
			1001	1061
			1002	1061
			1002	1062
			1002	1063
			1003	1064
			1003	1065
			1003	1066
			1004	1067
			1004	1068
			1004	1069
			1005	1070
			1005	1071
			1006	1072
			1006	1073
			1006	1074
			1007	1075
			1007	1076
			1007	1077
			1008	1078
			1008	1079
			1008	1080
			1009	1081
			1009	1082
			1009	1083
			1010	1084
			1010	1085
			1010	1086
			1011	1087
			1011	1088
			1011	1089
			1012	1089
			1012	1090
			1012	1091
			1012	1092
			1013	1093
			1013	1094
			1013	1095
			1014	1096
			1014	1097
			1014	1098
			1015	1099
			1015	1100
			1015	1101
			1016	1102
			1016	1103
			1016	1104
			1017	1105
			1017	1106
			1017	1107
			1018	1108
			1018	1109
			1018	1110
			1018	1111
			1019	1112
			1019	1113
			1019	1114
			1020	1115
			1020	1116
			1020	1117
			1021	1118
			1021	1119
			1021	1120
			1021	1121
			1022	1122
			1022	1123
			1022	1124
			1022	1125
			1022	1126
			1023	1127
			1023	1128
			1023	1129
			1024	1130
			1024	1131
			1024	1132
			1024	1133
			1024	1134
			1025	1135
			1025	1136
			1025	1137
			1025	1138
			1025	1139
			1025	1140
			1026	1141
			1026	1142
			1026	1143
			1026	1144
			1026	1145
			1026	1146
			1026	1147
			1026	1148
			1026	1149
			1026	1150
			1026	1151
			1026	1152
			1026	1153
			1026	1154
			1026	1155
			1026	1156
			1025	1157
			1024	1158
			1024	1159
			1023	1159
		</curveLM07>
		<curveLM08 type=matrix rownames=FALSE colnames=FALSE nrow=98 ncol=2 as.numeric=TRUE >
			1023	1159
			1022	1160
			1021	1161
			1020	1162
			1019	1162
			1018	1162
			1017	1163
			1016	1163
			1015	1163
			1014	1163
			1013	1162
			1012	1162
			1011	1162
			1010	1162
			1009	1161
			1008	1161
			1007	1161
			1006	1161
			1006	1160
			1005	1160
			1004	1159
			1003	1159
			1002	1159
			1001	1158
			1000	1158
			999	1157
			998	1157
			997	1156
			996	1155
			995	1155
			994	1154
			993	1153
			992	1153
			991	1152
			990	1151
			989	1151
			988	1150
			987	1149
			986	1148
			985	1148
			984	1147
			983	1147
			983	1146
			982	1145
			981	1145
			981	1144
			980	1144
			979	1143
			978	1142
			977	1141
			976	1140
			975	1140
			974	1139
			974	1138
			973	1138
			973	1137
			972	1137
			972	1136
			971	1136
			971	1135
			970	1134
			970	1133
			969	1132
			968	1131
			967	1130
			966	1130
			965	1129
			964	1128
			963	1127
			962	1126
			962	1125
			961	1125
			960	1124
			959	1123
			958	1123
			957	1122
			956	1122
			955	1121
			954	1121
			953	1120
			952	1120
			951	1119
			950	1119
			949	1119
			948	1118
			947	1118
			946	1118
			945	1118
			944	1118
			943	1118
			942	1117
			941	1117
			940	1117
			939	1117
			938	1118
			937	1118
			936	1118
			935	1118
		</curveLM08>
		<curveLM09 type=matrix rownames=FALSE colnames=FALSE nrow=82 ncol=2 as.numeric=TRUE >
			935	1118
			934	1119
			933	1120
			932	1121
			931	1122
			931	1123
			931	1124
			930	1125
			930	1126
			929	1127
			929	1128
			928	1129
			928	1130
			928	1131
			928	1132
			927	1133
			927	1134
			927	1135
			926	1136
			926	1137
			926	1138
			926	1139
			925	1140
			925	1141
			925	1142
			925	1143
			925	1144
			924	1145
			924	1146
			924	1147
			924	1148
			924	1149
			924	1150
			923	1151
			923	1152
			923	1153
			923	1154
			923	1155
			923	1156
			922	1157
			922	1158
			922	1159
			922	1160
			922	1161
			922	1162
			922	1163
			921	1164
			921	1165
			921	1166
			921	1167
			921	1168
			920	1169
			920	1170
			920	1171
			920	1172
			919	1173
			919	1174
			919	1175
			918	1176
			918	1177
			918	1178
			917	1179
			917	1180
			917	1181
			916	1182
			916	1183
			915	1184
			915	1185
			914	1186
			914	1187
			913	1187
			913	1188
			912	1189
			912	1190
			911	1191
			910	1192
			909	1193
			908	1193
			907	1194
			906	1194
			905	1195
			904	1195
		</curveLM09>
		<curveLM10 type=matrix rownames=FALSE colnames=FALSE nrow=86 ncol=2 as.numeric=TRUE >
			904	1195
			903	1195
			902	1194
			901	1194
			900	1193
			899	1193
			898	1192
			897	1191
			896	1190
			895	1189
			894	1188
			893	1187
			892	1186
			892	1185
			891	1184
			890	1183
			890	1182
			889	1181
			889	1180
			889	1179
			888	1178
			888	1177
			887	1176
			887	1175
			887	1174
			886	1173
			886	1172
			885	1171
			885	1170
			885	1169
			885	1168
			884	1167
			884	1166
			884	1165
			884	1164
			883	1163
			883	1162
			883	1161
			882	1160
			882	1159
			882	1158
			882	1157
			882	1156
			882	1155
			882	1154
			881	1154
			881	1153
			881	1152
			881	1151
			881	1150
			881	1149
			881	1148
			880	1148
			880	1147
			880	1146
			880	1145
			880	1144
			880	1143
			879	1142
			879	1141
			879	1140
			879	1139
			879	1138
			879	1137
			878	1137
			878	1136
			878	1135
			878	1134
			877	1133
			877	1132
			877	1131
			877	1130
			876	1129
			876	1128
			876	1127
			875	1127
			875	1126
			875	1125
			874	1124
			874	1123
			873	1122
			872	1121
			872	1120
			871	1119
			870	1118
			869	1118
		</curveLM10>
		<curveLM11 type=matrix rownames=FALSE colnames=FALSE nrow=89 ncol=2 as.numeric=TRUE >
			869	1118
			868	1118
			867	1118
			866	1117
			865	1117
			864	1117
			863	1118
			862	1118
			861	1118
			860	1118
			859	1118
			858	1119
			857	1119
			856	1120
			855	1120
			854	1120
			853	1121
			852	1122
			851	1122
			850	1123
			849	1123
			848	1124
			847	1125
			846	1125
			845	1126
			844	1126
			844	1127
			843	1128
			842	1128
			841	1129
			840	1130
			839	1131
			838	1131
			837	1132
			836	1133
			835	1134
			834	1135
			833	1136
			832	1137
			831	1138
			830	1139
			829	1139
			828	1140
			827	1141
			826	1141
			825	1142
			824	1143
			823	1143
			822	1144
			821	1144
			820	1145
			819	1146
			818	1146
			817	1147
			816	1148
			815	1148
			814	1149
			813	1150
			812	1150
			811	1151
			810	1151
			809	1152
			808	1153
			807	1153
			806	1154
			805	1154
			804	1155
			803	1155
			802	1156
			801	1156
			800	1157
			799	1157
			798	1158
			797	1158
			796	1159
			795	1159
			794	1160
			793	1160
			792	1160
			791	1161
			790	1161
			789	1161
			788	1161
			787	1162
			786	1162
			785	1162
			784	1162
			783	1161
			782	1161
		</curveLM11>
		<curveLM12 type=matrix rownames=FALSE colnames=FALSE nrow=315 ncol=2 as.numeric=TRUE >
			782	1161
			782	1160
			781	1160
			781	1159
			780	1158
			780	1157
			780	1156
			780	1155
			780	1154
			780	1153
			780	1152
			780	1151
			780	1150
			780	1149
			780	1148
			780	1147
			780	1146
			780	1145
			780	1144
			781	1143
			781	1142
			781	1141
			781	1140
			781	1139
			781	1138
			782	1137
			782	1136
			782	1135
			782	1134
			782	1133
			782	1132
			783	1131
			783	1130
			783	1129
			783	1128
			784	1127
			784	1126
			784	1125
			784	1124
			784	1123
			785	1122
			785	1121
			785	1120
			786	1119
			786	1118
			786	1117
			786	1116
			786	1115
			787	1114
			787	1113
			787	1112
			788	1111
			788	1110
			788	1109
			788	1108
			788	1107
			789	1107
			789	1106
			789	1105
			789	1104
			790	1103
			790	1102
			790	1101
			791	1100
			791	1099
			791	1098
			792	1097
			792	1096
			792	1095
			792	1094
			793	1093
			793	1092
			793	1091
			793	1090
			794	1090
			794	1089
			794	1088
			795	1087
			795	1086
			795	1085
			795	1084
			796	1084
			796	1083
			796	1082
			796	1081
			797	1080
			797	1079
			797	1078
			798	1077
			798	1076
			798	1075
			799	1074
			799	1073
			799	1072
			800	1071
			800	1070
			800	1069
			801	1068
			801	1067
			801	1066
			802	1065
			802	1064
			802	1063
			803	1062
			803	1061
			803	1060
			804	1059
			804	1058
			804	1057
			805	1056
			805	1055
			805	1054
			806	1053
			806	1052
			806	1051
			807	1050
			807	1049
			807	1048
			808	1047
			808	1046
			808	1045
			809	1044
			809	1043
			809	1042
			810	1041
			810	1040
			810	1039
			811	1038
			811	1037
			812	1036
			812	1035
			812	1034
			813	1033
			813	1032
			813	1031
			814	1030
			814	1029
			814	1028
			815	1027
			815	1026
			816	1025
			816	1024
			816	1023
			817	1022
			817	1021
			817	1020
			818	1019
			818	1018
			819	1017
			819	1016
			819	1015
			820	1015
			820	1014
			820	1013
			821	1012
			821	1011
			822	1010
			822	1009
			822	1008
			823	1007
			823	1006
			824	1005
			824	1004
			824	1003
			825	1002
			825	1001
			825	1000
			826	999
			826	998
			827	998
			827	997
			827	996
			828	995
			828	994
			829	993
			829	992
			829	991
			830	990
			830	989
			831	988
			831	987
			832	986
			832	985
			832	984
			833	984
			833	983
			833	982
			834	982
			834	981
			834	980
			835	980
			835	979
			835	978
			836	977
			836	976
			837	975
			837	974
			838	973
			838	972
			839	971
			839	970
			840	969
			840	968
			840	967
			841	966
			841	965
			842	964
			843	963
			843	962
			844	961
			844	960
			844	959
			845	959
			845	958
			845	957
			846	957
			846	956
			846	955
			847	955
			847	954
			847	953
			848	953
			848	952
			849	951
			849	950
			850	949
			850	948
			850	947
			851	947
			851	946
			852	945
			852	944
			853	943
			853	942
			854	941
			854	940
			855	939
			855	938
			856	937
			857	936
			857	935
			858	934
			858	933
			859	932
			859	931
			860	930
			861	929
			861	928
			861	927
			862	927
			862	926
			863	925
			863	924
			864	924
			864	923
			864	922
			865	921
			866	920
			866	919
			867	918
			867	917
			868	916
			868	915
			869	915
			870	914
			870	913
			871	912
			871	911
			872	910
			872	909
			873	908
			874	907
			875	906
			875	905
			876	904
			876	903
			877	902
			877	901
			878	900
			879	899
			880	898
			880	897
			881	896
			882	895
			882	894
			883	893
			883	892
			884	891
			884	890
			885	890
			886	889
			886	888
			887	887
			887	886
			888	885
			889	884
			889	883
			890	883
			890	882
			891	881
			892	880
			892	879
			893	878
			894	877
			895	876
			895	875
			896	874
			897	873
			898	872
			898	871
			899	870
			900	869
			901	868
			901	867
			902	866
		</curveLM12>
	</curves.pixel>
	<curves.scaled type=list>
		<curveLM07 type=matrix rownames=FALSE colnames=FALSE nrow=311 ncol=2 as.numeric=TRUE >
			7.70937754186274	-7.40168619872852
			7.71792452361646	-7.41023318048225
			7.71792452361646	-7.41878016223598
			7.72647150537019	-7.41878016223598
			7.73501848712392	-7.42732714398971
			7.73501848712392	-7.43587412574344
			7.74356546887765	-7.44442110749717
			7.75211245063138	-7.44442110749717
			7.75211245063138	-7.45296808925089
			7.76065943238511	-7.46151507100462
			7.76920641413883	-7.47006205275835
			7.76920641413883	-7.47860903451208
			7.77775339589256	-7.48715601626581
			7.78630037764629	-7.49570299801953
			7.79484735940002	-7.49570299801953
			7.79484735940002	-7.50424997977326
			7.80339434115375	-7.51279696152699
			7.81194132290747	-7.52134394328072
			7.81194132290747	-7.52989092503445
			7.8204883046612	-7.53843790678817
			7.82903528641493	-7.5469848885419
			7.82903528641493	-7.55553187029563
			7.83758226816866	-7.56407885204936
			7.84612924992239	-7.57262583380309
			7.85467623167611	-7.58117281555681
			7.85467623167611	-7.58971979731054
			7.86322321342984	-7.59826677906427
			7.87177019518357	-7.606813760818
			7.87177019518357	-7.61536074257173
			7.8803171769373	-7.62390772432546
			7.88886415869103	-7.63245470607918
			7.89741114044475	-7.64100168783291
			7.89741114044475	-7.64954866958664
			7.90595812219848	-7.65809565134037
			7.91450510395221	-7.6666426330941
			7.91450510395221	-7.67518961484782
			7.92305208570594	-7.68373659660155
			7.93159906745967	-7.69228357835528
			7.93159906745967	-7.70083056010901
			7.94014604921339	-7.70937754186274
			7.94014604921339	-7.71792452361646
			7.94869303096712	-7.71792452361646
			7.94869303096712	-7.72647150537019
			7.95724001272085	-7.73501848712392
			7.95724001272085	-7.74356546887765
			7.96578699447458	-7.75211245063138
			7.96578699447458	-7.76065943238511
			7.97433397622831	-7.76920641413883
			7.98288095798203	-7.77775339589256
			7.99142793973576	-7.78630037764629
			7.99142793973576	-7.79484735940002
			7.99142793973576	-7.80339434115375
			7.99997492148949	-7.80339434115375
			7.99997492148949	-7.81194132290747
			8.00852190324322	-7.8204883046612
			8.00852190324322	-7.82903528641493
			8.01706888499695	-7.83758226816866
			8.02561586675067	-7.84612924992239
			8.02561586675067	-7.85467623167611
			8.0341628485044	-7.86322321342984
			8.0341628485044	-7.87177019518357
			8.04270983025813	-7.87177019518357
			8.04270983025813	-7.8803171769373
			8.05125681201186	-7.88886415869103
			8.05125681201186	-7.89741114044475
			8.05125681201186	-7.90595812219848
			8.05980379376559	-7.91450510395221
			8.06835077551932	-7.92305208570594
			8.07689775727304	-7.93159906745967
			8.07689775727304	-7.94014604921339
			8.08544473902677	-7.94869303096712
			8.08544473902677	-7.95724001272085
			8.0939917207805	-7.96578699447458
			8.0939917207805	-7.97433397622831
			8.10253870253423	-7.98288095798203
			8.10253870253423	-7.99142793973576
			8.11108568428796	-7.99997492148949
			8.11963266604169	-8.00852190324322
			8.11963266604169	-8.01706888499695
			8.11963266604169	-8.02561586675067
			8.12817964779541	-8.0341628485044
			8.13672662954914	-8.04270983025813
			8.13672662954914	-8.05125681201186
			8.14527361130287	-8.05980379376559
			8.14527361130287	-8.06835077551932
			8.1538205930566	-8.07689775727304
			8.1538205930566	-8.08544473902677
			8.16236757481033	-8.0939917207805
			8.16236757481033	-8.10253870253423
			8.17091455656405	-8.11108568428796
			8.17091455656405	-8.11963266604169
			8.17946153831778	-8.12817964779541
			8.17946153831778	-8.13672662954914
			8.18800852007151	-8.14527361130287
			8.18800852007151	-8.1538205930566
			8.19655550182524	-8.16236757481033
			8.19655550182524	-8.17091455656405
			8.20510248357897	-8.17946153831778
			8.20510248357897	-8.18800852007151
			8.21364946533269	-8.19655550182524
			8.22219644708642	-8.20510248357897
			8.22219644708642	-8.21364946533269
			8.23074342884015	-8.22219644708642
			8.23074342884015	-8.23074342884015
			8.23074342884015	-8.23929041059388
			8.23929041059388	-8.24783739234761
			8.23929041059388	-8.25638437410133
			8.24783739234761	-8.26493135585506
			8.24783739234761	-8.27347833760879
			8.24783739234761	-8.28202531936252
			8.25638437410133	-8.29057230111625
			8.25638437410133	-8.29911928286997
			8.26493135585506	-8.3076662646237
			8.26493135585506	-8.31621324637743
			8.26493135585506	-8.32476022813116
			8.27347833760879	-8.33330720988489
			8.27347833760879	-8.34185419163861
			8.27347833760879	-8.35040117339234
			8.28202531936252	-8.35894815514607
			8.28202531936252	-8.3674951368998
			8.29057230111625	-8.3674951368998
			8.29057230111625	-8.37604211865353
			8.29057230111625	-8.38458910040726
			8.29911928286997	-8.39313608216098
			8.29911928286997	-8.40168306391471
			8.29911928286997	-8.41023004566844
			8.3076662646237	-8.41877702742217
			8.3076662646237	-8.4273240091759
			8.31621324637743	-8.43587099092962
			8.31621324637743	-8.44441797268335
			8.32476022813116	-8.45296495443708
			8.32476022813116	-8.46151193619081
			8.33330720988489	-8.47005891794454
			8.33330720988489	-8.47860589969826
			8.33330720988489	-8.48715288145199
			8.33330720988489	-8.49569986320572
			8.34185419163861	-8.49569986320572
			8.34185419163861	-8.50424684495945
			8.34185419163861	-8.51279382671318
			8.35040117339234	-8.5213408084669
			8.35040117339234	-8.52988779022063
			8.35894815514607	-8.53843477197436
			8.35894815514607	-8.54698175372809
			8.35894815514607	-8.55552873548182
			8.3674951368998	-8.55552873548182
			8.3674951368998	-8.56407571723554
			8.3674951368998	-8.57262269898927
			8.3674951368998	-8.581169680743
			8.37604211865353	-8.581169680743
			8.37604211865353	-8.58971666249673
			8.37604211865353	-8.59826364425046
			8.38458910040726	-8.60681062600418
			8.38458910040726	-8.61535760775791
			8.39313608216098	-8.62390458951164
			8.39313608216098	-8.63245157126537
			8.39313608216098	-8.6409985530191
			8.40168306391471	-8.64954553477283
			8.40168306391471	-8.65809251652655
			8.40168306391471	-8.66663949828028
			8.41023004566844	-8.66663949828028
			8.41023004566844	-8.67518648003401
			8.41023004566844	-8.68373346178774
			8.41877702742217	-8.69228044354147
			8.41877702742217	-8.70082742529519
			8.41877702742217	-8.70937440704892
			8.4273240091759	-8.70937440704892
			8.4273240091759	-8.71792138880265
			8.4273240091759	-8.72646837055638
			8.43587099092962	-8.73501535231011
			8.43587099092962	-8.74356233406384
			8.43587099092962	-8.75210931581756
			8.44441797268335	-8.75210931581756
			8.44441797268335	-8.76065629757129
			8.44441797268335	-8.76920327932502
			8.45296495443708	-8.77775026107875
			8.45296495443708	-8.78629724283248
			8.45296495443708	-8.7948442245862
			8.46151193619081	-8.80339120633993
			8.46151193619081	-8.81193818809366
			8.47005891794454	-8.82048516984739
			8.47005891794454	-8.82903215160112
			8.47005891794454	-8.83757913335484
			8.47860589969826	-8.84612611510857
			8.47860589969826	-8.8546730968623
			8.47860589969826	-8.86322007861603
			8.48715288145199	-8.87176706036976
			8.48715288145199	-8.88031404212348
			8.49569986320572	-8.88886102387721
			8.49569986320572	-8.89740800563094
			8.49569986320572	-8.90595498738467
			8.50424684495945	-8.90595498738467
			8.50424684495945	-8.9145019691384
			8.50424684495945	-8.92304895089213
			8.51279382671318	-8.93159593264585
			8.51279382671318	-8.94014291439958
			8.51279382671318	-8.94868989615331
			8.5213408084669	-8.95723687790704
			8.5213408084669	-8.96578385966077
			8.52988779022063	-8.97433084141449
			8.52988779022063	-8.98287782316822
			8.52988779022063	-8.99142480492195
			8.53843477197436	-8.99997178667568
			8.53843477197436	-9.00851876842941
			8.53843477197436	-9.01706575018313
			8.54698175372809	-9.02561273193686
			8.54698175372809	-9.03415971369059
			8.55552873548182	-9.04270669544432
			8.55552873548182	-9.05125367719805
			8.55552873548182	-9.05980065895177
			8.55552873548182	-9.0683476407055
			8.56407571723554	-9.0683476407055
			8.56407571723554	-9.07689462245923
			8.56407571723554	-9.08544160421296
			8.57262269898927	-9.09398858596669
			8.57262269898927	-9.10253556772041
			8.57262269898927	-9.11108254947414
			8.581169680743	-9.11962953122787
			8.581169680743	-9.1281765129816
			8.581169680743	-9.13672349473533
			8.58971666249673	-9.14527047648905
			8.58971666249673	-9.15381745824278
			8.59826364425046	-9.16236443999651
			8.59826364425046	-9.17091142175024
			8.59826364425046	-9.17945840350397
			8.60681062600418	-9.1880053852577
			8.60681062600418	-9.19655236701142
			8.60681062600418	-9.20509934876515
			8.61535760775791	-9.21364633051888
			8.61535760775791	-9.22219331227261
			8.61535760775791	-9.23074029402634
			8.62390458951164	-9.23928727578006
			8.62390458951164	-9.24783425753379
			8.62390458951164	-9.25638123928752
			8.63245157126537	-9.26492822104125
			8.63245157126537	-9.27347520279498
			8.63245157126537	-9.2820221845487
			8.6409985530191	-9.29056916630243
			8.6409985530191	-9.29911614805616
			8.6409985530191	-9.30766312980989
			8.64954553477283	-9.30766312980989
			8.64954553477283	-9.31621011156362
			8.64954553477283	-9.32475709331734
			8.64954553477283	-9.33330407507107
			8.65809251652655	-9.3418510568248
			8.65809251652655	-9.35039803857853
			8.65809251652655	-9.35894502033226
			8.66663949828028	-9.36749200208599
			8.66663949828028	-9.37603898383971
			8.66663949828028	-9.38458596559344
			8.67518648003401	-9.39313294734717
			8.67518648003401	-9.4016799291009
			8.67518648003401	-9.41022691085463
			8.68373346178774	-9.41877389260835
			8.68373346178774	-9.42732087436208
			8.68373346178774	-9.43586785611581
			8.69228044354147	-9.44441483786954
			8.69228044354147	-9.45296181962327
			8.69228044354147	-9.461508801377
			8.70082742529519	-9.47005578313072
			8.70082742529519	-9.47860276488445
			8.70082742529519	-9.48714974663818
			8.70082742529519	-9.49569672839191
			8.70937440704892	-9.50424371014564
			8.70937440704892	-9.51279069189936
			8.70937440704892	-9.52133767365309
			8.71792138880265	-9.52988465540682
			8.71792138880265	-9.53843163716055
			8.71792138880265	-9.54697861891428
			8.72646837055638	-9.555525600668
			8.72646837055638	-9.56407258242173
			8.72646837055638	-9.57261956417546
			8.72646837055638	-9.58116654592919
			8.73501535231011	-9.58971352768292
			8.73501535231011	-9.59826050943664
			8.73501535231011	-9.60680749119037
			8.73501535231011	-9.6153544729441
			8.73501535231011	-9.62390145469783
			8.74356233406384	-9.63244843645156
			8.74356233406384	-9.64099541820528
			8.74356233406384	-9.64954239995901
			8.75210931581756	-9.65808938171274
			8.75210931581756	-9.66663636346647
			8.75210931581756	-9.6751833452202
			8.75210931581756	-9.68373032697392
			8.75210931581756	-9.69227730872765
			8.76065629757129	-9.70082429048138
			8.76065629757129	-9.70937127223511
			8.76065629757129	-9.71791825398884
			8.76065629757129	-9.72646523574257
			8.76065629757129	-9.73501221749629
			8.76065629757129	-9.74355919925002
			8.76920327932502	-9.75210618100375
			8.76920327932502	-9.76065316275748
			8.76920327932502	-9.76920014451121
			8.76920327932502	-9.77774712626493
			8.76920327932502	-9.78629410801866
			8.76920327932502	-9.79484108977239
			8.76920327932502	-9.80338807152612
			8.76920327932502	-9.81193505327985
			8.76920327932502	-9.82048203503357
			8.76920327932502	-9.8290290167873
			8.76920327932502	-9.83757599854103
			8.76920327932502	-9.84612298029476
			8.76920327932502	-9.85466996204849
			8.76920327932502	-9.86321694380221
			8.76920327932502	-9.87176392555594
			8.76920327932502	-9.88031090730967
			8.76065629757129	-9.8888578890634
			8.75210931581756	-9.89740487081713
			8.75210931581756	-9.90595185257085
			8.74356233406384	-9.90595185257085
		</curveLM07>
		<curveLM08 type=matrix rownames=FALSE colnames=FALSE nrow=98 ncol=2 as.numeric=TRUE >
			8.74356233406384	-9.90595185257085
			8.73501535231011	-9.91449883432458
			8.72646837055638	-9.92304581607831
			8.71792138880265	-9.93159279783204
			8.70937440704892	-9.93159279783204
			8.70082742529519	-9.93159279783204
			8.69228044354147	-9.94013977958577
			8.68373346178774	-9.94013977958577
			8.67518648003401	-9.94013977958577
			8.66663949828028	-9.94013977958577
			8.65809251652655	-9.93159279783204
			8.64954553477283	-9.93159279783204
			8.6409985530191	-9.93159279783204
			8.63245157126537	-9.93159279783204
			8.62390458951164	-9.92304581607831
			8.61535760775791	-9.92304581607831
			8.60681062600418	-9.92304581607831
			8.59826364425046	-9.92304581607831
			8.59826364425046	-9.91449883432458
			8.58971666249673	-9.91449883432458
			8.581169680743	-9.90595185257085
			8.57262269898927	-9.90595185257085
			8.56407571723554	-9.90595185257085
			8.55552873548182	-9.89740487081713
			8.54698175372809	-9.89740487081713
			8.53843477197436	-9.8888578890634
			8.52988779022063	-9.8888578890634
			8.5213408084669	-9.88031090730967
			8.51279382671318	-9.87176392555594
			8.50424684495945	-9.87176392555594
			8.49569986320572	-9.86321694380221
			8.48715288145199	-9.85466996204849
			8.47860589969826	-9.85466996204849
			8.47005891794454	-9.84612298029476
			8.46151193619081	-9.83757599854103
			8.45296495443708	-9.83757599854103
			8.44441797268335	-9.8290290167873
			8.43587099092962	-9.82048203503357
			8.4273240091759	-9.81193505327985
			8.41877702742217	-9.81193505327985
			8.41023004566844	-9.80338807152612
			8.40168306391471	-9.80338807152612
			8.40168306391471	-9.79484108977239
			8.39313608216098	-9.78629410801866
			8.38458910040726	-9.78629410801866
			8.38458910040726	-9.77774712626493
			8.37604211865353	-9.77774712626493
			8.3674951368998	-9.76920014451121
			8.35894815514607	-9.76065316275748
			8.35040117339234	-9.75210618100375
			8.34185419163861	-9.74355919925002
			8.33330720988489	-9.74355919925002
			8.32476022813116	-9.73501221749629
			8.32476022813116	-9.72646523574257
			8.31621324637743	-9.72646523574257
			8.31621324637743	-9.71791825398884
			8.3076662646237	-9.71791825398884
			8.3076662646237	-9.70937127223511
			8.29911928286997	-9.70937127223511
			8.29911928286997	-9.70082429048138
			8.29057230111625	-9.69227730872765
			8.29057230111625	-9.68373032697392
			8.28202531936252	-9.6751833452202
			8.27347833760879	-9.66663636346647
			8.26493135585506	-9.65808938171274
			8.25638437410133	-9.65808938171274
			8.24783739234761	-9.64954239995901
			8.23929041059388	-9.64099541820528
			8.23074342884015	-9.63244843645156
			8.22219644708642	-9.62390145469783
			8.22219644708642	-9.6153544729441
			8.21364946533269	-9.6153544729441
			8.20510248357897	-9.60680749119037
			8.19655550182524	-9.59826050943664
			8.18800852007151	-9.59826050943664
			8.17946153831778	-9.58971352768292
			8.17091455656405	-9.58971352768292
			8.16236757481033	-9.58116654592919
			8.1538205930566	-9.58116654592919
			8.14527361130287	-9.57261956417546
			8.13672662954914	-9.57261956417546
			8.12817964779541	-9.56407258242173
			8.11963266604169	-9.56407258242173
			8.11108568428796	-9.56407258242173
			8.10253870253423	-9.555525600668
			8.0939917207805	-9.555525600668
			8.08544473902677	-9.555525600668
			8.07689775727304	-9.555525600668
			8.06835077551932	-9.555525600668
			8.05980379376559	-9.555525600668
			8.05125681201186	-9.54697861891428
			8.04270983025813	-9.54697861891428
			8.0341628485044	-9.54697861891428
			8.02561586675067	-9.54697861891428
			8.01706888499695	-9.555525600668
			8.00852190324322	-9.555525600668
			7.99997492148949	-9.555525600668
			7.99142793973576	-9.555525600668
		</curveLM08>
		<curveLM09 type=matrix rownames=FALSE colnames=FALSE nrow=82 ncol=2 as.numeric=TRUE >
			7.99142793973576	-9.555525600668
			7.98288095798203	-9.56407258242173
			7.97433397622831	-9.57261956417546
			7.96578699447458	-9.58116654592919
			7.95724001272085	-9.58971352768292
			7.95724001272085	-9.59826050943664
			7.95724001272085	-9.60680749119037
			7.94869303096712	-9.6153544729441
			7.94869303096712	-9.62390145469783
			7.94014604921339	-9.63244843645156
			7.94014604921339	-9.64099541820528
			7.93159906745967	-9.64954239995901
			7.93159906745967	-9.65808938171274
			7.93159906745967	-9.66663636346647
			7.93159906745967	-9.6751833452202
			7.92305208570594	-9.68373032697392
			7.92305208570594	-9.69227730872765
			7.92305208570594	-9.70082429048138
			7.91450510395221	-9.70937127223511
			7.91450510395221	-9.71791825398884
			7.91450510395221	-9.72646523574257
			7.91450510395221	-9.73501221749629
			7.90595812219848	-9.74355919925002
			7.90595812219848	-9.75210618100375
			7.90595812219848	-9.76065316275748
			7.90595812219848	-9.76920014451121
			7.90595812219848	-9.77774712626493
			7.89741114044475	-9.78629410801866
			7.89741114044475	-9.79484108977239
			7.89741114044475	-9.80338807152612
			7.89741114044475	-9.81193505327985
			7.89741114044475	-9.82048203503357
			7.89741114044475	-9.8290290167873
			7.88886415869103	-9.83757599854103
			7.88886415869103	-9.84612298029476
			7.88886415869103	-9.85466996204849
			7.88886415869103	-9.86321694380221
			7.88886415869103	-9.87176392555594
			7.88886415869103	-9.88031090730967
			7.8803171769373	-9.8888578890634
			7.8803171769373	-9.89740487081713
			7.8803171769373	-9.90595185257085
			7.8803171769373	-9.91449883432458
			7.8803171769373	-9.92304581607831
			7.8803171769373	-9.93159279783204
			7.8803171769373	-9.94013977958577
			7.87177019518357	-9.94868676133949
			7.87177019518357	-9.95723374309322
			7.87177019518357	-9.96578072484695
			7.87177019518357	-9.97432770660068
			7.87177019518357	-9.98287468835441
			7.86322321342984	-9.99142167010814
			7.86322321342984	-9.99996865186186
			7.86322321342984	-10.0085156336156
			7.86322321342984	-10.0170626153693
			7.85467623167611	-10.025609597123
			7.85467623167611	-10.0341565788768
			7.85467623167611	-10.0427035606305
			7.84612924992239	-10.0512505423842
			7.84612924992239	-10.059797524138
			7.84612924992239	-10.0683445058917
			7.83758226816866	-10.0768914876454
			7.83758226816866	-10.0854384693991
			7.83758226816866	-10.0939854511529
			7.82903528641493	-10.1025324329066
			7.82903528641493	-10.1110794146603
			7.8204883046612	-10.1196263964141
			7.8204883046612	-10.1281733781678
			7.81194132290747	-10.1367203599215
			7.81194132290747	-10.1452673416752
			7.80339434115375	-10.1452673416752
			7.80339434115375	-10.153814323429
			7.79484735940002	-10.1623613051827
			7.79484735940002	-10.1709082869364
			7.78630037764629	-10.1794552686902
			7.77775339589256	-10.1880022504439
			7.76920641413883	-10.1965492321976
			7.76065943238511	-10.1965492321976
			7.75211245063138	-10.2050962139513
			7.74356546887765	-10.2050962139513
			7.73501848712392	-10.2136431957051
			7.72647150537019	-10.2136431957051
		</curveLM09>
		<curveLM10 type=matrix rownames=FALSE colnames=FALSE nrow=86 ncol=2 as.numeric=TRUE >
			7.72647150537019	-10.2136431957051
			7.71792452361646	-10.2136431957051
			7.70937754186274	-10.2050962139513
			7.70083056010901	-10.2050962139513
			7.69228357835528	-10.1965492321976
			7.68373659660155	-10.1965492321976
			7.67518961484782	-10.1880022504439
			7.6666426330941	-10.1794552686902
			7.65809565134037	-10.1709082869364
			7.64954866958664	-10.1623613051827
			7.64100168783291	-10.153814323429
			7.63245470607918	-10.1452673416752
			7.62390772432546	-10.1367203599215
			7.62390772432546	-10.1281733781678
			7.61536074257173	-10.1196263964141
			7.606813760818	-10.1110794146603
			7.606813760818	-10.1025324329066
			7.59826677906427	-10.0939854511529
			7.59826677906427	-10.0854384693991
			7.59826677906427	-10.0768914876454
			7.58971979731054	-10.0683445058917
			7.58971979731054	-10.059797524138
			7.58117281555681	-10.0512505423842
			7.58117281555681	-10.0427035606305
			7.58117281555681	-10.0341565788768
			7.57262583380309	-10.025609597123
			7.57262583380309	-10.0170626153693
			7.56407885204936	-10.0085156336156
			7.56407885204936	-9.99996865186186
			7.56407885204936	-9.99142167010814
			7.56407885204936	-9.98287468835441
			7.55553187029563	-9.97432770660068
			7.55553187029563	-9.96578072484695
			7.55553187029563	-9.95723374309322
			7.55553187029563	-9.94868676133949
			7.5469848885419	-9.94013977958577
			7.5469848885419	-9.93159279783204
			7.5469848885419	-9.92304581607831
			7.53843790678817	-9.91449883432458
			7.53843790678817	-9.90595185257085
			7.53843790678817	-9.89740487081713
			7.53843790678817	-9.8888578890634
			7.53843790678817	-9.88031090730967
			7.53843790678817	-9.87176392555594
			7.53843790678817	-9.86321694380221
			7.52989092503445	-9.86321694380221
			7.52989092503445	-9.85466996204849
			7.52989092503445	-9.84612298029476
			7.52989092503445	-9.83757599854103
			7.52989092503445	-9.8290290167873
			7.52989092503445	-9.82048203503357
			7.52989092503445	-9.81193505327985
			7.52134394328072	-9.81193505327985
			7.52134394328072	-9.80338807152612
			7.52134394328072	-9.79484108977239
			7.52134394328072	-9.78629410801866
			7.52134394328072	-9.77774712626493
			7.52134394328072	-9.76920014451121
			7.51279696152699	-9.76065316275748
			7.51279696152699	-9.75210618100375
			7.51279696152699	-9.74355919925002
			7.51279696152699	-9.73501221749629
			7.51279696152699	-9.72646523574257
			7.51279696152699	-9.71791825398884
			7.50424997977326	-9.71791825398884
			7.50424997977326	-9.70937127223511
			7.50424997977326	-9.70082429048138
			7.50424997977326	-9.69227730872765
			7.49570299801953	-9.68373032697392
			7.49570299801953	-9.6751833452202
			7.49570299801953	-9.66663636346647
			7.49570299801953	-9.65808938171274
			7.48715601626581	-9.64954239995901
			7.48715601626581	-9.64099541820528
			7.48715601626581	-9.63244843645156
			7.47860903451208	-9.63244843645156
			7.47860903451208	-9.62390145469783
			7.47860903451208	-9.6153544729441
			7.47006205275835	-9.60680749119037
			7.47006205275835	-9.59826050943664
			7.46151507100462	-9.58971352768292
			7.45296808925089	-9.58116654592919
			7.45296808925089	-9.57261956417546
			7.44442110749717	-9.56407258242173
			7.43587412574344	-9.555525600668
			7.42732714398971	-9.555525600668
		</curveLM10>
		<curveLM11 type=matrix rownames=FALSE colnames=FALSE nrow=89 ncol=2 as.numeric=TRUE >
			7.42732714398971	-9.555525600668
			7.41878016223598	-9.555525600668
			7.41023318048225	-9.555525600668
			7.40168619872852	-9.54697861891428
			7.3931392169748	-9.54697861891428
			7.38459223522107	-9.54697861891428
			7.37604525346734	-9.555525600668
			7.36749827171361	-9.555525600668
			7.35895128995988	-9.555525600668
			7.35040430820616	-9.555525600668
			7.34185732645243	-9.555525600668
			7.3333103446987	-9.56407258242173
			7.32476336294497	-9.56407258242173
			7.31621638119124	-9.57261956417546
			7.30766939943752	-9.57261956417546
			7.29912241768379	-9.57261956417546
			7.29057543593006	-9.58116654592919
			7.28202845417633	-9.58971352768292
			7.2734814724226	-9.58971352768292
			7.26493449066888	-9.59826050943664
			7.25638750891515	-9.59826050943664
			7.24784052716142	-9.60680749119037
			7.23929354540769	-9.6153544729441
			7.23074656365396	-9.6153544729441
			7.22219958190024	-9.62390145469783
			7.21365260014651	-9.62390145469783
			7.21365260014651	-9.63244843645156
			7.20510561839278	-9.64099541820528
			7.19655863663905	-9.64099541820528
			7.18801165488532	-9.64954239995901
			7.17946467313159	-9.65808938171274
			7.17091769137787	-9.66663636346647
			7.16237070962414	-9.66663636346647
			7.15382372787041	-9.6751833452202
			7.14527674611668	-9.68373032697392
			7.13672976436295	-9.69227730872765
			7.12818278260923	-9.70082429048138
			7.1196358008555	-9.70937127223511
			7.11108881910177	-9.71791825398884
			7.10254183734804	-9.72646523574257
			7.09399485559431	-9.73501221749629
			7.08544787384059	-9.73501221749629
			7.07690089208686	-9.74355919925002
			7.06835391033313	-9.75210618100375
			7.0598069285794	-9.75210618100375
			7.05125994682567	-9.76065316275748
			7.04271296507195	-9.76920014451121
			7.03416598331822	-9.76920014451121
			7.02561900156449	-9.77774712626493
			7.01707201981076	-9.77774712626493
			7.00852503805703	-9.78629410801866
			6.9999780563033	-9.79484108977239
			6.99143107454958	-9.79484108977239
			6.98288409279585	-9.80338807152612
			6.97433711104212	-9.81193505327985
			6.96579012928839	-9.81193505327985
			6.95724314753466	-9.82048203503357
			6.94869616578094	-9.8290290167873
			6.94014918402721	-9.8290290167873
			6.93160220227348	-9.83757599854103
			6.92305522051975	-9.83757599854103
			6.91450823876602	-9.84612298029476
			6.9059612570123	-9.85466996204849
			6.89741427525857	-9.85466996204849
			6.88886729350484	-9.86321694380221
			6.88032031175111	-9.86321694380221
			6.87177332999738	-9.87176392555594
			6.86322634824366	-9.87176392555594
			6.85467936648993	-9.88031090730967
			6.8461323847362	-9.88031090730967
			6.83758540298247	-9.8888578890634
			6.82903842122874	-9.8888578890634
			6.82049143947502	-9.89740487081713
			6.81194445772129	-9.89740487081713
			6.80339747596756	-9.90595185257085
			6.79485049421383	-9.90595185257085
			6.7863035124601	-9.91449883432458
			6.77775653070637	-9.91449883432458
			6.76920954895265	-9.91449883432458
			6.76066256719892	-9.92304581607831
			6.75211558544519	-9.92304581607831
			6.74356860369146	-9.92304581607831
			6.73502162193773	-9.92304581607831
			6.72647464018401	-9.93159279783204
			6.71792765843028	-9.93159279783204
			6.70938067667655	-9.93159279783204
			6.70083369492282	-9.93159279783204
			6.69228671316909	-9.92304581607831
			6.68373973141537	-9.92304581607831
		</curveLM11>
		<curveLM12 type=matrix rownames=FALSE colnames=FALSE nrow=315 ncol=2 as.numeric=TRUE >
			6.68373973141537	-9.92304581607831
			6.68373973141537	-9.91449883432458
			6.67519274966164	-9.91449883432458
			6.67519274966164	-9.90595185257085
			6.66664576790791	-9.89740487081713
			6.66664576790791	-9.8888578890634
			6.66664576790791	-9.88031090730967
			6.66664576790791	-9.87176392555594
			6.66664576790791	-9.86321694380221
			6.66664576790791	-9.85466996204849
			6.66664576790791	-9.84612298029476
			6.66664576790791	-9.83757599854103
			6.66664576790791	-9.8290290167873
			6.66664576790791	-9.82048203503357
			6.66664576790791	-9.81193505327985
			6.66664576790791	-9.80338807152612
			6.66664576790791	-9.79484108977239
			6.66664576790791	-9.78629410801866
			6.66664576790791	-9.77774712626493
			6.67519274966164	-9.76920014451121
			6.67519274966164	-9.76065316275748
			6.67519274966164	-9.75210618100375
			6.67519274966164	-9.74355919925002
			6.67519274966164	-9.73501221749629
			6.67519274966164	-9.72646523574257
			6.68373973141537	-9.71791825398884
			6.68373973141537	-9.70937127223511
			6.68373973141537	-9.70082429048138
			6.68373973141537	-9.69227730872765
			6.68373973141537	-9.68373032697392
			6.68373973141537	-9.6751833452202
			6.69228671316909	-9.66663636346647
			6.69228671316909	-9.65808938171274
			6.69228671316909	-9.64954239995901
			6.69228671316909	-9.64099541820528
			6.70083369492282	-9.63244843645156
			6.70083369492282	-9.62390145469783
			6.70083369492282	-9.6153544729441
			6.70083369492282	-9.60680749119037
			6.70083369492282	-9.59826050943664
			6.70938067667655	-9.58971352768292
			6.70938067667655	-9.58116654592919
			6.70938067667655	-9.57261956417546
			6.71792765843028	-9.56407258242173
			6.71792765843028	-9.555525600668
			6.71792765843028	-9.54697861891428
			6.71792765843028	-9.53843163716055
			6.71792765843028	-9.52988465540682
			6.72647464018401	-9.52133767365309
			6.72647464018401	-9.51279069189936
			6.72647464018401	-9.50424371014564
			6.73502162193773	-9.49569672839191
			6.73502162193773	-9.48714974663818
			6.73502162193773	-9.47860276488445
			6.73502162193773	-9.47005578313072
			6.73502162193773	-9.461508801377
			6.74356860369146	-9.461508801377
			6.74356860369146	-9.45296181962327
			6.74356860369146	-9.44441483786954
			6.74356860369146	-9.43586785611581
			6.75211558544519	-9.42732087436208
			6.75211558544519	-9.41877389260835
			6.75211558544519	-9.41022691085463
			6.76066256719892	-9.4016799291009
			6.76066256719892	-9.39313294734717
			6.76066256719892	-9.38458596559344
			6.76920954895265	-9.37603898383971
			6.76920954895265	-9.36749200208599
			6.76920954895265	-9.35894502033226
			6.76920954895265	-9.35039803857853
			6.77775653070637	-9.3418510568248
			6.77775653070637	-9.33330407507107
			6.77775653070637	-9.32475709331734
			6.77775653070637	-9.31621011156362
			6.7863035124601	-9.31621011156362
			6.7863035124601	-9.30766312980989
			6.7863035124601	-9.29911614805616
			6.79485049421383	-9.29056916630243
			6.79485049421383	-9.2820221845487
			6.79485049421383	-9.27347520279498
			6.79485049421383	-9.26492822104125
			6.80339747596756	-9.26492822104125
			6.80339747596756	-9.25638123928752
			6.80339747596756	-9.24783425753379
			6.80339747596756	-9.23928727578006
			6.81194445772129	-9.23074029402634
			6.81194445772129	-9.22219331227261
			6.81194445772129	-9.21364633051888
			6.82049143947502	-9.20509934876515
			6.82049143947502	-9.19655236701142
			6.82049143947502	-9.1880053852577
			6.82903842122874	-9.17945840350397
			6.82903842122874	-9.17091142175024
			6.82903842122874	-9.16236443999651
			6.83758540298247	-9.15381745824278
			6.83758540298247	-9.14527047648905
			6.83758540298247	-9.13672349473533
			6.8461323847362	-9.1281765129816
			6.8461323847362	-9.11962953122787
			6.8461323847362	-9.11108254947414
			6.85467936648993	-9.10253556772041
			6.85467936648993	-9.09398858596669
			6.85467936648993	-9.08544160421296
			6.86322634824366	-9.07689462245923
			6.86322634824366	-9.0683476407055
			6.86322634824366	-9.05980065895177
			6.87177332999738	-9.05125367719805
			6.87177332999738	-9.04270669544432
			6.87177332999738	-9.03415971369059
			6.88032031175111	-9.02561273193686
			6.88032031175111	-9.01706575018313
			6.88032031175111	-9.00851876842941
			6.88886729350484	-8.99997178667568
			6.88886729350484	-8.99142480492195
			6.88886729350484	-8.98287782316822
			6.89741427525857	-8.97433084141449
			6.89741427525857	-8.96578385966077
			6.89741427525857	-8.95723687790704
			6.9059612570123	-8.94868989615331
			6.9059612570123	-8.94014291439958
			6.9059612570123	-8.93159593264585
			6.91450823876602	-8.92304895089213
			6.91450823876602	-8.9145019691384
			6.91450823876602	-8.90595498738467
			6.92305522051975	-8.89740800563094
			6.92305522051975	-8.88886102387721
			6.92305522051975	-8.88031404212348
			6.93160220227348	-8.87176706036976
			6.93160220227348	-8.86322007861603
			6.94014918402721	-8.8546730968623
			6.94014918402721	-8.84612611510857
			6.94014918402721	-8.83757913335484
			6.94869616578094	-8.82903215160112
			6.94869616578094	-8.82048516984739
			6.94869616578094	-8.81193818809366
			6.95724314753466	-8.80339120633993
			6.95724314753466	-8.7948442245862
			6.95724314753466	-8.78629724283248
			6.96579012928839	-8.77775026107875
			6.96579012928839	-8.76920327932502
			6.97433711104212	-8.76065629757129
			6.97433711104212	-8.75210931581756
			6.97433711104212	-8.74356233406384
			6.98288409279585	-8.73501535231011
			6.98288409279585	-8.72646837055638
			6.98288409279585	-8.71792138880265
			6.99143107454958	-8.70937440704892
			6.99143107454958	-8.70082742529519
			6.9999780563033	-8.69228044354147
			6.9999780563033	-8.68373346178774
			6.9999780563033	-8.67518648003401
			7.00852503805703	-8.67518648003401
			7.00852503805703	-8.66663949828028
			7.00852503805703	-8.65809251652655
			7.01707201981076	-8.64954553477283
			7.01707201981076	-8.6409985530191
			7.02561900156449	-8.63245157126537
			7.02561900156449	-8.62390458951164
			7.02561900156449	-8.61535760775791
			7.03416598331822	-8.60681062600418
			7.03416598331822	-8.59826364425046
			7.04271296507195	-8.58971666249673
			7.04271296507195	-8.581169680743
			7.04271296507195	-8.57262269898927
			7.05125994682567	-8.56407571723554
			7.05125994682567	-8.55552873548182
			7.05125994682567	-8.54698175372809
			7.0598069285794	-8.53843477197436
			7.0598069285794	-8.52988779022063
			7.06835391033313	-8.52988779022063
			7.06835391033313	-8.5213408084669
			7.06835391033313	-8.51279382671318
			7.07690089208686	-8.50424684495945
			7.07690089208686	-8.49569986320572
			7.08544787384059	-8.48715288145199
			7.08544787384059	-8.47860589969826
			7.08544787384059	-8.47005891794454
			7.09399485559431	-8.46151193619081
			7.09399485559431	-8.45296495443708
			7.10254183734804	-8.44441797268335
			7.10254183734804	-8.43587099092962
			7.11108881910177	-8.4273240091759
			7.11108881910177	-8.41877702742217
			7.11108881910177	-8.41023004566844
			7.1196358008555	-8.41023004566844
			7.1196358008555	-8.40168306391471
			7.1196358008555	-8.39313608216098
			7.12818278260923	-8.39313608216098
			7.12818278260923	-8.38458910040726
			7.12818278260923	-8.37604211865353
			7.13672976436295	-8.37604211865353
			7.13672976436295	-8.3674951368998
			7.13672976436295	-8.35894815514607
			7.14527674611668	-8.35040117339234
			7.14527674611668	-8.34185419163861
			7.15382372787041	-8.33330720988489
			7.15382372787041	-8.32476022813116
			7.16237070962414	-8.31621324637743
			7.16237070962414	-8.3076662646237
			7.17091769137787	-8.29911928286997
			7.17091769137787	-8.29057230111625
			7.17946467313159	-8.28202531936252
			7.17946467313159	-8.27347833760879
			7.17946467313159	-8.26493135585506
			7.18801165488532	-8.25638437410133
			7.18801165488532	-8.24783739234761
			7.19655863663905	-8.23929041059388
			7.20510561839278	-8.23074342884015
			7.20510561839278	-8.22219644708642
			7.21365260014651	-8.21364946533269
			7.21365260014651	-8.20510248357897
			7.21365260014651	-8.19655550182524
			7.22219958190024	-8.19655550182524
			7.22219958190024	-8.18800852007151
			7.22219958190024	-8.17946153831778
			7.23074656365396	-8.17946153831778
			7.23074656365396	-8.17091455656405
			7.23074656365396	-8.16236757481033
			7.23929354540769	-8.16236757481033
			7.23929354540769	-8.1538205930566
			7.23929354540769	-8.14527361130287
			7.24784052716142	-8.14527361130287
			7.24784052716142	-8.13672662954914
			7.25638750891515	-8.12817964779541
			7.25638750891515	-8.11963266604169
			7.26493449066888	-8.11108568428796
			7.26493449066888	-8.10253870253423
			7.26493449066888	-8.0939917207805
			7.2734814724226	-8.0939917207805
			7.2734814724226	-8.08544473902677
			7.28202845417633	-8.07689775727304
			7.28202845417633	-8.06835077551932
			7.29057543593006	-8.05980379376559
			7.29057543593006	-8.05125681201186
			7.29912241768379	-8.04270983025813
			7.29912241768379	-8.0341628485044
			7.30766939943752	-8.02561586675067
			7.30766939943752	-8.01706888499695
			7.31621638119124	-8.00852190324322
			7.32476336294497	-7.99997492148949
			7.32476336294497	-7.99142793973576
			7.3333103446987	-7.98288095798203
			7.3333103446987	-7.97433397622831
			7.34185732645243	-7.96578699447458
			7.34185732645243	-7.95724001272085
			7.35040430820616	-7.94869303096712
			7.35895128995988	-7.94014604921339
			7.35895128995988	-7.93159906745967
			7.35895128995988	-7.92305208570594
			7.36749827171361	-7.92305208570594
			7.36749827171361	-7.91450510395221
			7.37604525346734	-7.90595812219848
			7.37604525346734	-7.89741114044475
			7.38459223522107	-7.89741114044475
			7.38459223522107	-7.88886415869103
			7.38459223522107	-7.8803171769373
			7.3931392169748	-7.87177019518357
			7.40168619872852	-7.86322321342984
			7.40168619872852	-7.85467623167611
			7.41023318048225	-7.84612924992239
			7.41023318048225	-7.83758226816866
			7.41878016223598	-7.82903528641493
			7.41878016223598	-7.8204883046612
			7.42732714398971	-7.8204883046612
			7.43587412574344	-7.81194132290747
			7.43587412574344	-7.80339434115375
			7.44442110749717	-7.79484735940002
			7.44442110749717	-7.78630037764629
			7.45296808925089	-7.77775339589256
			7.45296808925089	-7.76920641413883
			7.46151507100462	-7.76065943238511
			7.47006205275835	-7.75211245063138
			7.47860903451208	-7.74356546887765
			7.47860903451208	-7.73501848712392
			7.48715601626581	-7.72647150537019
			7.48715601626581	-7.71792452361646
			7.49570299801953	-7.70937754186274
			7.49570299801953	-7.70083056010901
			7.50424997977326	-7.69228357835528
			7.51279696152699	-7.68373659660155
			7.52134394328072	-7.67518961484782
			7.52134394328072	-7.6666426330941
			7.52989092503445	-7.65809565134037
			7.53843790678817	-7.64954866958664
			7.53843790678817	-7.64100168783291
			7.5469848885419	-7.63245470607918
			7.5469848885419	-7.62390772432546
			7.55553187029563	-7.61536074257173
			7.55553187029563	-7.606813760818
			7.56407885204936	-7.606813760818
			7.57262583380309	-7.59826677906427
			7.57262583380309	-7.58971979731054
			7.58117281555681	-7.58117281555681
			7.58117281555681	-7.57262583380309
			7.58971979731054	-7.56407885204936
			7.59826677906427	-7.55553187029563
			7.59826677906427	-7.5469848885419
			7.606813760818	-7.5469848885419
			7.606813760818	-7.53843790678817
			7.61536074257173	-7.52989092503445
			7.62390772432546	-7.52134394328072
			7.62390772432546	-7.51279696152699
			7.63245470607918	-7.50424997977326
			7.64100168783291	-7.49570299801953
			7.64954866958664	-7.48715601626581
			7.64954866958664	-7.47860903451208
			7.65809565134037	-7.47006205275835
			7.6666426330941	-7.46151507100462
			7.67518961484782	-7.45296808925089
			7.67518961484782	-7.44442110749717
			7.68373659660155	-7.43587412574344
			7.69228357835528	-7.42732714398971
			7.70083056010901	-7.41878016223598
			7.70083056010901	-7.41023318048225
			7.70937754186274	-7.40168619872852
		</curveLM12>
	</curves.scaled>
	<ruler.points type=matrix rownames=TRUE colnames=FALSE nrow=5 ncol=2 as.numeric=TRUE >
		Ruler point 1	434	1410
		Ruler point 2	551	1410
		Ruler point 3	668	1409
		Ruler point 4	785	1409
		Ruler point 5	902	1409
	</ruler.points>
</shapes>

