<shapes type=list>
	<ruler.pixel type=vector names=FALSE length=1 as.numeric=TRUE >117</ruler.pixel>
	<ruler.interval type=vector names=FALSE length=1 as.numeric=TRUE >1</ruler.interval>
	<scaling.units type=vector names=FALSE length=1 as.numeric=FALSE >cm</scaling.units>
	<scaling type=vector names=FALSE length=1 as.numeric=TRUE >0.00854700854700855</scaling>
	<landmarks.pixel type=matrix rownames=TRUE colnames=FALSE nrow=6 ncol=2 as.numeric=TRUE >
		LM01	901	822
		LM02	1014	1176
		LM03	944	1133
		LM04	901	1196
		LM05	864	1130
		LM06	792	1167
	</landmarks.pixel>
	<landmarks.scaled type=matrix rownames=TRUE colnames=FALSE nrow=6 ncol=2 as.numeric=TRUE >
		LM01	7.7008547008547	-7.02564102564103
		LM02	8.66666666666667	-10.0512820512821
		LM03	8.06837606837607	-9.68376068376068
		LM04	7.7008547008547	-10.2222222222222
		LM05	7.38461538461539	-9.65811965811966
		LM06	6.76923076923077	-9.97435897435898
	</landmarks.scaled>
	<curves.control type=list>
		<curveLM07 type=matrix rownames=FALSE colnames=FALSE nrow=7 ncol=2 as.numeric=TRUE >
			901	822
			907	821
			936	890
			970	965
			1005	1098
			1026	1168
			1014	1176
		</curveLM07>
		<curveLM08 type=matrix rownames=FALSE colnames=FALSE nrow=5 ncol=2 as.numeric=TRUE >
			1014	1176
			1007	1185
			991	1165
			956	1128
			944	1133
		</curveLM08>
		<curveLM09 type=matrix rownames=FALSE colnames=FALSE nrow=5 ncol=2 as.numeric=TRUE >
			944	1133
			933	1141
			925	1162
			921	1199
			901	1196
		</curveLM09>
		<curveLM10 type=matrix rownames=FALSE colnames=FALSE nrow=5 ncol=2 as.numeric=TRUE >
			901	1196
			883	1198
			877	1160
			875	1140
			864	1130
		</curveLM10>
		<curveLM11 type=matrix rownames=FALSE colnames=FALSE nrow=5 ncol=2 as.numeric=TRUE >
			864	1130
			853	1127
			822	1152
			799	1172
			792	1167
		</curveLM11>
		<curveLM12 type=matrix rownames=FALSE colnames=FALSE nrow=5 ncol=2 as.numeric=TRUE >
			792	1167
			788	1153
			809	1088
			839	953
			901	822
		</curveLM12>
	</curves.control>
	<curves.pixel type=list>
		<curveLM07 type=matrix rownames=FALSE colnames=FALSE nrow=364 ncol=2 as.numeric=TRUE >
			901	822
			902	822
			903	823
			904	824
			905	825
			906	826
			906	827
			907	828
			908	829
			908	830
			909	831
			909	832
			910	833
			910	834
			911	834
			911	835
			912	836
			912	837
			912	838
			913	839
			913	840
			914	841
			914	842
			915	843
			915	844
			916	845
			917	846
			917	847
			918	848
			918	849
			918	850
			919	851
			919	852
			920	853
			920	854
			921	855
			921	856
			922	857
			922	858
			922	859
			923	860
			923	861
			924	862
			924	863
			925	864
			925	865
			926	866
			926	867
			927	868
			927	869
			927	870
			928	870
			928	871
			928	872
			929	873
			929	874
			930	875
			930	876
			931	877
			931	878
			931	879
			932	880
			932	881
			932	882
			933	883
			933	884
			934	884
			934	885
			934	886
			935	887
			935	888
			936	889
			936	890
			937	891
			937	892
			937	893
			938	894
			938	895
			939	896
			939	897
			940	898
			940	899
			940	900
			941	900
			941	901
			941	902
			942	903
			942	904
			943	905
			943	906
			944	907
			944	908
			944	909
			945	910
			945	911
			946	912
			946	913
			946	914
			947	915
			947	916
			948	917
			948	918
			948	919
			949	920
			949	921
			949	922
			950	923
			950	924
			951	925
			951	926
			951	927
			952	928
			952	929
			953	930
			953	931
			953	932
			954	933
			954	934
			955	935
			955	936
			955	937
			955	938
			956	938
			956	939
			956	940
			957	940
			957	941
			957	942
			958	943
			958	944
			958	945
			959	946
			959	947
			959	948
			960	949
			960	950
			961	951
			961	952
			961	953
			962	954
			962	955
			962	956
			963	957
			963	958
			963	959
			963	960
			964	960
			964	961
			964	962
			965	963
			965	964
			965	965
			966	966
			966	967
			966	968
			967	969
			967	970
			967	971
			968	972
			968	973
			968	974
			969	975
			969	976
			969	977
			970	978
			970	979
			970	980
			971	981
			971	982
			971	983
			972	984
			972	985
			972	986
			973	987
			973	988
			973	989
			974	990
			974	991
			974	992
			975	993
			975	994
			975	995
			976	996
			976	997
			976	998
			977	999
			977	1000
			977	1001
			978	1002
			978	1003
			978	1004
			979	1005
			979	1006
			979	1007
			979	1008
			980	1009
			980	1010
			980	1011
			981	1012
			981	1013
			981	1014
			982	1015
			982	1016
			982	1017
			982	1018
			983	1019
			983	1020
			983	1021
			984	1022
			984	1023
			984	1024
			984	1025
			985	1026
			985	1027
			985	1028
			986	1028
			986	1029
			986	1030
			986	1031
			987	1032
			987	1033
			987	1034
			988	1035
			988	1036
			988	1037
			988	1038
			989	1039
			989	1040
			989	1041
			990	1042
			990	1043
			990	1044
			990	1045
			991	1046
			991	1047
			991	1048
			992	1049
			992	1050
			992	1051
			992	1052
			993	1053
			993	1054
			993	1055
			994	1056
			994	1057
			994	1058
			994	1059
			995	1060
			995	1061
			995	1062
			996	1063
			996	1064
			996	1065
			996	1066
			997	1067
			997	1068
			997	1069
			997	1070
			998	1071
			998	1072
			998	1073
			999	1074
			999	1075
			999	1076
			999	1077
			1000	1078
			1000	1079
			1000	1080
			1000	1081
			1001	1082
			1001	1083
			1001	1084
			1002	1085
			1002	1086
			1002	1087
			1002	1088
			1003	1089
			1003	1090
			1003	1091
			1003	1092
			1004	1093
			1004	1094
			1004	1095
			1004	1096
			1005	1097
			1005	1098
			1005	1099
			1005	1100
			1006	1101
			1006	1102
			1006	1103
			1007	1104
			1007	1105
			1007	1106
			1008	1107
			1008	1108
			1008	1109
			1009	1110
			1009	1111
			1009	1112
			1009	1113
			1010	1114
			1010	1115
			1010	1116
			1010	1117
			1011	1118
			1011	1119
			1011	1120
			1011	1121
			1012	1122
			1012	1123
			1012	1124
			1013	1125
			1013	1126
			1013	1127
			1013	1128
			1014	1129
			1014	1130
			1014	1131
			1014	1132
			1014	1133
			1015	1134
			1015	1135
			1015	1136
			1015	1137
			1015	1138
			1016	1139
			1016	1140
			1016	1141
			1016	1142
			1016	1143
			1017	1144
			1017	1145
			1017	1146
			1017	1147
			1017	1148
			1017	1149
			1017	1150
			1018	1151
			1018	1152
			1018	1153
			1018	1154
			1018	1155
			1018	1156
			1018	1157
			1018	1158
			1018	1159
			1018	1160
			1018	1161
			1018	1162
			1018	1163
			1018	1164
			1018	1165
			1018	1166
			1018	1167
			1018	1168
			1018	1169
			1018	1170
			1017	1171
			1017	1172
			1016	1173
			1016	1174
			1015	1175
			1014	1176
		</curveLM07>
		<curveLM08 type=matrix rownames=FALSE colnames=FALSE nrow=78 ncol=2 as.numeric=TRUE >
			1014	1176
			1013	1177
			1012	1178
			1011	1178
			1010	1179
			1009	1179
			1008	1179
			1007	1179
			1006	1178
			1005	1178
			1004	1177
			1003	1177
			1002	1176
			1001	1175
			1000	1174
			999	1173
			998	1172
			997	1171
			996	1171
			995	1170
			994	1169
			994	1168
			993	1167
			992	1167
			992	1166
			991	1165
			990	1164
			989	1163
			988	1162
			987	1161
			986	1160
			985	1159
			984	1158
			983	1157
			982	1156
			981	1155
			980	1154
			979	1153
			979	1152
			978	1152
			977	1151
			976	1150
			975	1149
			974	1149
			974	1148
			973	1147
			972	1146
			971	1146
			970	1145
			970	1144
			969	1144
			968	1143
			967	1143
			967	1142
			966	1141
			965	1141
			964	1140
			963	1139
			962	1138
			961	1138
			960	1137
			959	1137
			958	1136
			957	1136
			956	1135
			955	1135
			955	1134
			954	1134
			953	1134
			952	1133
			951	1133
			950	1133
			949	1133
			948	1132
			947	1132
			946	1132
			945	1133
			944	1133
		</curveLM08>
		<curveLM09 type=matrix rownames=FALSE colnames=FALSE nrow=83 ncol=2 as.numeric=TRUE >
			944	1133
			943	1133
			943	1134
			942	1134
			942	1135
			941	1135
			941	1136
			940	1136
			940	1137
			939	1137
			939	1138
			938	1138
			938	1139
			937	1139
			937	1140
			936	1141
			935	1142
			934	1143
			934	1144
			933	1145
			933	1146
			932	1147
			932	1148
			931	1149
			930	1150
			930	1151
			929	1152
			929	1153
			928	1154
			928	1155
			927	1156
			927	1157
			927	1158
			926	1159
			926	1160
			925	1161
			925	1162
			925	1163
			925	1164
			925	1165
			925	1166
			924	1167
			924	1168
			924	1169
			924	1170
			924	1171
			924	1172
			923	1173
			923	1174
			923	1175
			923	1176
			922	1177
			922	1178
			922	1179
			921	1180
			921	1181
			921	1182
			920	1183
			920	1184
			919	1185
			919	1186
			918	1187
			918	1188
			917	1189
			917	1190
			916	1190
			915	1191
			915	1192
			914	1192
			914	1193
			913	1193
			912	1194
			911	1195
			910	1195
			909	1196
			908	1196
			907	1196
			906	1196
			905	1196
			904	1196
			903	1196
			902	1196
			901	1196
		</curveLM09>
		<curveLM10 type=matrix rownames=FALSE colnames=FALSE nrow=77 ncol=2 as.numeric=TRUE >
			901	1196
			900	1196
			899	1196
			898	1196
			897	1196
			896	1196
			895	1195
			894	1195
			893	1195
			892	1194
			891	1194
			890	1193
			890	1192
			889	1191
			888	1191
			887	1190
			887	1189
			886	1188
			885	1187
			885	1186
			884	1185
			884	1184
			883	1183
			883	1182
			882	1181
			882	1180
			881	1179
			881	1178
			881	1177
			881	1176
			880	1175
			880	1174
			880	1173
			880	1172
			879	1171
			879	1170
			879	1169
			879	1168
			878	1167
			878	1166
			878	1165
			878	1164
			877	1163
			877	1162
			877	1161
			877	1160
			877	1159
			877	1158
			877	1157
			876	1156
			876	1155
			876	1154
			876	1153
			876	1152
			875	1151
			875	1150
			875	1149
			875	1148
			874	1147
			874	1146
			874	1145
			873	1144
			873	1143
			873	1142
			872	1141
			872	1140
			871	1139
			871	1138
			870	1137
			869	1136
			868	1135
			868	1134
			867	1133
			866	1132
			865	1131
			865	1130
			864	1130
		</curveLM10>
		<curveLM11 type=matrix rownames=FALSE colnames=FALSE nrow=81 ncol=2 as.numeric=TRUE >
			864	1130
			863	1130
			862	1130
			861	1130
			860	1130
			859	1130
			858	1130
			857	1130
			856	1131
			855	1131
			854	1131
			853	1132
			852	1132
			851	1133
			850	1133
			849	1134
			848	1134
			847	1134
			847	1135
			846	1135
			845	1136
			844	1136
			843	1137
			842	1138
			841	1138
			840	1139
			839	1140
			838	1140
			837	1141
			836	1142
			835	1142
			834	1143
			833	1143
			832	1144
			831	1145
			830	1146
			829	1147
			828	1147
			827	1148
			826	1149
			825	1149
			824	1150
			824	1151
			823	1151
			822	1152
			821	1153
			820	1153
			820	1154
			819	1154
			818	1155
			818	1156
			817	1156
			817	1157
			816	1157
			815	1158
			814	1158
			813	1159
			812	1160
			811	1161
			810	1162
			809	1163
			808	1163
			807	1163
			807	1164
			806	1164
			805	1164
			805	1165
			804	1165
			803	1166
			802	1166
			801	1167
			800	1167
			799	1167
			798	1168
			797	1168
			796	1168
			795	1168
			794	1168
			793	1168
			793	1167
			792	1167
		</curveLM11>
		<curveLM12 type=matrix rownames=FALSE colnames=FALSE nrow=354 ncol=2 as.numeric=TRUE >
			792	1167
			792	1166
			792	1165
			791	1164
			791	1163
			791	1162
			791	1161
			791	1160
			791	1159
			791	1158
			792	1158
			792	1157
			792	1156
			792	1155
			792	1154
			792	1153
			792	1152
			792	1151
			792	1150
			793	1149
			793	1148
			793	1147
			793	1146
			793	1145
			794	1144
			794	1143
			794	1142
			794	1141
			794	1140
			795	1139
			795	1138
			795	1137
			795	1136
			795	1135
			796	1134
			796	1133
			796	1132
			796	1131
			797	1130
			797	1129
			797	1128
			797	1127
			798	1126
			798	1125
			798	1124
			799	1123
			799	1122
			799	1121
			799	1120
			800	1119
			800	1118
			800	1117
			800	1116
			801	1115
			801	1114
			801	1113
			801	1112
			802	1112
			802	1111
			802	1110
			803	1109
			803	1108
			803	1107
			803	1106
			804	1105
			804	1104
			804	1103
			805	1102
			805	1101
			805	1100
			805	1099
			806	1098
			806	1097
			806	1096
			807	1095
			807	1094
			807	1093
			808	1092
			808	1091
			808	1090
			809	1089
			809	1088
			809	1087
			809	1086
			810	1085
			810	1084
			810	1083
			810	1082
			811	1081
			811	1080
			811	1079
			811	1078
			811	1077
			812	1076
			812	1075
			812	1074
			812	1073
			813	1072
			813	1071
			813	1070
			813	1069
			814	1069
			814	1068
			814	1067
			814	1066
			814	1065
			815	1064
			815	1063
			815	1062
			815	1061
			816	1060
			816	1059
			816	1058
			816	1057
			817	1056
			817	1055
			817	1054
			817	1053
			818	1052
			818	1051
			818	1050
			818	1049
			818	1048
			819	1047
			819	1046
			819	1045
			820	1044
			820	1043
			820	1042
			820	1041
			821	1040
			821	1039
			821	1038
			822	1037
			822	1036
			822	1035
			822	1034
			823	1033
			823	1032
			823	1031
			823	1030
			824	1029
			824	1028
			824	1027
			825	1026
			825	1025
			825	1024
			825	1023
			826	1022
			826	1021
			826	1020
			827	1019
			827	1018
			827	1017
			827	1016
			828	1015
			828	1014
			828	1013
			828	1012
			829	1011
			829	1010
			829	1009
			830	1008
			830	1007
			830	1006
			831	1005
			831	1004
			831	1003
			831	1002
			832	1001
			832	1000
			832	999
			833	998
			833	997
			833	996
			834	995
			834	994
			834	993
			834	992
			835	991
			835	990
			835	989
			836	988
			836	987
			836	986
			837	986
			837	985
			837	984
			838	983
			838	982
			838	981
			838	980
			839	979
			839	978
			839	977
			840	976
			840	975
			840	974
			841	973
			841	972
			841	971
			842	970
			842	969
			842	968
			843	967
			843	966
			843	965
			844	964
			844	963
			844	962
			845	961
			845	960
			845	959
			846	958
			846	957
			846	956
			847	955
			847	954
			847	953
			848	952
			848	951
			848	950
			849	949
			849	948
			849	947
			850	946
			850	945
			850	944
			851	943
			851	942
			851	941
			852	940
			852	939
			852	938
			853	938
			853	937
			854	936
			854	935
			854	934
			855	933
			855	932
			855	931
			856	930
			856	929
			856	928
			857	927
			857	926
			858	925
			858	924
			858	923
			859	922
			859	921
			859	920
			860	919
			860	918
			860	917
			861	916
			861	915
			862	914
			862	913
			862	912
			863	911
			863	910
			863	909
			864	908
			864	907
			865	906
			865	905
			865	904
			866	903
			866	902
			866	901
			867	900
			867	899
			868	899
			868	898
			868	897
			869	896
			869	895
			870	894
			870	893
			870	892
			871	891
			871	890
			872	889
			872	888
			872	887
			873	886
			873	885
			874	884
			874	883
			874	882
			875	881
			875	880
			876	879
			876	878
			876	877
			877	876
			877	875
			878	874
			878	873
			878	872
			879	871
			879	870
			880	869
			880	868
			881	867
			881	866
			881	865
			882	865
			882	864
			883	863
			883	862
			883	861
			884	860
			884	859
			885	858
			885	857
			886	856
			886	855
			886	854
			887	853
			887	852
			888	851
			888	850
			889	849
			889	848
			889	847
			890	846
			890	845
			891	844
			891	843
			892	842
			892	841
			892	840
			893	839
			893	838
			894	837
			894	836
			895	835
			896	834
			896	833
			896	832
			897	831
			897	830
			898	829
			898	828
			899	827
			899	826
			899	825
			900	825
			900	824
			901	823
			901	822
		</curveLM12>
	</curves.pixel>
	<curves.scaled type=list>
		<curveLM07 type=matrix rownames=FALSE colnames=FALSE nrow=364 ncol=2 as.numeric=TRUE >
			7.7008547008547	-7.02564102564103
			7.70940170940171	-7.02564102564103
			7.71794871794872	-7.03418803418803
			7.72649572649573	-7.04273504273504
			7.73504273504274	-7.05128205128205
			7.74358974358974	-7.05982905982906
			7.74358974358974	-7.06837606837607
			7.75213675213675	-7.07692307692308
			7.76068376068376	-7.08547008547009
			7.76068376068376	-7.09401709401709
			7.76923076923077	-7.1025641025641
			7.76923076923077	-7.11111111111111
			7.77777777777778	-7.11965811965812
			7.77777777777778	-7.12820512820513
			7.78632478632479	-7.12820512820513
			7.78632478632479	-7.13675213675214
			7.7948717948718	-7.14529914529915
			7.7948717948718	-7.15384615384615
			7.7948717948718	-7.16239316239316
			7.8034188034188	-7.17094017094017
			7.8034188034188	-7.17948717948718
			7.81196581196581	-7.18803418803419
			7.81196581196581	-7.1965811965812
			7.82051282051282	-7.20512820512821
			7.82051282051282	-7.21367521367521
			7.82905982905983	-7.22222222222222
			7.83760683760684	-7.23076923076923
			7.83760683760684	-7.23931623931624
			7.84615384615385	-7.24786324786325
			7.84615384615385	-7.25641025641026
			7.84615384615385	-7.26495726495727
			7.85470085470086	-7.27350427350427
			7.85470085470086	-7.28205128205128
			7.86324786324786	-7.29059829059829
			7.86324786324786	-7.2991452991453
			7.87179487179487	-7.30769230769231
			7.87179487179487	-7.31623931623932
			7.88034188034188	-7.32478632478633
			7.88034188034188	-7.33333333333333
			7.88034188034188	-7.34188034188034
			7.88888888888889	-7.35042735042735
			7.88888888888889	-7.35897435897436
			7.8974358974359	-7.36752136752137
			7.8974358974359	-7.37606837606838
			7.90598290598291	-7.38461538461539
			7.90598290598291	-7.39316239316239
			7.91452991452992	-7.4017094017094
			7.91452991452992	-7.41025641025641
			7.92307692307692	-7.41880341880342
			7.92307692307692	-7.42735042735043
			7.92307692307692	-7.43589743589744
			7.93162393162393	-7.43589743589744
			7.93162393162393	-7.44444444444445
			7.93162393162393	-7.45299145299145
			7.94017094017094	-7.46153846153846
			7.94017094017094	-7.47008547008547
			7.94871794871795	-7.47863247863248
			7.94871794871795	-7.48717948717949
			7.95726495726496	-7.4957264957265
			7.95726495726496	-7.50427350427351
			7.95726495726496	-7.51282051282051
			7.96581196581197	-7.52136752136752
			7.96581196581197	-7.52991452991453
			7.96581196581197	-7.53846153846154
			7.97435897435898	-7.54700854700855
			7.97435897435898	-7.55555555555556
			7.98290598290598	-7.55555555555556
			7.98290598290598	-7.56410256410256
			7.98290598290598	-7.57264957264957
			7.99145299145299	-7.58119658119658
			7.99145299145299	-7.58974358974359
			8	-7.5982905982906
			8	-7.60683760683761
			8.00854700854701	-7.61538461538462
			8.00854700854701	-7.62393162393162
			8.00854700854701	-7.63247863247863
			8.01709401709402	-7.64102564102564
			8.01709401709402	-7.64957264957265
			8.02564102564103	-7.65811965811966
			8.02564102564103	-7.66666666666667
			8.03418803418804	-7.67521367521368
			8.03418803418804	-7.68376068376068
			8.03418803418804	-7.69230769230769
			8.04273504273504	-7.69230769230769
			8.04273504273504	-7.7008547008547
			8.04273504273504	-7.70940170940171
			8.05128205128205	-7.71794871794872
			8.05128205128205	-7.72649572649573
			8.05982905982906	-7.73504273504274
			8.05982905982906	-7.74358974358974
			8.06837606837607	-7.75213675213675
			8.06837606837607	-7.76068376068376
			8.06837606837607	-7.76923076923077
			8.07692307692308	-7.77777777777778
			8.07692307692308	-7.78632478632479
			8.08547008547009	-7.7948717948718
			8.08547008547009	-7.8034188034188
			8.08547008547009	-7.81196581196581
			8.0940170940171	-7.82051282051282
			8.0940170940171	-7.82905982905983
			8.1025641025641	-7.83760683760684
			8.1025641025641	-7.84615384615385
			8.1025641025641	-7.85470085470086
			8.11111111111111	-7.86324786324786
			8.11111111111111	-7.87179487179487
			8.11111111111111	-7.88034188034188
			8.11965811965812	-7.88888888888889
			8.11965811965812	-7.8974358974359
			8.12820512820513	-7.90598290598291
			8.12820512820513	-7.91452991452992
			8.12820512820513	-7.92307692307692
			8.13675213675214	-7.93162393162393
			8.13675213675214	-7.94017094017094
			8.14529914529915	-7.94871794871795
			8.14529914529915	-7.95726495726496
			8.14529914529915	-7.96581196581197
			8.15384615384616	-7.97435897435898
			8.15384615384616	-7.98290598290598
			8.16239316239316	-7.99145299145299
			8.16239316239316	-8
			8.16239316239316	-8.00854700854701
			8.16239316239316	-8.01709401709402
			8.17094017094017	-8.01709401709402
			8.17094017094017	-8.02564102564103
			8.17094017094017	-8.03418803418804
			8.17948717948718	-8.03418803418804
			8.17948717948718	-8.04273504273504
			8.17948717948718	-8.05128205128205
			8.18803418803419	-8.05982905982906
			8.18803418803419	-8.06837606837607
			8.18803418803419	-8.07692307692308
			8.1965811965812	-8.08547008547009
			8.1965811965812	-8.0940170940171
			8.1965811965812	-8.1025641025641
			8.20512820512821	-8.11111111111111
			8.20512820512821	-8.11965811965812
			8.21367521367521	-8.12820512820513
			8.21367521367521	-8.13675213675214
			8.21367521367521	-8.14529914529915
			8.22222222222222	-8.15384615384616
			8.22222222222222	-8.16239316239316
			8.22222222222222	-8.17094017094017
			8.23076923076923	-8.17948717948718
			8.23076923076923	-8.18803418803419
			8.23076923076923	-8.1965811965812
			8.23076923076923	-8.20512820512821
			8.23931623931624	-8.20512820512821
			8.23931623931624	-8.21367521367521
			8.23931623931624	-8.22222222222222
			8.24786324786325	-8.23076923076923
			8.24786324786325	-8.23931623931624
			8.24786324786325	-8.24786324786325
			8.25641025641026	-8.25641025641026
			8.25641025641026	-8.26495726495727
			8.25641025641026	-8.27350427350427
			8.26495726495727	-8.28205128205128
			8.26495726495727	-8.29059829059829
			8.26495726495727	-8.2991452991453
			8.27350427350427	-8.30769230769231
			8.27350427350427	-8.31623931623932
			8.27350427350427	-8.32478632478633
			8.28205128205128	-8.33333333333333
			8.28205128205128	-8.34188034188034
			8.28205128205128	-8.35042735042735
			8.29059829059829	-8.35897435897436
			8.29059829059829	-8.36752136752137
			8.29059829059829	-8.37606837606838
			8.2991452991453	-8.38461538461539
			8.2991452991453	-8.39316239316239
			8.2991452991453	-8.4017094017094
			8.30769230769231	-8.41025641025641
			8.30769230769231	-8.41880341880342
			8.30769230769231	-8.42735042735043
			8.31623931623932	-8.43589743589744
			8.31623931623932	-8.44444444444444
			8.31623931623932	-8.45299145299145
			8.32478632478633	-8.46153846153846
			8.32478632478633	-8.47008547008547
			8.32478632478633	-8.47863247863248
			8.33333333333333	-8.48717948717949
			8.33333333333333	-8.4957264957265
			8.33333333333333	-8.5042735042735
			8.34188034188034	-8.51282051282051
			8.34188034188034	-8.52136752136752
			8.34188034188034	-8.52991452991453
			8.35042735042735	-8.53846153846154
			8.35042735042735	-8.54700854700855
			8.35042735042735	-8.55555555555556
			8.35897435897436	-8.56410256410257
			8.35897435897436	-8.57264957264957
			8.35897435897436	-8.58119658119658
			8.36752136752137	-8.58974358974359
			8.36752136752137	-8.5982905982906
			8.36752136752137	-8.60683760683761
			8.36752136752137	-8.61538461538462
			8.37606837606838	-8.62393162393163
			8.37606837606838	-8.63247863247863
			8.37606837606838	-8.64102564102564
			8.38461538461539	-8.64957264957265
			8.38461538461539	-8.65811965811966
			8.38461538461539	-8.66666666666667
			8.39316239316239	-8.67521367521368
			8.39316239316239	-8.68376068376068
			8.39316239316239	-8.69230769230769
			8.39316239316239	-8.7008547008547
			8.4017094017094	-8.70940170940171
			8.4017094017094	-8.71794871794872
			8.4017094017094	-8.72649572649573
			8.41025641025641	-8.73504273504274
			8.41025641025641	-8.74358974358974
			8.41025641025641	-8.75213675213675
			8.41025641025641	-8.76068376068376
			8.41880341880342	-8.76923076923077
			8.41880341880342	-8.77777777777778
			8.41880341880342	-8.78632478632479
			8.42735042735043	-8.78632478632479
			8.42735042735043	-8.7948717948718
			8.42735042735043	-8.8034188034188
			8.42735042735043	-8.81196581196581
			8.43589743589744	-8.82051282051282
			8.43589743589744	-8.82905982905983
			8.43589743589744	-8.83760683760684
			8.44444444444444	-8.84615384615385
			8.44444444444444	-8.85470085470086
			8.44444444444444	-8.86324786324786
			8.44444444444444	-8.87179487179487
			8.45299145299145	-8.88034188034188
			8.45299145299145	-8.88888888888889
			8.45299145299145	-8.8974358974359
			8.46153846153846	-8.90598290598291
			8.46153846153846	-8.91452991452991
			8.46153846153846	-8.92307692307692
			8.46153846153846	-8.93162393162393
			8.47008547008547	-8.94017094017094
			8.47008547008547	-8.94871794871795
			8.47008547008547	-8.95726495726496
			8.47863247863248	-8.96581196581197
			8.47863247863248	-8.97435897435897
			8.47863247863248	-8.98290598290598
			8.47863247863248	-8.99145299145299
			8.48717948717949	-9
			8.48717948717949	-9.00854700854701
			8.48717948717949	-9.01709401709402
			8.4957264957265	-9.02564102564103
			8.4957264957265	-9.03418803418804
			8.4957264957265	-9.04273504273504
			8.4957264957265	-9.05128205128205
			8.5042735042735	-9.05982905982906
			8.5042735042735	-9.06837606837607
			8.5042735042735	-9.07692307692308
			8.51282051282051	-9.08547008547009
			8.51282051282051	-9.0940170940171
			8.51282051282051	-9.1025641025641
			8.51282051282051	-9.11111111111111
			8.52136752136752	-9.11965811965812
			8.52136752136752	-9.12820512820513
			8.52136752136752	-9.13675213675214
			8.52136752136752	-9.14529914529915
			8.52991452991453	-9.15384615384616
			8.52991452991453	-9.16239316239316
			8.52991452991453	-9.17094017094017
			8.53846153846154	-9.17948717948718
			8.53846153846154	-9.18803418803419
			8.53846153846154	-9.1965811965812
			8.53846153846154	-9.20512820512821
			8.54700854700855	-9.21367521367521
			8.54700854700855	-9.22222222222222
			8.54700854700855	-9.23076923076923
			8.54700854700855	-9.23931623931624
			8.55555555555556	-9.24786324786325
			8.55555555555556	-9.25641025641026
			8.55555555555556	-9.26495726495727
			8.56410256410257	-9.27350427350427
			8.56410256410257	-9.28205128205128
			8.56410256410257	-9.29059829059829
			8.56410256410257	-9.2991452991453
			8.57264957264957	-9.30769230769231
			8.57264957264957	-9.31623931623932
			8.57264957264957	-9.32478632478633
			8.57264957264957	-9.33333333333333
			8.58119658119658	-9.34188034188034
			8.58119658119658	-9.35042735042735
			8.58119658119658	-9.35897435897436
			8.58119658119658	-9.36752136752137
			8.58974358974359	-9.37606837606838
			8.58974358974359	-9.38461538461539
			8.58974358974359	-9.39316239316239
			8.58974358974359	-9.4017094017094
			8.5982905982906	-9.41025641025641
			8.5982905982906	-9.41880341880342
			8.5982905982906	-9.42735042735043
			8.60683760683761	-9.43589743589744
			8.60683760683761	-9.44444444444444
			8.60683760683761	-9.45299145299145
			8.61538461538462	-9.46153846153846
			8.61538461538462	-9.47008547008547
			8.61538461538462	-9.47863247863248
			8.62393162393163	-9.48717948717949
			8.62393162393163	-9.4957264957265
			8.62393162393163	-9.50427350427351
			8.62393162393163	-9.51282051282051
			8.63247863247863	-9.52136752136752
			8.63247863247863	-9.52991452991453
			8.63247863247863	-9.53846153846154
			8.63247863247863	-9.54700854700855
			8.64102564102564	-9.55555555555556
			8.64102564102564	-9.56410256410257
			8.64102564102564	-9.57264957264957
			8.64102564102564	-9.58119658119658
			8.64957264957265	-9.58974358974359
			8.64957264957265	-9.5982905982906
			8.64957264957265	-9.60683760683761
			8.65811965811966	-9.61538461538462
			8.65811965811966	-9.62393162393163
			8.65811965811966	-9.63247863247863
			8.65811965811966	-9.64102564102564
			8.66666666666667	-9.64957264957265
			8.66666666666667	-9.65811965811966
			8.66666666666667	-9.66666666666667
			8.66666666666667	-9.67521367521368
			8.66666666666667	-9.68376068376068
			8.67521367521368	-9.69230769230769
			8.67521367521368	-9.7008547008547
			8.67521367521368	-9.70940170940171
			8.67521367521368	-9.71794871794872
			8.67521367521368	-9.72649572649573
			8.68376068376068	-9.73504273504274
			8.68376068376068	-9.74358974358974
			8.68376068376068	-9.75213675213675
			8.68376068376068	-9.76068376068376
			8.68376068376068	-9.76923076923077
			8.69230769230769	-9.77777777777778
			8.69230769230769	-9.78632478632479
			8.69230769230769	-9.7948717948718
			8.69230769230769	-9.8034188034188
			8.69230769230769	-9.81196581196581
			8.69230769230769	-9.82051282051282
			8.69230769230769	-9.82905982905983
			8.7008547008547	-9.83760683760684
			8.7008547008547	-9.84615384615385
			8.7008547008547	-9.85470085470086
			8.7008547008547	-9.86324786324786
			8.7008547008547	-9.87179487179487
			8.7008547008547	-9.88034188034188
			8.7008547008547	-9.88888888888889
			8.7008547008547	-9.8974358974359
			8.7008547008547	-9.90598290598291
			8.7008547008547	-9.91452991452991
			8.7008547008547	-9.92307692307692
			8.7008547008547	-9.93162393162393
			8.7008547008547	-9.94017094017094
			8.7008547008547	-9.94871794871795
			8.7008547008547	-9.95726495726496
			8.7008547008547	-9.96581196581197
			8.7008547008547	-9.97435897435898
			8.7008547008547	-9.98290598290598
			8.7008547008547	-9.99145299145299
			8.7008547008547	-10
			8.69230769230769	-10.008547008547
			8.69230769230769	-10.017094017094
			8.68376068376068	-10.025641025641
			8.68376068376068	-10.034188034188
			8.67521367521368	-10.042735042735
			8.66666666666667	-10.0512820512821
		</curveLM07>
		<curveLM08 type=matrix rownames=FALSE colnames=FALSE nrow=78 ncol=2 as.numeric=TRUE >
			8.66666666666667	-10.0512820512821
			8.65811965811966	-10.0598290598291
			8.64957264957265	-10.0683760683761
			8.64102564102564	-10.0683760683761
			8.63247863247863	-10.0769230769231
			8.62393162393163	-10.0769230769231
			8.61538461538462	-10.0769230769231
			8.60683760683761	-10.0769230769231
			8.5982905982906	-10.0683760683761
			8.58974358974359	-10.0683760683761
			8.58119658119658	-10.0598290598291
			8.57264957264957	-10.0598290598291
			8.56410256410257	-10.0512820512821
			8.55555555555556	-10.042735042735
			8.54700854700855	-10.034188034188
			8.53846153846154	-10.025641025641
			8.52991452991453	-10.017094017094
			8.52136752136752	-10.008547008547
			8.51282051282051	-10.008547008547
			8.5042735042735	-10
			8.4957264957265	-9.99145299145299
			8.4957264957265	-9.98290598290598
			8.48717948717949	-9.97435897435898
			8.47863247863248	-9.97435897435898
			8.47863247863248	-9.96581196581197
			8.47008547008547	-9.95726495726496
			8.46153846153846	-9.94871794871795
			8.45299145299145	-9.94017094017094
			8.44444444444444	-9.93162393162393
			8.43589743589744	-9.92307692307692
			8.42735042735043	-9.91452991452991
			8.41880341880342	-9.90598290598291
			8.41025641025641	-9.8974358974359
			8.4017094017094	-9.88888888888889
			8.39316239316239	-9.88034188034188
			8.38461538461539	-9.87179487179487
			8.37606837606838	-9.86324786324786
			8.36752136752137	-9.85470085470086
			8.36752136752137	-9.84615384615385
			8.35897435897436	-9.84615384615385
			8.35042735042735	-9.83760683760684
			8.34188034188034	-9.82905982905983
			8.33333333333333	-9.82051282051282
			8.32478632478633	-9.82051282051282
			8.32478632478633	-9.81196581196581
			8.31623931623932	-9.8034188034188
			8.30769230769231	-9.7948717948718
			8.2991452991453	-9.7948717948718
			8.29059829059829	-9.78632478632479
			8.29059829059829	-9.77777777777778
			8.28205128205128	-9.77777777777778
			8.27350427350427	-9.76923076923077
			8.26495726495727	-9.76923076923077
			8.26495726495727	-9.76068376068376
			8.25641025641026	-9.75213675213675
			8.24786324786325	-9.75213675213675
			8.23931623931624	-9.74358974358974
			8.23076923076923	-9.73504273504274
			8.22222222222222	-9.72649572649573
			8.21367521367521	-9.72649572649573
			8.20512820512821	-9.71794871794872
			8.1965811965812	-9.71794871794872
			8.18803418803419	-9.70940170940171
			8.17948717948718	-9.70940170940171
			8.17094017094017	-9.7008547008547
			8.16239316239316	-9.7008547008547
			8.16239316239316	-9.69230769230769
			8.15384615384616	-9.69230769230769
			8.14529914529915	-9.69230769230769
			8.13675213675214	-9.68376068376068
			8.12820512820513	-9.68376068376068
			8.11965811965812	-9.68376068376068
			8.11111111111111	-9.68376068376068
			8.1025641025641	-9.67521367521368
			8.0940170940171	-9.67521367521368
			8.08547008547009	-9.67521367521368
			8.07692307692308	-9.68376068376068
			8.06837606837607	-9.68376068376068
		</curveLM08>
		<curveLM09 type=matrix rownames=FALSE colnames=FALSE nrow=83 ncol=2 as.numeric=TRUE >
			8.06837606837607	-9.68376068376068
			8.05982905982906	-9.68376068376068
			8.05982905982906	-9.69230769230769
			8.05128205128205	-9.69230769230769
			8.05128205128205	-9.7008547008547
			8.04273504273504	-9.7008547008547
			8.04273504273504	-9.70940170940171
			8.03418803418804	-9.70940170940171
			8.03418803418804	-9.71794871794872
			8.02564102564103	-9.71794871794872
			8.02564102564103	-9.72649572649573
			8.01709401709402	-9.72649572649573
			8.01709401709402	-9.73504273504274
			8.00854700854701	-9.73504273504274
			8.00854700854701	-9.74358974358974
			8	-9.75213675213675
			7.99145299145299	-9.76068376068376
			7.98290598290598	-9.76923076923077
			7.98290598290598	-9.77777777777778
			7.97435897435898	-9.78632478632479
			7.97435897435898	-9.7948717948718
			7.96581196581197	-9.8034188034188
			7.96581196581197	-9.81196581196581
			7.95726495726496	-9.82051282051282
			7.94871794871795	-9.82905982905983
			7.94871794871795	-9.83760683760684
			7.94017094017094	-9.84615384615385
			7.94017094017094	-9.85470085470086
			7.93162393162393	-9.86324786324786
			7.93162393162393	-9.87179487179487
			7.92307692307692	-9.88034188034188
			7.92307692307692	-9.88888888888889
			7.92307692307692	-9.8974358974359
			7.91452991452992	-9.90598290598291
			7.91452991452992	-9.91452991452991
			7.90598290598291	-9.92307692307692
			7.90598290598291	-9.93162393162393
			7.90598290598291	-9.94017094017094
			7.90598290598291	-9.94871794871795
			7.90598290598291	-9.95726495726496
			7.90598290598291	-9.96581196581197
			7.8974358974359	-9.97435897435898
			7.8974358974359	-9.98290598290598
			7.8974358974359	-9.99145299145299
			7.8974358974359	-10
			7.8974358974359	-10.008547008547
			7.8974358974359	-10.017094017094
			7.88888888888889	-10.025641025641
			7.88888888888889	-10.034188034188
			7.88888888888889	-10.042735042735
			7.88888888888889	-10.0512820512821
			7.88034188034188	-10.0598290598291
			7.88034188034188	-10.0683760683761
			7.88034188034188	-10.0769230769231
			7.87179487179487	-10.0854700854701
			7.87179487179487	-10.0940170940171
			7.87179487179487	-10.1025641025641
			7.86324786324786	-10.1111111111111
			7.86324786324786	-10.1196581196581
			7.85470085470086	-10.1282051282051
			7.85470085470086	-10.1367521367521
			7.84615384615385	-10.1452991452991
			7.84615384615385	-10.1538461538462
			7.83760683760684	-10.1623931623932
			7.83760683760684	-10.1709401709402
			7.82905982905983	-10.1709401709402
			7.82051282051282	-10.1794871794872
			7.82051282051282	-10.1880341880342
			7.81196581196581	-10.1880341880342
			7.81196581196581	-10.1965811965812
			7.8034188034188	-10.1965811965812
			7.7948717948718	-10.2051282051282
			7.78632478632479	-10.2136752136752
			7.77777777777778	-10.2136752136752
			7.76923076923077	-10.2222222222222
			7.76068376068376	-10.2222222222222
			7.75213675213675	-10.2222222222222
			7.74358974358974	-10.2222222222222
			7.73504273504274	-10.2222222222222
			7.72649572649573	-10.2222222222222
			7.71794871794872	-10.2222222222222
			7.70940170940171	-10.2222222222222
			7.7008547008547	-10.2222222222222
		</curveLM09>
		<curveLM10 type=matrix rownames=FALSE colnames=FALSE nrow=77 ncol=2 as.numeric=TRUE >
			7.7008547008547	-10.2222222222222
			7.69230769230769	-10.2222222222222
			7.68376068376068	-10.2222222222222
			7.67521367521368	-10.2222222222222
			7.66666666666667	-10.2222222222222
			7.65811965811966	-10.2222222222222
			7.64957264957265	-10.2136752136752
			7.64102564102564	-10.2136752136752
			7.63247863247863	-10.2136752136752
			7.62393162393162	-10.2051282051282
			7.61538461538462	-10.2051282051282
			7.60683760683761	-10.1965811965812
			7.60683760683761	-10.1880341880342
			7.5982905982906	-10.1794871794872
			7.58974358974359	-10.1794871794872
			7.58119658119658	-10.1709401709402
			7.58119658119658	-10.1623931623932
			7.57264957264957	-10.1538461538462
			7.56410256410256	-10.1452991452991
			7.56410256410256	-10.1367521367521
			7.55555555555556	-10.1282051282051
			7.55555555555556	-10.1196581196581
			7.54700854700855	-10.1111111111111
			7.54700854700855	-10.1025641025641
			7.53846153846154	-10.0940170940171
			7.53846153846154	-10.0854700854701
			7.52991452991453	-10.0769230769231
			7.52991452991453	-10.0683760683761
			7.52991452991453	-10.0598290598291
			7.52991452991453	-10.0512820512821
			7.52136752136752	-10.042735042735
			7.52136752136752	-10.034188034188
			7.52136752136752	-10.025641025641
			7.52136752136752	-10.017094017094
			7.51282051282051	-10.008547008547
			7.51282051282051	-10
			7.51282051282051	-9.99145299145299
			7.51282051282051	-9.98290598290598
			7.50427350427351	-9.97435897435898
			7.50427350427351	-9.96581196581197
			7.50427350427351	-9.95726495726496
			7.50427350427351	-9.94871794871795
			7.4957264957265	-9.94017094017094
			7.4957264957265	-9.93162393162393
			7.4957264957265	-9.92307692307692
			7.4957264957265	-9.91452991452991
			7.4957264957265	-9.90598290598291
			7.4957264957265	-9.8974358974359
			7.4957264957265	-9.88888888888889
			7.48717948717949	-9.88034188034188
			7.48717948717949	-9.87179487179487
			7.48717948717949	-9.86324786324786
			7.48717948717949	-9.85470085470086
			7.48717948717949	-9.84615384615385
			7.47863247863248	-9.83760683760684
			7.47863247863248	-9.82905982905983
			7.47863247863248	-9.82051282051282
			7.47863247863248	-9.81196581196581
			7.47008547008547	-9.8034188034188
			7.47008547008547	-9.7948717948718
			7.47008547008547	-9.78632478632479
			7.46153846153846	-9.77777777777778
			7.46153846153846	-9.76923076923077
			7.46153846153846	-9.76068376068376
			7.45299145299145	-9.75213675213675
			7.45299145299145	-9.74358974358974
			7.44444444444445	-9.73504273504274
			7.44444444444445	-9.72649572649573
			7.43589743589744	-9.71794871794872
			7.42735042735043	-9.70940170940171
			7.41880341880342	-9.7008547008547
			7.41880341880342	-9.69230769230769
			7.41025641025641	-9.68376068376068
			7.4017094017094	-9.67521367521368
			7.39316239316239	-9.66666666666667
			7.39316239316239	-9.65811965811966
			7.38461538461539	-9.65811965811966
		</curveLM10>
		<curveLM11 type=matrix rownames=FALSE colnames=FALSE nrow=81 ncol=2 as.numeric=TRUE >
			7.38461538461539	-9.65811965811966
			7.37606837606838	-9.65811965811966
			7.36752136752137	-9.65811965811966
			7.35897435897436	-9.65811965811966
			7.35042735042735	-9.65811965811966
			7.34188034188034	-9.65811965811966
			7.33333333333333	-9.65811965811966
			7.32478632478633	-9.65811965811966
			7.31623931623932	-9.66666666666667
			7.30769230769231	-9.66666666666667
			7.2991452991453	-9.66666666666667
			7.29059829059829	-9.67521367521368
			7.28205128205128	-9.67521367521368
			7.27350427350427	-9.68376068376068
			7.26495726495727	-9.68376068376068
			7.25641025641026	-9.69230769230769
			7.24786324786325	-9.69230769230769
			7.23931623931624	-9.69230769230769
			7.23931623931624	-9.7008547008547
			7.23076923076923	-9.7008547008547
			7.22222222222222	-9.70940170940171
			7.21367521367521	-9.70940170940171
			7.20512820512821	-9.71794871794872
			7.1965811965812	-9.72649572649573
			7.18803418803419	-9.72649572649573
			7.17948717948718	-9.73504273504274
			7.17094017094017	-9.74358974358974
			7.16239316239316	-9.74358974358974
			7.15384615384615	-9.75213675213675
			7.14529914529915	-9.76068376068376
			7.13675213675214	-9.76068376068376
			7.12820512820513	-9.76923076923077
			7.11965811965812	-9.76923076923077
			7.11111111111111	-9.77777777777778
			7.1025641025641	-9.78632478632479
			7.09401709401709	-9.7948717948718
			7.08547008547009	-9.8034188034188
			7.07692307692308	-9.8034188034188
			7.06837606837607	-9.81196581196581
			7.05982905982906	-9.82051282051282
			7.05128205128205	-9.82051282051282
			7.04273504273504	-9.82905982905983
			7.04273504273504	-9.83760683760684
			7.03418803418803	-9.83760683760684
			7.02564102564103	-9.84615384615385
			7.01709401709402	-9.85470085470086
			7.00854700854701	-9.85470085470086
			7.00854700854701	-9.86324786324786
			7	-9.86324786324786
			6.99145299145299	-9.87179487179487
			6.99145299145299	-9.88034188034188
			6.98290598290598	-9.88034188034188
			6.98290598290598	-9.88888888888889
			6.97435897435898	-9.88888888888889
			6.96581196581197	-9.8974358974359
			6.95726495726496	-9.8974358974359
			6.94871794871795	-9.90598290598291
			6.94017094017094	-9.91452991452991
			6.93162393162393	-9.92307692307692
			6.92307692307692	-9.93162393162393
			6.91452991452991	-9.94017094017094
			6.90598290598291	-9.94017094017094
			6.8974358974359	-9.94017094017094
			6.8974358974359	-9.94871794871795
			6.88888888888889	-9.94871794871795
			6.88034188034188	-9.94871794871795
			6.88034188034188	-9.95726495726496
			6.87179487179487	-9.95726495726496
			6.86324786324786	-9.96581196581197
			6.85470085470086	-9.96581196581197
			6.84615384615385	-9.97435897435898
			6.83760683760684	-9.97435897435898
			6.82905982905983	-9.97435897435898
			6.82051282051282	-9.98290598290598
			6.81196581196581	-9.98290598290598
			6.8034188034188	-9.98290598290598
			6.7948717948718	-9.98290598290598
			6.78632478632479	-9.98290598290598
			6.77777777777778	-9.98290598290598
			6.77777777777778	-9.97435897435898
			6.76923076923077	-9.97435897435898
		</curveLM11>
		<curveLM12 type=matrix rownames=FALSE colnames=FALSE nrow=354 ncol=2 as.numeric=TRUE >
			6.76923076923077	-9.97435897435898
			6.76923076923077	-9.96581196581197
			6.76923076923077	-9.95726495726496
			6.76068376068376	-9.94871794871795
			6.76068376068376	-9.94017094017094
			6.76068376068376	-9.93162393162393
			6.76068376068376	-9.92307692307692
			6.76068376068376	-9.91452991452991
			6.76068376068376	-9.90598290598291
			6.76068376068376	-9.8974358974359
			6.76923076923077	-9.8974358974359
			6.76923076923077	-9.88888888888889
			6.76923076923077	-9.88034188034188
			6.76923076923077	-9.87179487179487
			6.76923076923077	-9.86324786324786
			6.76923076923077	-9.85470085470086
			6.76923076923077	-9.84615384615385
			6.76923076923077	-9.83760683760684
			6.76923076923077	-9.82905982905983
			6.77777777777778	-9.82051282051282
			6.77777777777778	-9.81196581196581
			6.77777777777778	-9.8034188034188
			6.77777777777778	-9.7948717948718
			6.77777777777778	-9.78632478632479
			6.78632478632479	-9.77777777777778
			6.78632478632479	-9.76923076923077
			6.78632478632479	-9.76068376068376
			6.78632478632479	-9.75213675213675
			6.78632478632479	-9.74358974358974
			6.7948717948718	-9.73504273504274
			6.7948717948718	-9.72649572649573
			6.7948717948718	-9.71794871794872
			6.7948717948718	-9.70940170940171
			6.7948717948718	-9.7008547008547
			6.8034188034188	-9.69230769230769
			6.8034188034188	-9.68376068376068
			6.8034188034188	-9.67521367521368
			6.8034188034188	-9.66666666666667
			6.81196581196581	-9.65811965811966
			6.81196581196581	-9.64957264957265
			6.81196581196581	-9.64102564102564
			6.81196581196581	-9.63247863247863
			6.82051282051282	-9.62393162393163
			6.82051282051282	-9.61538461538462
			6.82051282051282	-9.60683760683761
			6.82905982905983	-9.5982905982906
			6.82905982905983	-9.58974358974359
			6.82905982905983	-9.58119658119658
			6.82905982905983	-9.57264957264957
			6.83760683760684	-9.56410256410257
			6.83760683760684	-9.55555555555556
			6.83760683760684	-9.54700854700855
			6.83760683760684	-9.53846153846154
			6.84615384615385	-9.52991452991453
			6.84615384615385	-9.52136752136752
			6.84615384615385	-9.51282051282051
			6.84615384615385	-9.50427350427351
			6.85470085470086	-9.50427350427351
			6.85470085470086	-9.4957264957265
			6.85470085470086	-9.48717948717949
			6.86324786324786	-9.47863247863248
			6.86324786324786	-9.47008547008547
			6.86324786324786	-9.46153846153846
			6.86324786324786	-9.45299145299145
			6.87179487179487	-9.44444444444444
			6.87179487179487	-9.43589743589744
			6.87179487179487	-9.42735042735043
			6.88034188034188	-9.41880341880342
			6.88034188034188	-9.41025641025641
			6.88034188034188	-9.4017094017094
			6.88034188034188	-9.39316239316239
			6.88888888888889	-9.38461538461539
			6.88888888888889	-9.37606837606838
			6.88888888888889	-9.36752136752137
			6.8974358974359	-9.35897435897436
			6.8974358974359	-9.35042735042735
			6.8974358974359	-9.34188034188034
			6.90598290598291	-9.33333333333333
			6.90598290598291	-9.32478632478633
			6.90598290598291	-9.31623931623932
			6.91452991452991	-9.30769230769231
			6.91452991452991	-9.2991452991453
			6.91452991452991	-9.29059829059829
			6.91452991452991	-9.28205128205128
			6.92307692307692	-9.27350427350427
			6.92307692307692	-9.26495726495727
			6.92307692307692	-9.25641025641026
			6.92307692307692	-9.24786324786325
			6.93162393162393	-9.23931623931624
			6.93162393162393	-9.23076923076923
			6.93162393162393	-9.22222222222222
			6.93162393162393	-9.21367521367521
			6.93162393162393	-9.20512820512821
			6.94017094017094	-9.1965811965812
			6.94017094017094	-9.18803418803419
			6.94017094017094	-9.17948717948718
			6.94017094017094	-9.17094017094017
			6.94871794871795	-9.16239316239316
			6.94871794871795	-9.15384615384616
			6.94871794871795	-9.14529914529915
			6.94871794871795	-9.13675213675214
			6.95726495726496	-9.13675213675214
			6.95726495726496	-9.12820512820513
			6.95726495726496	-9.11965811965812
			6.95726495726496	-9.11111111111111
			6.95726495726496	-9.1025641025641
			6.96581196581197	-9.0940170940171
			6.96581196581197	-9.08547008547009
			6.96581196581197	-9.07692307692308
			6.96581196581197	-9.06837606837607
			6.97435897435898	-9.05982905982906
			6.97435897435898	-9.05128205128205
			6.97435897435898	-9.04273504273504
			6.97435897435898	-9.03418803418804
			6.98290598290598	-9.02564102564103
			6.98290598290598	-9.01709401709402
			6.98290598290598	-9.00854700854701
			6.98290598290598	-9
			6.99145299145299	-8.99145299145299
			6.99145299145299	-8.98290598290598
			6.99145299145299	-8.97435897435897
			6.99145299145299	-8.96581196581197
			6.99145299145299	-8.95726495726496
			7	-8.94871794871795
			7	-8.94017094017094
			7	-8.93162393162393
			7.00854700854701	-8.92307692307692
			7.00854700854701	-8.91452991452991
			7.00854700854701	-8.90598290598291
			7.00854700854701	-8.8974358974359
			7.01709401709402	-8.88888888888889
			7.01709401709402	-8.88034188034188
			7.01709401709402	-8.87179487179487
			7.02564102564103	-8.86324786324786
			7.02564102564103	-8.85470085470086
			7.02564102564103	-8.84615384615385
			7.02564102564103	-8.83760683760684
			7.03418803418803	-8.82905982905983
			7.03418803418803	-8.82051282051282
			7.03418803418803	-8.81196581196581
			7.03418803418803	-8.8034188034188
			7.04273504273504	-8.7948717948718
			7.04273504273504	-8.78632478632479
			7.04273504273504	-8.77777777777778
			7.05128205128205	-8.76923076923077
			7.05128205128205	-8.76068376068376
			7.05128205128205	-8.75213675213675
			7.05128205128205	-8.74358974358974
			7.05982905982906	-8.73504273504274
			7.05982905982906	-8.72649572649573
			7.05982905982906	-8.71794871794872
			7.06837606837607	-8.70940170940171
			7.06837606837607	-8.7008547008547
			7.06837606837607	-8.69230769230769
			7.06837606837607	-8.68376068376068
			7.07692307692308	-8.67521367521368
			7.07692307692308	-8.66666666666667
			7.07692307692308	-8.65811965811966
			7.07692307692308	-8.64957264957265
			7.08547008547009	-8.64102564102564
			7.08547008547009	-8.63247863247863
			7.08547008547009	-8.62393162393163
			7.09401709401709	-8.61538461538462
			7.09401709401709	-8.60683760683761
			7.09401709401709	-8.5982905982906
			7.1025641025641	-8.58974358974359
			7.1025641025641	-8.58119658119658
			7.1025641025641	-8.57264957264957
			7.1025641025641	-8.56410256410257
			7.11111111111111	-8.55555555555556
			7.11111111111111	-8.54700854700855
			7.11111111111111	-8.53846153846154
			7.11965811965812	-8.52991452991453
			7.11965811965812	-8.52136752136752
			7.11965811965812	-8.51282051282051
			7.12820512820513	-8.5042735042735
			7.12820512820513	-8.4957264957265
			7.12820512820513	-8.48717948717949
			7.12820512820513	-8.47863247863248
			7.13675213675214	-8.47008547008547
			7.13675213675214	-8.46153846153846
			7.13675213675214	-8.45299145299145
			7.14529914529915	-8.44444444444444
			7.14529914529915	-8.43589743589744
			7.14529914529915	-8.42735042735043
			7.15384615384615	-8.42735042735043
			7.15384615384615	-8.41880341880342
			7.15384615384615	-8.41025641025641
			7.16239316239316	-8.4017094017094
			7.16239316239316	-8.39316239316239
			7.16239316239316	-8.38461538461539
			7.16239316239316	-8.37606837606838
			7.17094017094017	-8.36752136752137
			7.17094017094017	-8.35897435897436
			7.17094017094017	-8.35042735042735
			7.17948717948718	-8.34188034188034
			7.17948717948718	-8.33333333333333
			7.17948717948718	-8.32478632478633
			7.18803418803419	-8.31623931623932
			7.18803418803419	-8.30769230769231
			7.18803418803419	-8.2991452991453
			7.1965811965812	-8.29059829059829
			7.1965811965812	-8.28205128205128
			7.1965811965812	-8.27350427350427
			7.20512820512821	-8.26495726495727
			7.20512820512821	-8.25641025641026
			7.20512820512821	-8.24786324786325
			7.21367521367521	-8.23931623931624
			7.21367521367521	-8.23076923076923
			7.21367521367521	-8.22222222222222
			7.22222222222222	-8.21367521367521
			7.22222222222222	-8.20512820512821
			7.22222222222222	-8.1965811965812
			7.23076923076923	-8.18803418803419
			7.23076923076923	-8.17948717948718
			7.23076923076923	-8.17094017094017
			7.23931623931624	-8.16239316239316
			7.23931623931624	-8.15384615384616
			7.23931623931624	-8.14529914529915
			7.24786324786325	-8.13675213675214
			7.24786324786325	-8.12820512820513
			7.24786324786325	-8.11965811965812
			7.25641025641026	-8.11111111111111
			7.25641025641026	-8.1025641025641
			7.25641025641026	-8.0940170940171
			7.26495726495727	-8.08547008547009
			7.26495726495727	-8.07692307692308
			7.26495726495727	-8.06837606837607
			7.27350427350427	-8.05982905982906
			7.27350427350427	-8.05128205128205
			7.27350427350427	-8.04273504273504
			7.28205128205128	-8.03418803418804
			7.28205128205128	-8.02564102564103
			7.28205128205128	-8.01709401709402
			7.29059829059829	-8.01709401709402
			7.29059829059829	-8.00854700854701
			7.2991452991453	-8
			7.2991452991453	-7.99145299145299
			7.2991452991453	-7.98290598290598
			7.30769230769231	-7.97435897435898
			7.30769230769231	-7.96581196581197
			7.30769230769231	-7.95726495726496
			7.31623931623932	-7.94871794871795
			7.31623931623932	-7.94017094017094
			7.31623931623932	-7.93162393162393
			7.32478632478633	-7.92307692307692
			7.32478632478633	-7.91452991452992
			7.33333333333333	-7.90598290598291
			7.33333333333333	-7.8974358974359
			7.33333333333333	-7.88888888888889
			7.34188034188034	-7.88034188034188
			7.34188034188034	-7.87179487179487
			7.34188034188034	-7.86324786324786
			7.35042735042735	-7.85470085470086
			7.35042735042735	-7.84615384615385
			7.35042735042735	-7.83760683760684
			7.35897435897436	-7.82905982905983
			7.35897435897436	-7.82051282051282
			7.36752136752137	-7.81196581196581
			7.36752136752137	-7.8034188034188
			7.36752136752137	-7.7948717948718
			7.37606837606838	-7.78632478632479
			7.37606837606838	-7.77777777777778
			7.37606837606838	-7.76923076923077
			7.38461538461539	-7.76068376068376
			7.38461538461539	-7.75213675213675
			7.39316239316239	-7.74358974358974
			7.39316239316239	-7.73504273504274
			7.39316239316239	-7.72649572649573
			7.4017094017094	-7.71794871794872
			7.4017094017094	-7.70940170940171
			7.4017094017094	-7.7008547008547
			7.41025641025641	-7.69230769230769
			7.41025641025641	-7.68376068376068
			7.41880341880342	-7.68376068376068
			7.41880341880342	-7.67521367521368
			7.41880341880342	-7.66666666666667
			7.42735042735043	-7.65811965811966
			7.42735042735043	-7.64957264957265
			7.43589743589744	-7.64102564102564
			7.43589743589744	-7.63247863247863
			7.43589743589744	-7.62393162393162
			7.44444444444445	-7.61538461538462
			7.44444444444445	-7.60683760683761
			7.45299145299145	-7.5982905982906
			7.45299145299145	-7.58974358974359
			7.45299145299145	-7.58119658119658
			7.46153846153846	-7.57264957264957
			7.46153846153846	-7.56410256410256
			7.47008547008547	-7.55555555555556
			7.47008547008547	-7.54700854700855
			7.47008547008547	-7.53846153846154
			7.47863247863248	-7.52991452991453
			7.47863247863248	-7.52136752136752
			7.48717948717949	-7.51282051282051
			7.48717948717949	-7.50427350427351
			7.48717948717949	-7.4957264957265
			7.4957264957265	-7.48717948717949
			7.4957264957265	-7.47863247863248
			7.50427350427351	-7.47008547008547
			7.50427350427351	-7.46153846153846
			7.50427350427351	-7.45299145299145
			7.51282051282051	-7.44444444444445
			7.51282051282051	-7.43589743589744
			7.52136752136752	-7.42735042735043
			7.52136752136752	-7.41880341880342
			7.52991452991453	-7.41025641025641
			7.52991452991453	-7.4017094017094
			7.52991452991453	-7.39316239316239
			7.53846153846154	-7.39316239316239
			7.53846153846154	-7.38461538461539
			7.54700854700855	-7.37606837606838
			7.54700854700855	-7.36752136752137
			7.54700854700855	-7.35897435897436
			7.55555555555556	-7.35042735042735
			7.55555555555556	-7.34188034188034
			7.56410256410256	-7.33333333333333
			7.56410256410256	-7.32478632478633
			7.57264957264957	-7.31623931623932
			7.57264957264957	-7.30769230769231
			7.57264957264957	-7.2991452991453
			7.58119658119658	-7.29059829059829
			7.58119658119658	-7.28205128205128
			7.58974358974359	-7.27350427350427
			7.58974358974359	-7.26495726495727
			7.5982905982906	-7.25641025641026
			7.5982905982906	-7.24786324786325
			7.5982905982906	-7.23931623931624
			7.60683760683761	-7.23076923076923
			7.60683760683761	-7.22222222222222
			7.61538461538462	-7.21367521367521
			7.61538461538462	-7.20512820512821
			7.62393162393162	-7.1965811965812
			7.62393162393162	-7.18803418803419
			7.62393162393162	-7.17948717948718
			7.63247863247863	-7.17094017094017
			7.63247863247863	-7.16239316239316
			7.64102564102564	-7.15384615384615
			7.64102564102564	-7.14529914529915
			7.64957264957265	-7.13675213675214
			7.65811965811966	-7.12820512820513
			7.65811965811966	-7.11965811965812
			7.65811965811966	-7.11111111111111
			7.66666666666667	-7.1025641025641
			7.66666666666667	-7.09401709401709
			7.67521367521368	-7.08547008547009
			7.67521367521368	-7.07692307692308
			7.68376068376068	-7.06837606837607
			7.68376068376068	-7.05982905982906
			7.68376068376068	-7.05128205128205
			7.69230769230769	-7.05128205128205
			7.69230769230769	-7.04273504273504
			7.7008547008547	-7.03418803418803
			7.7008547008547	-7.02564102564103
		</curveLM12>
	</curves.scaled>
	<ruler.points type=matrix rownames=TRUE colnames=FALSE nrow=5 ncol=2 as.numeric=TRUE >
		Ruler point 1	434	1409
		Ruler point 2	551	1409
		Ruler point 3	668	1409
		Ruler point 4	785	1409
		Ruler point 5	902	1409
	</ruler.points>
</shapes>

