<shapes type=list>
	<ruler.pixel type=vector names=FALSE length=1 as.numeric=TRUE >117.999999999993</ruler.pixel>
	<ruler.interval type=vector names=FALSE length=1 as.numeric=TRUE >1</ruler.interval>
	<scaling.units type=vector names=FALSE length=1 as.numeric=FALSE >cm</scaling.units>
	<scaling type=vector names=FALSE length=1 as.numeric=TRUE >0.00847457627118692</scaling>
	<landmarks.pixel type=matrix rownames=TRUE colnames=FALSE nrow=6 ncol=2 as.numeric=TRUE >
		LM01	685	313
		LM02	749	525
		LM03	714	539
		LM04	682	603
		LM05	656	539
		LM06	614	518
	</landmarks.pixel>
	<landmarks.scaled type=matrix rownames=TRUE colnames=FALSE nrow=6 ncol=2 as.numeric=TRUE >
		LM01	5.80508474576304	-2.6525423728815
		LM02	6.347457627119	-4.44915254237313
		LM03	6.05084745762746	-4.56779661016975
		LM04	5.77966101694948	-5.11016949152571
		LM05	5.55932203389862	-4.56779661016975
		LM06	5.20338983050877	-4.38983050847482
	</landmarks.scaled>
	<curves.control type=list>
		<curveLM07 type=matrix rownames=FALSE colnames=FALSE nrow=7 ncol=2 as.numeric=TRUE >
			685	313
			693	315
			703	359
			727	416
			745	484
			745	501
			749	525
		</curveLM07>
		<curveLM08 type=matrix rownames=FALSE colnames=FALSE nrow=3 ncol=2 as.numeric=TRUE >
			749	525
			722	537
			714	539
		</curveLM08>
		<curveLM09 type=matrix rownames=FALSE colnames=FALSE nrow=5 ncol=2 as.numeric=TRUE >
			714	539
			714	558
			707	578
			700	599
			682	603
		</curveLM09>
		<curveLM10 type=matrix rownames=FALSE colnames=FALSE nrow=3 ncol=2 as.numeric=TRUE >
			682	603
			655	601
			656	539
		</curveLM10>
		<curveLM11 type=matrix rownames=FALSE colnames=FALSE nrow=3 ncol=2 as.numeric=TRUE >
			656	539
			636	527
			614	518
		</curveLM11>
		<curveLM12 type=matrix rownames=FALSE colnames=FALSE nrow=7 ncol=2 as.numeric=TRUE >
			614	518
			607	505
			619	470
			637	388
			669	336
			680	311
			685	313
		</curveLM12>
	</curves.control>
	<curves.pixel type=list>
		<curveLM07 type=matrix rownames=FALSE colnames=FALSE nrow=216 ncol=2 as.numeric=TRUE >
			685	313
			686	313
			687	314
			688	315
			689	316
			689	317
			690	318
			691	319
			691	320
			692	321
			692	322
			693	323
			693	324
			693	325
			694	326
			694	327
			694	328
			695	329
			695	330
			695	331
			696	332
			696	333
			696	334
			697	335
			697	336
			697	337
			698	338
			698	339
			698	340
			699	341
			699	342
			699	343
			699	344
			700	345
			700	346
			700	347
			700	348
			701	349
			701	350
			701	351
			701	352
			702	353
			702	354
			702	355
			702	356
			703	357
			703	358
			703	359
			703	360
			704	361
			704	362
			705	363
			705	364
			706	365
			706	366
			706	367
			707	368
			707	369
			708	370
			708	371
			708	372
			709	373
			709	374
			710	375
			710	376
			710	377
			711	378
			711	379
			712	380
			712	381
			712	382
			713	383
			713	384
			713	385
			714	386
			714	387
			715	388
			715	389
			715	390
			716	391
			716	392
			716	393
			717	394
			717	395
			717	396
			718	397
			718	398
			719	399
			719	400
			719	401
			720	402
			720	403
			720	404
			721	405
			721	406
			721	407
			722	407
			722	408
			722	409
			722	410
			723	411
			723	412
			724	413
			724	414
			724	415
			725	416
			725	417
			725	418
			726	419
			726	420
			726	421
			727	422
			727	423
			727	424
			727	425
			728	426
			728	427
			728	428
			729	429
			729	430
			729	431
			730	432
			730	433
			730	434
			731	435
			731	436
			731	437
			732	438
			732	439
			732	440
			733	441
			733	442
			733	443
			733	444
			734	445
			734	446
			734	447
			735	448
			735	449
			735	450
			736	451
			736	452
			736	453
			737	454
			737	455
			737	456
			737	457
			738	458
			738	459
			738	460
			739	461
			739	462
			739	463
			739	464
			740	465
			740	466
			740	467
			741	468
			741	469
			741	470
			742	471
			742	472
			742	473
			742	474
			743	475
			743	476
			743	477
			744	478
			744	479
			744	480
			744	481
			744	482
			745	482
			745	483
			745	484
			745	485
			745	486
			745	487
			745	488
			745	489
			745	490
			745	491
			745	492
			745	493
			745	494
			745	495
			745	496
			746	497
			746	498
			746	499
			746	500
			746	501
			746	502
			746	503
			746	504
			746	505
			746	506
			746	507
			747	508
			747	509
			747	510
			747	511
			747	512
			747	513
			747	514
			748	515
			748	516
			748	517
			748	518
			748	519
			748	520
			748	521
			749	522
			749	523
			749	524
			749	525
		</curveLM07>
		<curveLM08 type=matrix rownames=FALSE colnames=FALSE nrow=39 ncol=2 as.numeric=TRUE >
			749	525
			748	526
			747	526
			746	526
			745	527
			744	527
			743	527
			743	528
			742	528
			741	528
			740	529
			739	529
			738	530
			737	530
			736	531
			735	531
			734	532
			733	532
			732	532
			731	533
			730	533
			729	533
			728	534
			727	534
			726	535
			725	535
			724	536
			723	536
			722	536
			722	537
			721	537
			720	537
			719	537
			719	538
			718	538
			717	538
			716	538
			715	539
			714	539
		</curveLM08>
		<curveLM09 type=matrix rownames=FALSE colnames=FALSE nrow=76 ncol=2 as.numeric=TRUE >
			714	539
			714	540
			714	541
			714	542
			714	543
			714	544
			714	545
			714	546
			714	547
			714	548
			714	549
			713	550
			713	551
			713	552
			713	553
			713	554
			713	555
			713	556
			712	557
			712	558
			712	559
			712	560
			712	561
			711	562
			711	563
			711	564
			711	565
			711	566
			710	567
			710	568
			710	569
			709	570
			709	571
			709	572
			709	573
			708	574
			708	575
			708	576
			707	577
			707	578
			707	579
			706	580
			706	581
			706	582
			705	582
			705	583
			705	584
			704	585
			704	586
			703	587
			702	588
			702	589
			701	590
			701	591
			700	591
			700	592
			699	592
			699	593
			698	594
			697	595
			696	596
			695	597
			694	598
			693	598
			692	599
			691	599
			690	600
			689	601
			688	601
			687	602
			686	602
			685	602
			684	602
			684	603
			683	603
			682	603
		</curveLM09>
		<curveLM10 type=matrix rownames=FALSE colnames=FALSE nrow=76 ncol=2 as.numeric=TRUE >
			682	603
			681	603
			680	603
			679	602
			678	602
			677	602
			676	602
			675	601
			674	601
			673	600
			672	599
			671	599
			670	598
			669	598
			669	597
			668	596
			667	595
			667	594
			666	594
			665	593
			665	592
			664	591
			664	590
			663	589
			663	588
			663	587
			662	587
			662	586
			662	585
			661	585
			661	584
			661	583
			661	582
			660	581
			660	580
			660	579
			659	578
			659	577
			659	576
			659	575
			658	574
			658	573
			658	572
			658	571
			658	570
			658	569
			657	568
			657	567
			657	566
			657	565
			657	564
			657	563
			657	562
			657	561
			657	560
			656	559
			656	558
			656	557
			656	556
			656	555
			656	554
			656	553
			656	552
			656	551
			656	550
			656	549
			656	548
			656	547
			656	546
			656	545
			656	544
			656	543
			656	542
			656	541
			656	540
			656	539
		</curveLM10>
		<curveLM11 type=matrix rownames=FALSE colnames=FALSE nrow=49 ncol=2 as.numeric=TRUE >
			656	539
			655	538
			654	538
			653	537
			652	536
			651	536
			650	535
			649	535
			648	534
			647	534
			646	533
			645	533
			644	532
			643	531
			642	531
			641	531
			640	530
			639	529
			638	529
			637	529
			636	528
			635	528
			634	527
			633	527
			632	526
			631	525
			630	525
			629	525
			629	524
			628	524
			627	524
			627	523
			626	523
			625	523
			624	523
			624	522
			623	522
			622	522
			622	521
			621	521
			620	521
			620	520
			619	520
			618	520
			618	519
			617	519
			616	519
			615	518
			614	518
		</curveLM11>
		<curveLM12 type=matrix rownames=FALSE colnames=FALSE nrow=218 ncol=2 as.numeric=TRUE >
			614	518
			614	517
			613	517
			613	516
			613	515
			612	514
			612	513
			612	512
			612	511
			612	510
			612	509
			612	508
			611	507
			611	506
			611	505
			611	504
			611	503
			612	502
			612	501
			612	500
			612	499
			612	498
			612	497
			612	496
			612	495
			613	494
			613	493
			613	492
			613	491
			613	490
			614	489
			614	488
			614	487
			614	486
			614	485
			615	484
			615	483
			615	482
			616	481
			616	480
			616	479
			617	478
			617	477
			617	476
			617	475
			618	474
			618	473
			618	472
			619	471
			619	470
			619	469
			619	468
			620	467
			620	466
			620	465
			620	464
			621	463
			621	462
			621	461
			621	460
			621	459
			622	459
			622	458
			622	457
			622	456
			622	455
			623	454
			623	453
			623	452
			623	451
			624	450
			624	449
			624	448
			624	447
			625	446
			625	445
			625	444
			626	443
			626	442
			626	441
			626	440
			627	439
			627	438
			627	437
			627	436
			628	435
			628	434
			628	433
			629	432
			629	431
			629	430
			630	429
			630	428
			630	427
			630	426
			630	425
			631	425
			631	424
			631	423
			631	422
			632	421
			632	420
			632	419
			633	418
			633	417
			633	416
			634	415
			634	414
			634	413
			635	412
			635	411
			635	410
			636	409
			636	408
			637	407
			637	406
			637	405
			637	404
			638	404
			638	403
			638	402
			638	401
			639	400
			639	399
			640	398
			640	397
			640	396
			641	395
			641	394
			642	393
			642	392
			642	391
			642	390
			643	390
			643	389
			643	388
			644	387
			644	386
			645	385
			645	384
			645	383
			646	382
			646	381
			647	380
			647	379
			647	378
			648	377
			648	376
			649	376
			649	375
			649	374
			650	373
			650	372
			650	371
			651	370
			652	369
			652	368
			653	367
			653	366
			654	365
			654	364
			654	363
			655	362
			655	361
			656	360
			656	359
			657	358
			657	357
			658	356
			658	355
			659	354
			659	353
			660	352
			660	351
			661	350
			661	349
			662	348
			662	347
			663	346
			663	345
			664	345
			664	344
			665	343
			666	342
			666	341
			667	340
			667	339
			668	338
			668	337
			669	337
			669	336
			669	335
			670	335
			670	334
			670	333
			671	332
			671	331
			672	330
			672	329
			673	328
			673	327
			674	326
			674	325
			675	324
			675	323
			676	322
			676	321
			677	320
			678	319
			678	318
			679	317
			680	316
			681	315
			681	314
			682	314
			683	313
			684	313
			685	313
		</curveLM12>
	</curves.pixel>
	<curves.scaled type=list>
		<curveLM07 type=matrix rownames=FALSE colnames=FALSE nrow=216 ncol=2 as.numeric=TRUE >
			5.80508474576304	-2.6525423728815
			5.81355932203422	-2.6525423728815
			5.82203389830541	-2.66101694915269
			5.8305084745766	-2.66949152542388
			5.83898305084779	-2.67796610169507
			5.83898305084779	-2.68644067796625
			5.84745762711897	-2.69491525423744
			5.85593220339016	-2.70338983050863
			5.85593220339016	-2.71186440677981
			5.86440677966135	-2.720338983051
			5.86440677966135	-2.72881355932219
			5.87288135593253	-2.73728813559337
			5.87288135593253	-2.74576271186456
			5.87288135593253	-2.75423728813575
			5.88135593220372	-2.76271186440693
			5.88135593220372	-2.77118644067812
			5.88135593220372	-2.77966101694931
			5.88983050847491	-2.7881355932205
			5.88983050847491	-2.79661016949168
			5.88983050847491	-2.80508474576287
			5.89830508474609	-2.81355932203406
			5.89830508474609	-2.82203389830524
			5.89830508474609	-2.83050847457643
			5.90677966101728	-2.83898305084762
			5.90677966101728	-2.8474576271188
			5.90677966101728	-2.85593220338999
			5.91525423728847	-2.86440677966118
			5.91525423728847	-2.87288135593236
			5.91525423728847	-2.88135593220355
			5.92372881355965	-2.88983050847474
			5.92372881355965	-2.89830508474593
			5.92372881355965	-2.90677966101711
			5.92372881355965	-2.9152542372883
			5.93220338983084	-2.92372881355949
			5.93220338983084	-2.93220338983067
			5.93220338983084	-2.94067796610186
			5.93220338983084	-2.94915254237305
			5.94067796610203	-2.95762711864423
			5.94067796610203	-2.96610169491542
			5.94067796610203	-2.97457627118661
			5.94067796610203	-2.98305084745779
			5.94915254237322	-2.99152542372898
			5.94915254237322	-3.00000000000017
			5.94915254237322	-3.00847457627136
			5.94915254237322	-3.01694915254254
			5.9576271186444	-3.02542372881373
			5.9576271186444	-3.03389830508492
			5.9576271186444	-3.0423728813561
			5.9576271186444	-3.05084745762729
			5.96610169491559	-3.05932203389848
			5.96610169491559	-3.06779661016966
			5.97457627118678	-3.07627118644085
			5.97457627118678	-3.08474576271204
			5.98305084745796	-3.09322033898322
			5.98305084745796	-3.10169491525441
			5.98305084745796	-3.1101694915256
			5.99152542372915	-3.11864406779679
			5.99152542372915	-3.12711864406797
			6.00000000000034	-3.13559322033916
			6.00000000000034	-3.14406779661035
			6.00000000000034	-3.15254237288153
			6.00847457627152	-3.16101694915272
			6.00847457627152	-3.16949152542391
			6.01694915254271	-3.17796610169509
			6.01694915254271	-3.18644067796628
			6.01694915254271	-3.19491525423747
			6.0254237288139	-3.20338983050865
			6.0254237288139	-3.21186440677984
			6.03389830508508	-3.22033898305103
			6.03389830508508	-3.22881355932221
			6.03389830508508	-3.2372881355934
			6.04237288135627	-3.24576271186459
			6.04237288135627	-3.25423728813578
			6.04237288135627	-3.26271186440696
			6.05084745762746	-3.27118644067815
			6.05084745762746	-3.27966101694934
			6.05932203389864	-3.28813559322052
			6.05932203389864	-3.29661016949171
			6.05932203389864	-3.3050847457629
			6.06779661016983	-3.31355932203408
			6.06779661016983	-3.32203389830527
			6.06779661016983	-3.33050847457646
			6.07627118644102	-3.33898305084765
			6.07627118644102	-3.34745762711883
			6.07627118644102	-3.35593220339002
			6.08474576271221	-3.36440677966121
			6.08474576271221	-3.37288135593239
			6.09322033898339	-3.38135593220358
			6.09322033898339	-3.38983050847477
			6.09322033898339	-3.39830508474595
			6.10169491525458	-3.40677966101714
			6.10169491525458	-3.41525423728833
			6.10169491525458	-3.42372881355951
			6.11016949152577	-3.4322033898307
			6.11016949152577	-3.44067796610189
			6.11016949152577	-3.44915254237307
			6.11864406779695	-3.44915254237307
			6.11864406779695	-3.45762711864426
			6.11864406779695	-3.46610169491545
			6.11864406779695	-3.47457627118664
			6.12711864406814	-3.48305084745782
			6.12711864406814	-3.49152542372901
			6.13559322033933	-3.5000000000002
			6.13559322033933	-3.50847457627138
			6.13559322033933	-3.51694915254257
			6.14406779661051	-3.52542372881376
			6.14406779661051	-3.53389830508494
			6.14406779661051	-3.54237288135613
			6.1525423728817	-3.55084745762732
			6.1525423728817	-3.5593220338985
			6.1525423728817	-3.56779661016969
			6.16101694915289	-3.57627118644088
			6.16101694915289	-3.58474576271207
			6.16101694915289	-3.59322033898325
			6.16101694915289	-3.60169491525444
			6.16949152542407	-3.61016949152563
			6.16949152542407	-3.61864406779681
			6.16949152542407	-3.627118644068
			6.17796610169526	-3.63559322033919
			6.17796610169526	-3.64406779661037
			6.17796610169526	-3.65254237288156
			6.18644067796645	-3.66101694915275
			6.18644067796645	-3.66949152542393
			6.18644067796645	-3.67796610169512
			6.19491525423764	-3.68644067796631
			6.19491525423764	-3.6949152542375
			6.19491525423764	-3.70338983050868
			6.20338983050882	-3.71186440677987
			6.20338983050882	-3.72033898305106
			6.20338983050882	-3.72881355932224
			6.21186440678001	-3.73728813559343
			6.21186440678001	-3.74576271186462
			6.21186440678001	-3.7542372881358
			6.21186440678001	-3.76271186440699
			6.2203389830512	-3.77118644067818
			6.2203389830512	-3.77966101694936
			6.2203389830512	-3.78813559322055
			6.22881355932238	-3.79661016949174
			6.22881355932238	-3.80508474576293
			6.22881355932238	-3.81355932203411
			6.23728813559357	-3.8220338983053
			6.23728813559357	-3.83050847457649
			6.23728813559357	-3.83898305084767
			6.24576271186476	-3.84745762711886
			6.24576271186476	-3.85593220339005
			6.24576271186476	-3.86440677966123
			6.24576271186476	-3.87288135593242
			6.25423728813594	-3.88135593220361
			6.25423728813594	-3.88983050847479
			6.25423728813594	-3.89830508474598
			6.26271186440713	-3.90677966101717
			6.26271186440713	-3.91525423728836
			6.26271186440713	-3.92372881355954
			6.26271186440713	-3.93220338983073
			6.27118644067832	-3.94067796610192
			6.27118644067832	-3.9491525423731
			6.27118644067832	-3.95762711864429
			6.2796610169495	-3.96610169491548
			6.2796610169495	-3.97457627118666
			6.2796610169495	-3.98305084745785
			6.28813559322069	-3.99152542372904
			6.28813559322069	-4.00000000000022
			6.28813559322069	-4.00847457627141
			6.28813559322069	-4.0169491525426
			6.29661016949188	-4.02542372881379
			6.29661016949188	-4.03389830508497
			6.29661016949188	-4.04237288135616
			6.30508474576307	-4.05084745762735
			6.30508474576307	-4.05932203389853
			6.30508474576307	-4.06779661016972
			6.30508474576307	-4.07627118644091
			6.30508474576307	-4.08474576271209
			6.31355932203425	-4.08474576271209
			6.31355932203425	-4.09322033898328
			6.31355932203425	-4.10169491525447
			6.31355932203425	-4.11016949152565
			6.31355932203425	-4.11864406779684
			6.31355932203425	-4.12711864406803
			6.31355932203425	-4.13559322033922
			6.31355932203425	-4.1440677966104
			6.31355932203425	-4.15254237288159
			6.31355932203425	-4.16101694915278
			6.31355932203425	-4.16949152542396
			6.31355932203425	-4.17796610169515
			6.31355932203425	-4.18644067796634
			6.31355932203425	-4.19491525423752
			6.31355932203425	-4.20338983050871
			6.32203389830544	-4.2118644067799
			6.32203389830544	-4.22033898305108
			6.32203389830544	-4.22881355932227
			6.32203389830544	-4.23728813559346
			6.32203389830544	-4.24576271186464
			6.32203389830544	-4.25423728813583
			6.32203389830544	-4.26271186440702
			6.32203389830544	-4.27118644067821
			6.32203389830544	-4.27966101694939
			6.32203389830544	-4.28813559322058
			6.32203389830544	-4.29661016949177
			6.33050847457663	-4.30508474576295
			6.33050847457663	-4.31355932203414
			6.33050847457663	-4.32203389830533
			6.33050847457663	-4.33050847457651
			6.33050847457663	-4.3389830508477
			6.33050847457663	-4.34745762711889
			6.33050847457663	-4.35593220339007
			6.33898305084781	-4.36440677966126
			6.33898305084781	-4.37288135593245
			6.33898305084781	-4.38135593220364
			6.33898305084781	-4.38983050847482
			6.33898305084781	-4.39830508474601
			6.33898305084781	-4.4067796610172
			6.33898305084781	-4.41525423728838
			6.347457627119	-4.42372881355957
			6.347457627119	-4.43220338983076
			6.347457627119	-4.44067796610194
			6.347457627119	-4.44915254237313
		</curveLM07>
		<curveLM08 type=matrix rownames=FALSE colnames=FALSE nrow=39 ncol=2 as.numeric=TRUE >
			6.347457627119	-4.44915254237313
			6.33898305084781	-4.45762711864432
			6.33050847457663	-4.45762711864432
			6.32203389830544	-4.45762711864432
			6.31355932203425	-4.4661016949155
			6.30508474576307	-4.4661016949155
			6.29661016949188	-4.4661016949155
			6.29661016949188	-4.47457627118669
			6.28813559322069	-4.47457627118669
			6.2796610169495	-4.47457627118669
			6.27118644067832	-4.48305084745788
			6.26271186440713	-4.48305084745788
			6.25423728813594	-4.49152542372907
			6.24576271186476	-4.49152542372907
			6.23728813559357	-4.50000000000025
			6.22881355932238	-4.50000000000025
			6.2203389830512	-4.50847457627144
			6.21186440678001	-4.50847457627144
			6.20338983050882	-4.50847457627144
			6.19491525423764	-4.51694915254263
			6.18644067796645	-4.51694915254263
			6.17796610169526	-4.51694915254263
			6.16949152542407	-4.52542372881381
			6.16101694915289	-4.52542372881381
			6.1525423728817	-4.533898305085
			6.14406779661051	-4.533898305085
			6.13559322033933	-4.54237288135619
			6.12711864406814	-4.54237288135619
			6.11864406779695	-4.54237288135619
			6.11864406779695	-4.55084745762737
			6.11016949152577	-4.55084745762737
			6.10169491525458	-4.55084745762737
			6.09322033898339	-4.55084745762737
			6.09322033898339	-4.55932203389856
			6.08474576271221	-4.55932203389856
			6.07627118644102	-4.55932203389856
			6.06779661016983	-4.55932203389856
			6.05932203389864	-4.56779661016975
			6.05084745762746	-4.56779661016975
		</curveLM08>
		<curveLM09 type=matrix rownames=FALSE colnames=FALSE nrow=76 ncol=2 as.numeric=TRUE >
			6.05084745762746	-4.56779661016975
			6.05084745762746	-4.57627118644093
			6.05084745762746	-4.58474576271212
			6.05084745762746	-4.59322033898331
			6.05084745762746	-4.6016949152545
			6.05084745762746	-4.61016949152568
			6.05084745762746	-4.61864406779687
			6.05084745762746	-4.62711864406806
			6.05084745762746	-4.63559322033924
			6.05084745762746	-4.64406779661043
			6.05084745762746	-4.65254237288162
			6.04237288135627	-4.6610169491528
			6.04237288135627	-4.66949152542399
			6.04237288135627	-4.67796610169518
			6.04237288135627	-4.68644067796636
			6.04237288135627	-4.69491525423755
			6.04237288135627	-4.70338983050874
			6.04237288135627	-4.71186440677993
			6.03389830508508	-4.72033898305111
			6.03389830508508	-4.7288135593223
			6.03389830508508	-4.73728813559349
			6.03389830508508	-4.74576271186467
			6.03389830508508	-4.75423728813586
			6.0254237288139	-4.76271186440705
			6.0254237288139	-4.77118644067823
			6.0254237288139	-4.77966101694942
			6.0254237288139	-4.78813559322061
			6.0254237288139	-4.79661016949179
			6.01694915254271	-4.80508474576298
			6.01694915254271	-4.81355932203417
			6.01694915254271	-4.82203389830535
			6.00847457627152	-4.83050847457654
			6.00847457627152	-4.83898305084773
			6.00847457627152	-4.84745762711892
			6.00847457627152	-4.8559322033901
			6.00000000000034	-4.86440677966129
			6.00000000000034	-4.87288135593248
			6.00000000000034	-4.88135593220366
			5.99152542372915	-4.88983050847485
			5.99152542372915	-4.89830508474604
			5.99152542372915	-4.90677966101722
			5.98305084745796	-4.91525423728841
			5.98305084745796	-4.9237288135596
			5.98305084745796	-4.93220338983078
			5.97457627118678	-4.93220338983078
			5.97457627118678	-4.94067796610197
			5.97457627118678	-4.94915254237316
			5.96610169491559	-4.95762711864435
			5.96610169491559	-4.96610169491553
			5.9576271186444	-4.97457627118672
			5.94915254237322	-4.98305084745791
			5.94915254237322	-4.99152542372909
			5.94067796610203	-5.00000000000028
			5.94067796610203	-5.00847457627147
			5.93220338983084	-5.00847457627147
			5.93220338983084	-5.01694915254265
			5.92372881355965	-5.01694915254265
			5.92372881355965	-5.02542372881384
			5.91525423728847	-5.03389830508503
			5.90677966101728	-5.04237288135621
			5.89830508474609	-5.0508474576274
			5.88983050847491	-5.05932203389859
			5.88135593220372	-5.06779661016978
			5.87288135593253	-5.06779661016978
			5.86440677966135	-5.07627118644096
			5.85593220339016	-5.07627118644096
			5.84745762711897	-5.08474576271215
			5.83898305084779	-5.09322033898334
			5.8305084745766	-5.09322033898334
			5.82203389830541	-5.10169491525452
			5.81355932203422	-5.10169491525452
			5.80508474576304	-5.10169491525452
			5.79661016949185	-5.10169491525452
			5.79661016949185	-5.11016949152571
			5.78813559322066	-5.11016949152571
			5.77966101694948	-5.11016949152571
		</curveLM09>
		<curveLM10 type=matrix rownames=FALSE colnames=FALSE nrow=76 ncol=2 as.numeric=TRUE >
			5.77966101694948	-5.11016949152571
			5.77118644067829	-5.11016949152571
			5.7627118644071	-5.11016949152571
			5.75423728813592	-5.10169491525452
			5.74576271186473	-5.10169491525452
			5.73728813559354	-5.10169491525452
			5.72881355932236	-5.10169491525452
			5.72033898305117	-5.09322033898334
			5.71186440677998	-5.09322033898334
			5.70338983050879	-5.08474576271215
			5.69491525423761	-5.07627118644096
			5.68644067796642	-5.07627118644096
			5.67796610169523	-5.06779661016978
			5.66949152542405	-5.06779661016978
			5.66949152542405	-5.05932203389859
			5.66101694915286	-5.0508474576274
			5.65254237288167	-5.04237288135621
			5.65254237288167	-5.03389830508503
			5.64406779661049	-5.03389830508503
			5.6355932203393	-5.02542372881384
			5.6355932203393	-5.01694915254265
			5.62711864406811	-5.00847457627147
			5.62711864406811	-5.00000000000028
			5.61864406779693	-4.99152542372909
			5.61864406779693	-4.98305084745791
			5.61864406779693	-4.97457627118672
			5.61016949152574	-4.97457627118672
			5.61016949152574	-4.96610169491553
			5.61016949152574	-4.95762711864435
			5.60169491525455	-4.95762711864435
			5.60169491525455	-4.94915254237316
			5.60169491525455	-4.94067796610197
			5.60169491525455	-4.93220338983078
			5.59322033898336	-4.9237288135596
			5.59322033898336	-4.91525423728841
			5.59322033898336	-4.90677966101722
			5.58474576271218	-4.89830508474604
			5.58474576271218	-4.88983050847485
			5.58474576271218	-4.88135593220366
			5.58474576271218	-4.87288135593248
			5.57627118644099	-4.86440677966129
			5.57627118644099	-4.8559322033901
			5.57627118644099	-4.84745762711892
			5.57627118644099	-4.83898305084773
			5.57627118644099	-4.83050847457654
			5.57627118644099	-4.82203389830535
			5.5677966101698	-4.81355932203417
			5.5677966101698	-4.80508474576298
			5.5677966101698	-4.79661016949179
			5.5677966101698	-4.78813559322061
			5.5677966101698	-4.77966101694942
			5.5677966101698	-4.77118644067823
			5.5677966101698	-4.76271186440705
			5.5677966101698	-4.75423728813586
			5.5677966101698	-4.74576271186467
			5.55932203389862	-4.73728813559349
			5.55932203389862	-4.7288135593223
			5.55932203389862	-4.72033898305111
			5.55932203389862	-4.71186440677993
			5.55932203389862	-4.70338983050874
			5.55932203389862	-4.69491525423755
			5.55932203389862	-4.68644067796636
			5.55932203389862	-4.67796610169518
			5.55932203389862	-4.66949152542399
			5.55932203389862	-4.6610169491528
			5.55932203389862	-4.65254237288162
			5.55932203389862	-4.64406779661043
			5.55932203389862	-4.63559322033924
			5.55932203389862	-4.62711864406806
			5.55932203389862	-4.61864406779687
			5.55932203389862	-4.61016949152568
			5.55932203389862	-4.6016949152545
			5.55932203389862	-4.59322033898331
			5.55932203389862	-4.58474576271212
			5.55932203389862	-4.57627118644093
			5.55932203389862	-4.56779661016975
		</curveLM10>
		<curveLM11 type=matrix rownames=FALSE colnames=FALSE nrow=49 ncol=2 as.numeric=TRUE >
			5.55932203389862	-4.56779661016975
			5.55084745762743	-4.55932203389856
			5.54237288135624	-4.55932203389856
			5.53389830508506	-4.55084745762737
			5.52542372881387	-4.54237288135619
			5.51694915254268	-4.54237288135619
			5.5084745762715	-4.533898305085
			5.50000000000031	-4.533898305085
			5.49152542372912	-4.52542372881381
			5.48305084745793	-4.52542372881381
			5.47457627118675	-4.51694915254263
			5.46610169491556	-4.51694915254263
			5.45762711864437	-4.50847457627144
			5.44915254237319	-4.50000000000025
			5.440677966102	-4.50000000000025
			5.43220338983081	-4.50000000000025
			5.42372881355963	-4.49152542372907
			5.41525423728844	-4.48305084745788
			5.40677966101725	-4.48305084745788
			5.39830508474607	-4.48305084745788
			5.38983050847488	-4.47457627118669
			5.38135593220369	-4.47457627118669
			5.3728813559325	-4.4661016949155
			5.36440677966132	-4.4661016949155
			5.35593220339013	-4.45762711864432
			5.34745762711894	-4.44915254237313
			5.33898305084776	-4.44915254237313
			5.33050847457657	-4.44915254237313
			5.33050847457657	-4.44067796610194
			5.32203389830538	-4.44067796610194
			5.3135593220342	-4.44067796610194
			5.3135593220342	-4.43220338983076
			5.30508474576301	-4.43220338983076
			5.29661016949182	-4.43220338983076
			5.28813559322064	-4.43220338983076
			5.28813559322064	-4.42372881355957
			5.27966101694945	-4.42372881355957
			5.27118644067826	-4.42372881355957
			5.27118644067826	-4.41525423728838
			5.26271186440708	-4.41525423728838
			5.25423728813589	-4.41525423728838
			5.25423728813589	-4.4067796610172
			5.2457627118647	-4.4067796610172
			5.23728813559351	-4.4067796610172
			5.23728813559351	-4.39830508474601
			5.22881355932233	-4.39830508474601
			5.22033898305114	-4.39830508474601
			5.21186440677995	-4.38983050847482
			5.20338983050877	-4.38983050847482
		</curveLM11>
		<curveLM12 type=matrix rownames=FALSE colnames=FALSE nrow=218 ncol=2 as.numeric=TRUE >
			5.20338983050877	-4.38983050847482
			5.20338983050877	-4.38135593220364
			5.19491525423758	-4.38135593220364
			5.19491525423758	-4.37288135593245
			5.19491525423758	-4.36440677966126
			5.18644067796639	-4.35593220339007
			5.18644067796639	-4.34745762711889
			5.18644067796639	-4.3389830508477
			5.18644067796639	-4.33050847457651
			5.18644067796639	-4.32203389830533
			5.18644067796639	-4.31355932203414
			5.18644067796639	-4.30508474576295
			5.17796610169521	-4.29661016949177
			5.17796610169521	-4.28813559322058
			5.17796610169521	-4.27966101694939
			5.17796610169521	-4.27118644067821
			5.17796610169521	-4.26271186440702
			5.18644067796639	-4.25423728813583
			5.18644067796639	-4.24576271186464
			5.18644067796639	-4.23728813559346
			5.18644067796639	-4.22881355932227
			5.18644067796639	-4.22033898305108
			5.18644067796639	-4.2118644067799
			5.18644067796639	-4.20338983050871
			5.18644067796639	-4.19491525423752
			5.19491525423758	-4.18644067796634
			5.19491525423758	-4.17796610169515
			5.19491525423758	-4.16949152542396
			5.19491525423758	-4.16101694915278
			5.19491525423758	-4.15254237288159
			5.20338983050877	-4.1440677966104
			5.20338983050877	-4.13559322033922
			5.20338983050877	-4.12711864406803
			5.20338983050877	-4.11864406779684
			5.20338983050877	-4.11016949152565
			5.21186440677995	-4.10169491525447
			5.21186440677995	-4.09322033898328
			5.21186440677995	-4.08474576271209
			5.22033898305114	-4.07627118644091
			5.22033898305114	-4.06779661016972
			5.22033898305114	-4.05932203389853
			5.22881355932233	-4.05084745762735
			5.22881355932233	-4.04237288135616
			5.22881355932233	-4.03389830508497
			5.22881355932233	-4.02542372881379
			5.23728813559351	-4.0169491525426
			5.23728813559351	-4.00847457627141
			5.23728813559351	-4.00000000000022
			5.2457627118647	-3.99152542372904
			5.2457627118647	-3.98305084745785
			5.2457627118647	-3.97457627118666
			5.2457627118647	-3.96610169491548
			5.25423728813589	-3.95762711864429
			5.25423728813589	-3.9491525423731
			5.25423728813589	-3.94067796610192
			5.25423728813589	-3.93220338983073
			5.26271186440708	-3.92372881355954
			5.26271186440708	-3.91525423728836
			5.26271186440708	-3.90677966101717
			5.26271186440708	-3.89830508474598
			5.26271186440708	-3.88983050847479
			5.27118644067826	-3.88983050847479
			5.27118644067826	-3.88135593220361
			5.27118644067826	-3.87288135593242
			5.27118644067826	-3.86440677966123
			5.27118644067826	-3.85593220339005
			5.27966101694945	-3.84745762711886
			5.27966101694945	-3.83898305084767
			5.27966101694945	-3.83050847457649
			5.27966101694945	-3.8220338983053
			5.28813559322064	-3.81355932203411
			5.28813559322064	-3.80508474576293
			5.28813559322064	-3.79661016949174
			5.28813559322064	-3.78813559322055
			5.29661016949182	-3.77966101694936
			5.29661016949182	-3.77118644067818
			5.29661016949182	-3.76271186440699
			5.30508474576301	-3.7542372881358
			5.30508474576301	-3.74576271186462
			5.30508474576301	-3.73728813559343
			5.30508474576301	-3.72881355932224
			5.3135593220342	-3.72033898305106
			5.3135593220342	-3.71186440677987
			5.3135593220342	-3.70338983050868
			5.3135593220342	-3.6949152542375
			5.32203389830538	-3.68644067796631
			5.32203389830538	-3.67796610169512
			5.32203389830538	-3.66949152542393
			5.33050847457657	-3.66101694915275
			5.33050847457657	-3.65254237288156
			5.33050847457657	-3.64406779661037
			5.33898305084776	-3.63559322033919
			5.33898305084776	-3.627118644068
			5.33898305084776	-3.61864406779681
			5.33898305084776	-3.61016949152563
			5.33898305084776	-3.60169491525444
			5.34745762711894	-3.60169491525444
			5.34745762711894	-3.59322033898325
			5.34745762711894	-3.58474576271207
			5.34745762711894	-3.57627118644088
			5.35593220339013	-3.56779661016969
			5.35593220339013	-3.5593220338985
			5.35593220339013	-3.55084745762732
			5.36440677966132	-3.54237288135613
			5.36440677966132	-3.53389830508494
			5.36440677966132	-3.52542372881376
			5.3728813559325	-3.51694915254257
			5.3728813559325	-3.50847457627138
			5.3728813559325	-3.5000000000002
			5.38135593220369	-3.49152542372901
			5.38135593220369	-3.48305084745782
			5.38135593220369	-3.47457627118664
			5.38983050847488	-3.46610169491545
			5.38983050847488	-3.45762711864426
			5.39830508474607	-3.44915254237307
			5.39830508474607	-3.44067796610189
			5.39830508474607	-3.4322033898307
			5.39830508474607	-3.42372881355951
			5.40677966101725	-3.42372881355951
			5.40677966101725	-3.41525423728833
			5.40677966101725	-3.40677966101714
			5.40677966101725	-3.39830508474595
			5.41525423728844	-3.38983050847477
			5.41525423728844	-3.38135593220358
			5.42372881355963	-3.37288135593239
			5.42372881355963	-3.36440677966121
			5.42372881355963	-3.35593220339002
			5.43220338983081	-3.34745762711883
			5.43220338983081	-3.33898305084765
			5.440677966102	-3.33050847457646
			5.440677966102	-3.32203389830527
			5.440677966102	-3.31355932203408
			5.440677966102	-3.3050847457629
			5.44915254237319	-3.3050847457629
			5.44915254237319	-3.29661016949171
			5.44915254237319	-3.28813559322052
			5.45762711864437	-3.27966101694934
			5.45762711864437	-3.27118644067815
			5.46610169491556	-3.26271186440696
			5.46610169491556	-3.25423728813578
			5.46610169491556	-3.24576271186459
			5.47457627118675	-3.2372881355934
			5.47457627118675	-3.22881355932221
			5.48305084745793	-3.22033898305103
			5.48305084745793	-3.21186440677984
			5.48305084745793	-3.20338983050865
			5.49152542372912	-3.19491525423747
			5.49152542372912	-3.18644067796628
			5.50000000000031	-3.18644067796628
			5.50000000000031	-3.17796610169509
			5.50000000000031	-3.16949152542391
			5.5084745762715	-3.16101694915272
			5.5084745762715	-3.15254237288153
			5.5084745762715	-3.14406779661035
			5.51694915254268	-3.13559322033916
			5.52542372881387	-3.12711864406797
			5.52542372881387	-3.11864406779679
			5.53389830508506	-3.1101694915256
			5.53389830508506	-3.10169491525441
			5.54237288135624	-3.09322033898322
			5.54237288135624	-3.08474576271204
			5.54237288135624	-3.07627118644085
			5.55084745762743	-3.06779661016966
			5.55084745762743	-3.05932203389848
			5.55932203389862	-3.05084745762729
			5.55932203389862	-3.0423728813561
			5.5677966101698	-3.03389830508492
			5.5677966101698	-3.02542372881373
			5.57627118644099	-3.01694915254254
			5.57627118644099	-3.00847457627136
			5.58474576271218	-3.00000000000017
			5.58474576271218	-2.99152542372898
			5.59322033898336	-2.98305084745779
			5.59322033898336	-2.97457627118661
			5.60169491525455	-2.96610169491542
			5.60169491525455	-2.95762711864423
			5.61016949152574	-2.94915254237305
			5.61016949152574	-2.94067796610186
			5.61864406779693	-2.93220338983067
			5.61864406779693	-2.92372881355949
			5.62711864406811	-2.92372881355949
			5.62711864406811	-2.9152542372883
			5.6355932203393	-2.90677966101711
			5.64406779661049	-2.89830508474593
			5.64406779661049	-2.88983050847474
			5.65254237288167	-2.88135593220355
			5.65254237288167	-2.87288135593236
			5.66101694915286	-2.86440677966118
			5.66101694915286	-2.85593220338999
			5.66949152542405	-2.85593220338999
			5.66949152542405	-2.8474576271188
			5.66949152542405	-2.83898305084762
			5.67796610169523	-2.83898305084762
			5.67796610169523	-2.83050847457643
			5.67796610169523	-2.82203389830524
			5.68644067796642	-2.81355932203406
			5.68644067796642	-2.80508474576287
			5.69491525423761	-2.79661016949168
			5.69491525423761	-2.7881355932205
			5.70338983050879	-2.77966101694931
			5.70338983050879	-2.77118644067812
			5.71186440677998	-2.76271186440693
			5.71186440677998	-2.75423728813575
			5.72033898305117	-2.74576271186456
			5.72033898305117	-2.73728813559337
			5.72881355932236	-2.72881355932219
			5.72881355932236	-2.720338983051
			5.73728813559354	-2.71186440677981
			5.74576271186473	-2.70338983050863
			5.74576271186473	-2.69491525423744
			5.75423728813592	-2.68644067796625
			5.7627118644071	-2.67796610169507
			5.77118644067829	-2.66949152542388
			5.77118644067829	-2.66101694915269
			5.77966101694948	-2.66101694915269
			5.78813559322066	-2.6525423728815
			5.79661016949185	-2.6525423728815
			5.80508474576304	-2.6525423728815
		</curveLM12>
	</curves.scaled>
	<ruler.points type=matrix rownames=TRUE colnames=FALSE nrow=5 ncol=2 as.numeric=TRUE >
		Ruler point 1	210	814
		Ruler point 2	328	814
		Ruler point 3	446	814
		Ruler point 4	564	814
		Ruler point 5	680	814
	</ruler.points>
</shapes>

