<shapes type=list>
	<ruler.pixel type=vector names=FALSE length=1 as.numeric=TRUE >117.001068369002</ruler.pixel>
	<ruler.interval type=vector names=FALSE length=1 as.numeric=TRUE >1</ruler.interval>
	<scaling.units type=vector names=FALSE length=1 as.numeric=FALSE >cm</scaling.units>
	<scaling type=vector names=FALSE length=1 as.numeric=TRUE >0.00854693050191789</scaling>
	<landmarks.pixel type=matrix rownames=TRUE colnames=FALSE nrow=6 ncol=2 as.numeric=TRUE >
		LM01	669	288
		LM02	739	535
		LM03	704	556
		LM04	676	601
		LM05	648	551
		LM06	618	525
	</landmarks.pixel>
	<landmarks.scaled type=matrix rownames=TRUE colnames=FALSE nrow=6 ncol=2 as.numeric=TRUE >
		LM01	5.71789650578307	-2.46151598455235
		LM02	6.31618164091732	-4.57260781852607
		LM03	6.0170390733502	-4.75209335906635
		LM04	5.7777250192965	-5.13670523165265
		LM05	5.53841096524279	-4.70935870655676
		LM06	5.28200305018526	-4.48713851350689
	</landmarks.scaled>
	<curves.control type=list>
		<curveLM07 type=matrix rownames=FALSE colnames=FALSE nrow=7 ncol=2 as.numeric=TRUE >
			669	288
			684	297
			699	355
			720	384
			742	468
			733	501
			739	535
		</curveLM07>
		<curveLM08 type=matrix rownames=FALSE colnames=FALSE nrow=5 ncol=2 as.numeric=TRUE >
			739	535
			732	548
			719	548
			708	550
			704	556
		</curveLM08>
		<curveLM09 type=matrix rownames=FALSE colnames=FALSE nrow=5 ncol=2 as.numeric=TRUE >
			704	556
			697	561
			698	599
			688	602
			676	601
		</curveLM09>
		<curveLM10 type=matrix rownames=FALSE colnames=FALSE nrow=5 ncol=2 as.numeric=TRUE >
			676	601
			649	600
			650	589
			659	572
			648	551
		</curveLM10>
		<curveLM11 type=matrix rownames=FALSE colnames=FALSE nrow=3 ncol=2 as.numeric=TRUE >
			648	551
			646	544
			618	525
		</curveLM11>
		<curveLM12 type=matrix rownames=FALSE colnames=FALSE nrow=9 ncol=2 as.numeric=TRUE >
			618	525
			613	518
			631	490
			620	436
			637	379
			646	352
			660	310
			663	288
			669	288
		</curveLM12>
	</curves.control>
	<curves.pixel type=list>
		<curveLM07 type=matrix rownames=FALSE colnames=FALSE nrow=261 ncol=2 as.numeric=TRUE >
			669	288
			670	288
			670	289
			671	289
			672	290
			672	291
			673	291
			674	292
			674	293
			675	294
			676	295
			677	296
			677	297
			678	298
			679	299
			679	300
			680	301
			681	302
			681	303
			681	304
			682	305
			682	306
			683	306
			683	307
			683	308
			684	309
			684	310
			685	311
			685	312
			686	313
			686	314
			686	315
			687	316
			687	317
			688	318
			688	319
			688	320
			689	321
			689	322
			689	323
			690	324
			690	325
			690	326
			691	327
			691	328
			691	329
			692	330
			692	331
			692	332
			693	333
			693	334
			694	335
			694	336
			694	337
			694	338
			695	339
			695	340
			695	341
			695	342
			696	342
			696	343
			696	344
			696	345
			697	346
			697	347
			697	348
			697	349
			698	350
			698	351
			698	352
			698	353
			699	354
			699	355
			700	356
			700	357
			701	358
			702	359
			702	360
			703	361
			704	362
			704	363
			705	364
			705	365
			706	365
			706	366
			706	367
			707	368
			707	369
			708	369
			708	370
			709	371
			709	372
			709	373
			710	374
			710	375
			711	375
			711	376
			712	377
			712	378
			713	379
			713	380
			713	381
			714	382
			714	383
			715	384
			715	385
			716	386
			716	387
			716	388
			717	389
			717	390
			718	391
			718	392
			718	393
			719	394
			719	395
			720	396
			720	397
			720	398
			721	399
			721	400
			721	401
			722	401
			722	402
			722	403
			723	404
			723	405
			723	406
			724	407
			724	408
			724	409
			725	410
			725	411
			725	412
			726	412
			726	413
			726	414
			726	415
			727	416
			727	417
			727	418
			728	419
			728	420
			728	421
			729	421
			729	422
			729	423
			729	424
			730	425
			730	426
			730	427
			730	428
			731	428
			731	429
			731	430
			732	431
			732	432
			732	433
			732	434
			733	435
			733	436
			733	437
			734	438
			734	439
			734	440
			735	441
			735	442
			735	443
			735	444
			736	445
			736	446
			736	447
			737	448
			737	449
			737	450
			738	451
			738	452
			738	453
			738	454
			738	455
			739	455
			739	456
			739	457
			739	458
			740	459
			740	460
			740	461
			740	462
			741	463
			741	464
			741	465
			741	466
			742	467
			742	468
			742	469
			741	470
			741	471
			741	472
			741	473
			741	474
			740	475
			740	476
			740	477
			740	478
			739	479
			739	480
			739	481
			739	482
			739	483
			739	484
			738	485
			738	486
			738	487
			738	488
			738	489
			738	490
			738	491
			737	492
			737	493
			737	494
			737	495
			737	496
			737	497
			737	498
			737	499
			737	500
			737	501
			737	502
			737	503
			737	504
			737	505
			737	506
			737	507
			737	508
			737	509
			737	510
			737	511
			737	512
			737	513
			737	514
			737	515
			737	516
			737	517
			737	518
			737	519
			737	520
			737	521
			737	522
			737	523
			737	524
			738	525
			738	526
			738	527
			738	528
			738	529
			738	530
			738	531
			739	532
			739	533
			739	534
			739	535
		</curveLM07>
		<curveLM08 type=matrix rownames=FALSE colnames=FALSE nrow=40 ncol=2 as.numeric=TRUE >
			739	535
			738	536
			738	537
			737	538
			736	539
			735	540
			735	541
			734	542
			733	543
			732	544
			731	544
			730	545
			729	546
			728	546
			727	546
			726	547
			725	547
			724	547
			723	548
			722	548
			721	548
			720	548
			719	548
			718	548
			717	548
			716	549
			715	549
			714	549
			713	549
			713	550
			712	550
			711	550
			710	551
			709	551
			708	552
			707	553
			706	553
			706	554
			705	555
			704	556
		</curveLM08>
		<curveLM09 type=matrix rownames=FALSE colnames=FALSE nrow=66 ncol=2 as.numeric=TRUE >
			704	556
			703	557
			702	558
			702	559
			701	560
			701	561
			700	562
			700	563
			700	564
			700	565
			699	566
			699	567
			699	568
			699	569
			699	570
			699	571
			699	572
			699	573
			698	574
			698	575
			698	576
			698	577
			698	578
			698	579
			698	580
			698	581
			698	582
			698	583
			698	584
			698	585
			698	586
			698	587
			698	588
			698	589
			698	590
			698	591
			698	592
			698	593
			698	594
			698	595
			698	596
			698	597
			698	598
			698	599
			697	599
			696	600
			695	600
			694	600
			693	600
			692	600
			691	601
			690	601
			689	601
			688	601
			687	601
			686	601
			685	601
			684	601
			683	601
			682	601
			681	601
			680	601
			679	601
			678	601
			677	601
			676	601
		</curveLM09>
		<curveLM10 type=matrix rownames=FALSE colnames=FALSE nrow=73 ncol=2 as.numeric=TRUE >
			676	601
			675	601
			674	601
			673	601
			672	601
			671	601
			670	601
			669	601
			669	600
			668	600
			667	600
			666	600
			665	600
			664	600
			663	600
			662	599
			661	599
			660	599
			659	599
			658	598
			657	598
			656	598
			656	597
			655	597
			654	597
			654	596
			653	596
			652	595
			651	594
			651	593
			650	592
			650	591
			650	590
			650	589
			650	588
			651	587
			651	586
			652	585
			652	584
			653	583
			653	582
			653	581
			653	580
			654	579
			654	578
			654	577
			654	576
			654	575
			654	574
			654	573
			654	572
			654	571
			654	570
			654	569
			654	568
			654	567
			653	566
			653	565
			653	564
			653	563
			652	562
			652	561
			652	560
			652	559
			651	559
			651	558
			651	557
			650	556
			650	555
			650	554
			649	553
			649	552
			648	551
		</curveLM10>
		<curveLM11 type=matrix rownames=FALSE colnames=FALSE nrow=34 ncol=2 as.numeric=TRUE >
			648	551
			648	550
			647	549
			646	548
			645	547
			645	546
			644	545
			643	544
			642	543
			641	543
			640	542
			639	541
			638	540
			637	539
			636	538
			635	537
			634	536
			633	536
			632	535
			631	534
			630	534
			630	533
			629	532
			628	532
			627	531
			626	530
			625	530
			624	529
			623	528
			622	527
			621	527
			620	526
			619	526
			618	525
		</curveLM11>
		<curveLM12 type=matrix rownames=FALSE colnames=FALSE nrow=243 ncol=2 as.numeric=TRUE >
			618	525
			617	524
			617	523
			617	522
			617	521
			617	520
			617	519
			617	518
			617	517
			618	516
			618	515
			618	514
			619	513
			619	512
			619	511
			620	510
			620	509
			621	508
			621	507
			622	506
			622	505
			623	504
			623	503
			624	502
			624	501
			625	500
			625	499
			626	498
			627	497
			627	496
			628	495
			628	494
			629	493
			630	492
			631	491
			631	490
			631	489
			631	488
			630	487
			630	486
			630	485
			630	484
			630	483
			630	482
			629	481
			629	480
			629	479
			629	478
			629	477
			629	476
			629	475
			628	474
			628	473
			628	472
			628	471
			628	470
			628	469
			628	468
			628	467
			627	466
			627	465
			627	464
			627	463
			627	462
			627	461
			627	460
			627	459
			627	458
			627	457
			627	456
			627	455
			627	454
			627	453
			627	452
			627	451
			627	450
			627	449
			627	448
			627	447
			627	446
			627	445
			627	444
			627	443
			627	442
			627	441
			627	440
			627	439
			627	438
			627	437
			627	436
			627	435
			627	434
			627	433
			627	432
			627	431
			627	430
			627	429
			627	428
			628	427
			628	426
			628	425
			628	424
			628	423
			628	422
			628	421
			628	420
			628	419
			629	418
			629	417
			629	416
			629	415
			629	414
			629	413
			629	412
			630	411
			630	410
			630	409
			630	408
			630	407
			630	406
			631	405
			631	404
			631	403
			631	402
			631	401
			632	400
			632	399
			632	398
			632	397
			633	396
			633	395
			633	394
			633	393
			633	392
			634	391
			634	390
			634	389
			635	388
			635	387
			635	386
			635	385
			636	384
			636	383
			636	382
			636	381
			637	380
			637	379
			637	378
			638	377
			638	376
			638	375
			639	374
			639	373
			639	372
			640	371
			640	370
			640	369
			641	368
			641	367
			641	366
			642	365
			642	364
			642	363
			643	362
			643	361
			643	360
			644	359
			644	358
			644	357
			645	356
			645	355
			645	354
			646	353
			646	352
			646	351
			647	350
			647	349
			647	348
			648	347
			648	346
			648	345
			649	344
			649	343
			649	342
			650	341
			650	340
			650	339
			651	338
			651	337
			651	336
			652	335
			652	334
			652	333
			653	332
			653	331
			653	330
			654	329
			654	328
			654	327
			655	326
			655	325
			655	324
			656	323
			656	322
			656	321
			657	320
			657	319
			657	318
			658	317
			658	316
			658	315
			659	314
			659	313
			659	312
			660	311
			660	310
			660	309
			660	308
			660	307
			661	306
			661	305
			661	304
			661	303
			661	302
			661	301
			662	301
			662	300
			662	299
			662	298
			663	297
			663	296
			663	295
			664	294
			664	293
			664	292
			665	292
			665	291
			665	290
			666	290
			666	289
			667	289
			668	288
			669	288
		</curveLM12>
	</curves.pixel>
	<curves.scaled type=list>
		<curveLM07 type=matrix rownames=FALSE colnames=FALSE nrow=261 ncol=2 as.numeric=TRUE >
			5.71789650578307	-2.46151598455235
			5.72644343628499	-2.46151598455235
			5.72644343628499	-2.47006291505427
			5.73499036678691	-2.47006291505427
			5.74353729728882	-2.47860984555619
			5.74353729728882	-2.48715677605811
			5.75208422779074	-2.48715677605811
			5.76063115829266	-2.49570370656002
			5.76063115829266	-2.50425063706194
			5.76917808879458	-2.51279756756386
			5.7777250192965	-2.52134449806578
			5.78627194979841	-2.5298914285677
			5.78627194979841	-2.53843835906961
			5.79481888030033	-2.54698528957153
			5.80336581080225	-2.55553222007345
			5.80336581080225	-2.56407915057537
			5.81191274130417	-2.57262608107729
			5.82045967180609	-2.5811730115792
			5.82045967180609	-2.58971994208112
			5.82045967180609	-2.59826687258304
			5.829006602308	-2.60681380308496
			5.829006602308	-2.61536073358688
			5.83755353280992	-2.61536073358688
			5.83755353280992	-2.62390766408879
			5.83755353280992	-2.63245459459071
			5.84610046331184	-2.64100152509263
			5.84610046331184	-2.64954845559455
			5.85464739381376	-2.65809538609646
			5.85464739381376	-2.66664231659838
			5.86319432431567	-2.6751892471003
			5.86319432431567	-2.68373617760222
			5.86319432431567	-2.69228310810414
			5.87174125481759	-2.70083003860605
			5.87174125481759	-2.70937696910797
			5.88028818531951	-2.71792389960989
			5.88028818531951	-2.72647083011181
			5.88028818531951	-2.73501776061373
			5.88883511582143	-2.74356469111564
			5.88883511582143	-2.75211162161756
			5.88883511582143	-2.76065855211948
			5.89738204632335	-2.7692054826214
			5.89738204632335	-2.77775241312332
			5.89738204632335	-2.78629934362523
			5.90592897682526	-2.79484627412715
			5.90592897682526	-2.80339320462907
			5.90592897682526	-2.81194013513099
			5.91447590732718	-2.8204870656329
			5.91447590732718	-2.82903399613482
			5.91447590732718	-2.83758092663674
			5.9230228378291	-2.84612785713866
			5.9230228378291	-2.85467478764058
			5.93156976833102	-2.86322171814249
			5.93156976833102	-2.87176864864441
			5.93156976833102	-2.88031557914633
			5.93156976833102	-2.88886250964825
			5.94011669883294	-2.89740944015017
			5.94011669883294	-2.90595637065208
			5.94011669883294	-2.914503301154
			5.94011669883294	-2.92305023165592
			5.94866362933485	-2.92305023165592
			5.94866362933485	-2.93159716215784
			5.94866362933485	-2.94014409265976
			5.94866362933485	-2.94869102316167
			5.95721055983677	-2.95723795366359
			5.95721055983677	-2.96578488416551
			5.95721055983677	-2.97433181466743
			5.95721055983677	-2.98287874516934
			5.96575749033869	-2.99142567567126
			5.96575749033869	-2.99997260617318
			5.96575749033869	-3.0085195366751
			5.96575749033869	-3.01706646717702
			5.97430442084061	-3.02561339767893
			5.97430442084061	-3.03416032818085
			5.98285135134253	-3.04270725868277
			5.98285135134253	-3.05125418918469
			5.99139828184444	-3.05980111968661
			5.99994521234636	-3.06834805018852
			5.99994521234636	-3.07689498069044
			6.00849214284828	-3.08544191119236
			6.0170390733502	-3.09398884169428
			6.0170390733502	-3.1025357721962
			6.02558600385211	-3.11108270269811
			6.02558600385211	-3.11962963320003
			6.03413293435403	-3.11962963320003
			6.03413293435403	-3.12817656370195
			6.03413293435403	-3.13672349420387
			6.04267986485595	-3.14527042470578
			6.04267986485595	-3.1538173552077
			6.05122679535787	-3.1538173552077
			6.05122679535787	-3.16236428570962
			6.05977372585979	-3.17091121621154
			6.05977372585979	-3.17945814671346
			6.05977372585979	-3.18800507721537
			6.0683206563617	-3.19655200771729
			6.0683206563617	-3.20509893821921
			6.07686758686362	-3.20509893821921
			6.07686758686362	-3.21364586872113
			6.08541451736554	-3.22219279922305
			6.08541451736554	-3.23073972972496
			6.09396144786746	-3.23928666022688
			6.09396144786746	-3.2478335907288
			6.09396144786746	-3.25638052123072
			6.10250837836938	-3.26492745173264
			6.10250837836938	-3.27347438223455
			6.11105530887129	-3.28202131273647
			6.11105530887129	-3.29056824323839
			6.11960223937321	-3.29911517374031
			6.11960223937321	-3.30766210424222
			6.11960223937321	-3.31620903474414
			6.12814916987513	-3.32475596524606
			6.12814916987513	-3.33330289574798
			6.13669610037705	-3.3418498262499
			6.13669610037705	-3.35039675675181
			6.13669610037705	-3.35894368725373
			6.14524303087897	-3.36749061775565
			6.14524303087897	-3.37603754825757
			6.15378996138088	-3.38458447875949
			6.15378996138088	-3.3931314092614
			6.15378996138088	-3.40167833976332
			6.1623368918828	-3.41022527026524
			6.1623368918828	-3.41877220076716
			6.1623368918828	-3.42731913126908
			6.17088382238472	-3.42731913126908
			6.17088382238472	-3.43586606177099
			6.17088382238472	-3.44441299227291
			6.17943075288664	-3.45295992277483
			6.17943075288664	-3.46150685327675
			6.17943075288664	-3.47005378377866
			6.18797768338856	-3.47860071428058
			6.18797768338856	-3.4871476447825
			6.18797768338856	-3.49569457528442
			6.19652461389047	-3.50424150578634
			6.19652461389047	-3.51278843628825
			6.19652461389047	-3.52133536679017
			6.20507154439239	-3.52133536679017
			6.20507154439239	-3.52988229729209
			6.20507154439239	-3.53842922779401
			6.20507154439239	-3.54697615829593
			6.21361847489431	-3.55552308879784
			6.21361847489431	-3.56407001929976
			6.21361847489431	-3.57261694980168
			6.22216540539623	-3.5811638803036
			6.22216540539623	-3.58971081080552
			6.22216540539623	-3.59825774130743
			6.23071233589814	-3.59825774130743
			6.23071233589814	-3.60680467180935
			6.23071233589814	-3.61535160231127
			6.23071233589814	-3.62389853281319
			6.23925926640006	-3.63244546331511
			6.23925926640006	-3.64099239381702
			6.23925926640006	-3.64953932431894
			6.23925926640006	-3.65808625482086
			6.24780619690198	-3.65808625482086
			6.24780619690198	-3.66663318532278
			6.24780619690198	-3.67518011582469
			6.2563531274039	-3.68372704632661
			6.2563531274039	-3.69227397682853
			6.2563531274039	-3.70082090733045
			6.2563531274039	-3.70936783783237
			6.26490005790582	-3.71791476833428
			6.26490005790582	-3.7264616988362
			6.26490005790582	-3.73500862933812
			6.27344698840773	-3.74355555984004
			6.27344698840773	-3.75210249034196
			6.27344698840773	-3.76064942084387
			6.28199391890965	-3.76919635134579
			6.28199391890965	-3.77774328184771
			6.28199391890965	-3.78629021234963
			6.28199391890965	-3.79483714285155
			6.29054084941157	-3.80338407335346
			6.29054084941157	-3.81193100385538
			6.29054084941157	-3.8204779343573
			6.29908777991349	-3.82902486485922
			6.29908777991349	-3.83757179536113
			6.29908777991349	-3.84611872586305
			6.30763471041541	-3.85466565636497
			6.30763471041541	-3.86321258686689
			6.30763471041541	-3.87175951736881
			6.30763471041541	-3.88030644787072
			6.30763471041541	-3.88885337837264
			6.31618164091732	-3.88885337837264
			6.31618164091732	-3.89740030887456
			6.31618164091732	-3.90594723937648
			6.31618164091732	-3.9144941698784
			6.32472857141924	-3.92304110038031
			6.32472857141924	-3.93158803088223
			6.32472857141924	-3.94013496138415
			6.32472857141924	-3.94868189188607
			6.33327550192116	-3.95722882238799
			6.33327550192116	-3.9657757528899
			6.33327550192116	-3.97432268339182
			6.33327550192116	-3.98286961389374
			6.34182243242308	-3.99141654439566
			6.34182243242308	-3.99996347489757
			6.34182243242308	-4.00851040539949
			6.33327550192116	-4.01705733590141
			6.33327550192116	-4.02560426640333
			6.33327550192116	-4.03415119690525
			6.33327550192116	-4.04269812740716
			6.33327550192116	-4.05124505790908
			6.32472857141924	-4.059791988411
			6.32472857141924	-4.06833891891292
			6.32472857141924	-4.07688584941484
			6.32472857141924	-4.08543277991675
			6.31618164091732	-4.09397971041867
			6.31618164091732	-4.10252664092059
			6.31618164091732	-4.11107357142251
			6.31618164091732	-4.11962050192442
			6.31618164091732	-4.12816743242634
			6.31618164091732	-4.13671436292826
			6.30763471041541	-4.14526129343018
			6.30763471041541	-4.1538082239321
			6.30763471041541	-4.16235515443401
			6.30763471041541	-4.17090208493593
			6.30763471041541	-4.17944901543785
			6.30763471041541	-4.18799594593977
			6.30763471041541	-4.19654287644169
			6.29908777991349	-4.2050898069436
			6.29908777991349	-4.21363673744552
			6.29908777991349	-4.22218366794744
			6.29908777991349	-4.23073059844936
			6.29908777991349	-4.23927752895128
			6.29908777991349	-4.24782445945319
			6.29908777991349	-4.25637138995511
			6.29908777991349	-4.26491832045703
			6.29908777991349	-4.27346525095895
			6.29908777991349	-4.28201218146086
			6.29908777991349	-4.29055911196278
			6.29908777991349	-4.2991060424647
			6.29908777991349	-4.30765297296662
			6.29908777991349	-4.31619990346854
			6.29908777991349	-4.32474683397045
			6.29908777991349	-4.33329376447237
			6.29908777991349	-4.34184069497429
			6.29908777991349	-4.35038762547621
			6.29908777991349	-4.35893455597813
			6.29908777991349	-4.36748148648004
			6.29908777991349	-4.37602841698196
			6.29908777991349	-4.38457534748388
			6.29908777991349	-4.3931222779858
			6.29908777991349	-4.40166920848772
			6.29908777991349	-4.41021613898963
			6.29908777991349	-4.41876306949155
			6.29908777991349	-4.42730999999347
			6.29908777991349	-4.43585693049539
			6.29908777991349	-4.4444038609973
			6.29908777991349	-4.45295079149922
			6.29908777991349	-4.46149772200114
			6.29908777991349	-4.47004465250306
			6.29908777991349	-4.47859158300498
			6.30763471041541	-4.48713851350689
			6.30763471041541	-4.49568544400881
			6.30763471041541	-4.50423237451073
			6.30763471041541	-4.51277930501265
			6.30763471041541	-4.52132623551457
			6.30763471041541	-4.52987316601648
			6.30763471041541	-4.5384200965184
			6.31618164091732	-4.54696702702032
			6.31618164091732	-4.55551395752224
			6.31618164091732	-4.56406088802416
			6.31618164091732	-4.57260781852607
		</curveLM07>
		<curveLM08 type=matrix rownames=FALSE colnames=FALSE nrow=40 ncol=2 as.numeric=TRUE >
			6.31618164091732	-4.57260781852607
			6.30763471041541	-4.58115474902799
			6.30763471041541	-4.58970167952991
			6.29908777991349	-4.59824861003183
			6.29054084941157	-4.60679554053374
			6.28199391890965	-4.61534247103566
			6.28199391890965	-4.62388940153758
			6.27344698840773	-4.6324363320395
			6.26490005790582	-4.64098326254142
			6.2563531274039	-4.64953019304333
			6.24780619690198	-4.64953019304333
			6.23925926640006	-4.65807712354525
			6.23071233589814	-4.66662405404717
			6.22216540539623	-4.66662405404717
			6.21361847489431	-4.66662405404717
			6.20507154439239	-4.67517098454909
			6.19652461389047	-4.67517098454909
			6.18797768338856	-4.67517098454909
			6.17943075288664	-4.68371791505101
			6.17088382238472	-4.68371791505101
			6.1623368918828	-4.68371791505101
			6.15378996138088	-4.68371791505101
			6.14524303087897	-4.68371791505101
			6.13669610037705	-4.68371791505101
			6.12814916987513	-4.68371791505101
			6.11960223937321	-4.69226484555292
			6.11105530887129	-4.69226484555292
			6.10250837836938	-4.69226484555292
			6.09396144786746	-4.69226484555292
			6.09396144786746	-4.70081177605484
			6.08541451736554	-4.70081177605484
			6.07686758686362	-4.70081177605484
			6.0683206563617	-4.70935870655676
			6.05977372585979	-4.70935870655676
			6.05122679535787	-4.71790563705868
			6.04267986485595	-4.7264525675606
			6.03413293435403	-4.7264525675606
			6.03413293435403	-4.73499949806251
			6.02558600385211	-4.74354642856443
			6.0170390733502	-4.75209335906635
		</curveLM08>
		<curveLM09 type=matrix rownames=FALSE colnames=FALSE nrow=66 ncol=2 as.numeric=TRUE >
			6.0170390733502	-4.75209335906635
			6.00849214284828	-4.76064028956827
			5.99994521234636	-4.76918722007018
			5.99994521234636	-4.7777341505721
			5.99139828184444	-4.78628108107402
			5.99139828184444	-4.79482801157594
			5.98285135134253	-4.80337494207786
			5.98285135134253	-4.81192187257977
			5.98285135134253	-4.82046880308169
			5.98285135134253	-4.82901573358361
			5.97430442084061	-4.83756266408553
			5.97430442084061	-4.84610959458745
			5.97430442084061	-4.85465652508936
			5.97430442084061	-4.86320345559128
			5.97430442084061	-4.8717503860932
			5.97430442084061	-4.88029731659512
			5.97430442084061	-4.88884424709704
			5.97430442084061	-4.89739117759895
			5.96575749033869	-4.90593810810087
			5.96575749033869	-4.91448503860279
			5.96575749033869	-4.92303196910471
			5.96575749033869	-4.93157889960662
			5.96575749033869	-4.94012583010854
			5.96575749033869	-4.94867276061046
			5.96575749033869	-4.95721969111238
			5.96575749033869	-4.9657666216143
			5.96575749033869	-4.97431355211621
			5.96575749033869	-4.98286048261813
			5.96575749033869	-4.99140741312005
			5.96575749033869	-4.99995434362197
			5.96575749033869	-5.00850127412389
			5.96575749033869	-5.0170482046258
			5.96575749033869	-5.02559513512772
			5.96575749033869	-5.03414206562964
			5.96575749033869	-5.04268899613156
			5.96575749033869	-5.05123592663347
			5.96575749033869	-5.05978285713539
			5.96575749033869	-5.06832978763731
			5.96575749033869	-5.07687671813923
			5.96575749033869	-5.08542364864115
			5.96575749033869	-5.09397057914306
			5.96575749033869	-5.10251750964498
			5.96575749033869	-5.1110644401469
			5.96575749033869	-5.11961137064882
			5.95721055983677	-5.11961137064882
			5.94866362933485	-5.12815830115074
			5.94011669883294	-5.12815830115074
			5.93156976833102	-5.12815830115074
			5.9230228378291	-5.12815830115074
			5.91447590732718	-5.12815830115074
			5.90592897682526	-5.13670523165265
			5.89738204632335	-5.13670523165265
			5.88883511582143	-5.13670523165265
			5.88028818531951	-5.13670523165265
			5.87174125481759	-5.13670523165265
			5.86319432431567	-5.13670523165265
			5.85464739381376	-5.13670523165265
			5.84610046331184	-5.13670523165265
			5.83755353280992	-5.13670523165265
			5.829006602308	-5.13670523165265
			5.82045967180609	-5.13670523165265
			5.81191274130417	-5.13670523165265
			5.80336581080225	-5.13670523165265
			5.79481888030033	-5.13670523165265
			5.78627194979841	-5.13670523165265
			5.7777250192965	-5.13670523165265
		</curveLM09>
		<curveLM10 type=matrix rownames=FALSE colnames=FALSE nrow=73 ncol=2 as.numeric=TRUE >
			5.7777250192965	-5.13670523165265
			5.76917808879458	-5.13670523165265
			5.76063115829266	-5.13670523165265
			5.75208422779074	-5.13670523165265
			5.74353729728882	-5.13670523165265
			5.73499036678691	-5.13670523165265
			5.72644343628499	-5.13670523165265
			5.71789650578307	-5.13670523165265
			5.71789650578307	-5.12815830115074
			5.70934957528115	-5.12815830115074
			5.70080264477923	-5.12815830115074
			5.69225571427732	-5.12815830115074
			5.6837087837754	-5.12815830115074
			5.67516185327348	-5.12815830115074
			5.66661492277156	-5.12815830115074
			5.65806799226965	-5.11961137064882
			5.64952106176773	-5.11961137064882
			5.64097413126581	-5.11961137064882
			5.63242720076389	-5.11961137064882
			5.62388027026197	-5.1110644401469
			5.61533333976006	-5.1110644401469
			5.60678640925814	-5.1110644401469
			5.60678640925814	-5.10251750964498
			5.59823947875622	-5.10251750964498
			5.5896925482543	-5.10251750964498
			5.5896925482543	-5.09397057914306
			5.58114561775238	-5.09397057914306
			5.57259868725047	-5.08542364864115
			5.56405175674855	-5.07687671813923
			5.56405175674855	-5.06832978763731
			5.55550482624663	-5.05978285713539
			5.55550482624663	-5.05123592663347
			5.55550482624663	-5.04268899613156
			5.55550482624663	-5.03414206562964
			5.55550482624663	-5.02559513512772
			5.56405175674855	-5.0170482046258
			5.56405175674855	-5.00850127412389
			5.57259868725047	-4.99995434362197
			5.57259868725047	-4.99140741312005
			5.58114561775238	-4.98286048261813
			5.58114561775238	-4.97431355211621
			5.58114561775238	-4.9657666216143
			5.58114561775238	-4.95721969111238
			5.5896925482543	-4.94867276061046
			5.5896925482543	-4.94012583010854
			5.5896925482543	-4.93157889960662
			5.5896925482543	-4.92303196910471
			5.5896925482543	-4.91448503860279
			5.5896925482543	-4.90593810810087
			5.5896925482543	-4.89739117759895
			5.5896925482543	-4.88884424709704
			5.5896925482543	-4.88029731659512
			5.5896925482543	-4.8717503860932
			5.5896925482543	-4.86320345559128
			5.5896925482543	-4.85465652508936
			5.5896925482543	-4.84610959458745
			5.58114561775238	-4.83756266408553
			5.58114561775238	-4.82901573358361
			5.58114561775238	-4.82046880308169
			5.58114561775238	-4.81192187257977
			5.57259868725047	-4.80337494207786
			5.57259868725047	-4.79482801157594
			5.57259868725047	-4.78628108107402
			5.57259868725047	-4.7777341505721
			5.56405175674855	-4.7777341505721
			5.56405175674855	-4.76918722007018
			5.56405175674855	-4.76064028956827
			5.55550482624663	-4.75209335906635
			5.55550482624663	-4.74354642856443
			5.55550482624663	-4.73499949806251
			5.54695789574471	-4.7264525675606
			5.54695789574471	-4.71790563705868
			5.53841096524279	-4.70935870655676
		</curveLM10>
		<curveLM11 type=matrix rownames=FALSE colnames=FALSE nrow=34 ncol=2 as.numeric=TRUE >
			5.53841096524279	-4.70935870655676
			5.53841096524279	-4.70081177605484
			5.52986403474088	-4.69226484555292
			5.52131710423896	-4.68371791505101
			5.51277017373704	-4.67517098454909
			5.51277017373704	-4.66662405404717
			5.50422324323512	-4.65807712354525
			5.49567631273321	-4.64953019304333
			5.48712938223129	-4.64098326254142
			5.47858245172937	-4.64098326254142
			5.47003552122745	-4.6324363320395
			5.46148859072553	-4.62388940153758
			5.45294166022362	-4.61534247103566
			5.4443947297217	-4.60679554053374
			5.43584779921978	-4.59824861003183
			5.42730086871786	-4.58970167952991
			5.41875393821594	-4.58115474902799
			5.41020700771403	-4.58115474902799
			5.40166007721211	-4.57260781852607
			5.39311314671019	-4.56406088802416
			5.38456621620827	-4.56406088802416
			5.38456621620827	-4.55551395752224
			5.37601928570635	-4.54696702702032
			5.36747235520444	-4.54696702702032
			5.35892542470252	-4.5384200965184
			5.3503784942006	-4.52987316601648
			5.34183156369868	-4.52987316601648
			5.33328463319677	-4.52132623551457
			5.32473770269485	-4.51277930501265
			5.31619077219293	-4.50423237451073
			5.30764384169101	-4.50423237451073
			5.29909691118909	-4.49568544400881
			5.29054998068718	-4.49568544400881
			5.28200305018526	-4.48713851350689
		</curveLM11>
		<curveLM12 type=matrix rownames=FALSE colnames=FALSE nrow=243 ncol=2 as.numeric=TRUE >
			5.28200305018526	-4.48713851350689
			5.27345611968334	-4.47859158300498
			5.27345611968334	-4.47004465250306
			5.27345611968334	-4.46149772200114
			5.27345611968334	-4.45295079149922
			5.27345611968334	-4.4444038609973
			5.27345611968334	-4.43585693049539
			5.27345611968334	-4.42730999999347
			5.27345611968334	-4.41876306949155
			5.28200305018526	-4.41021613898963
			5.28200305018526	-4.40166920848772
			5.28200305018526	-4.3931222779858
			5.29054998068718	-4.38457534748388
			5.29054998068718	-4.37602841698196
			5.29054998068718	-4.36748148648004
			5.29909691118909	-4.35893455597813
			5.29909691118909	-4.35038762547621
			5.30764384169101	-4.34184069497429
			5.30764384169101	-4.33329376447237
			5.31619077219293	-4.32474683397045
			5.31619077219293	-4.31619990346854
			5.32473770269485	-4.30765297296662
			5.32473770269485	-4.2991060424647
			5.33328463319677	-4.29055911196278
			5.33328463319677	-4.28201218146086
			5.34183156369868	-4.27346525095895
			5.34183156369868	-4.26491832045703
			5.3503784942006	-4.25637138995511
			5.35892542470252	-4.24782445945319
			5.35892542470252	-4.23927752895128
			5.36747235520444	-4.23073059844936
			5.36747235520444	-4.22218366794744
			5.37601928570635	-4.21363673744552
			5.38456621620827	-4.2050898069436
			5.39311314671019	-4.19654287644169
			5.39311314671019	-4.18799594593977
			5.39311314671019	-4.17944901543785
			5.39311314671019	-4.17090208493593
			5.38456621620827	-4.16235515443401
			5.38456621620827	-4.1538082239321
			5.38456621620827	-4.14526129343018
			5.38456621620827	-4.13671436292826
			5.38456621620827	-4.12816743242634
			5.38456621620827	-4.11962050192442
			5.37601928570635	-4.11107357142251
			5.37601928570635	-4.10252664092059
			5.37601928570635	-4.09397971041867
			5.37601928570635	-4.08543277991675
			5.37601928570635	-4.07688584941484
			5.37601928570635	-4.06833891891292
			5.37601928570635	-4.059791988411
			5.36747235520444	-4.05124505790908
			5.36747235520444	-4.04269812740716
			5.36747235520444	-4.03415119690525
			5.36747235520444	-4.02560426640333
			5.36747235520444	-4.01705733590141
			5.36747235520444	-4.00851040539949
			5.36747235520444	-3.99996347489757
			5.36747235520444	-3.99141654439566
			5.35892542470252	-3.98286961389374
			5.35892542470252	-3.97432268339182
			5.35892542470252	-3.9657757528899
			5.35892542470252	-3.95722882238799
			5.35892542470252	-3.94868189188607
			5.35892542470252	-3.94013496138415
			5.35892542470252	-3.93158803088223
			5.35892542470252	-3.92304110038031
			5.35892542470252	-3.9144941698784
			5.35892542470252	-3.90594723937648
			5.35892542470252	-3.89740030887456
			5.35892542470252	-3.88885337837264
			5.35892542470252	-3.88030644787072
			5.35892542470252	-3.87175951736881
			5.35892542470252	-3.86321258686689
			5.35892542470252	-3.85466565636497
			5.35892542470252	-3.84611872586305
			5.35892542470252	-3.83757179536113
			5.35892542470252	-3.82902486485922
			5.35892542470252	-3.8204779343573
			5.35892542470252	-3.81193100385538
			5.35892542470252	-3.80338407335346
			5.35892542470252	-3.79483714285155
			5.35892542470252	-3.78629021234963
			5.35892542470252	-3.77774328184771
			5.35892542470252	-3.76919635134579
			5.35892542470252	-3.76064942084387
			5.35892542470252	-3.75210249034196
			5.35892542470252	-3.74355555984004
			5.35892542470252	-3.73500862933812
			5.35892542470252	-3.7264616988362
			5.35892542470252	-3.71791476833428
			5.35892542470252	-3.70936783783237
			5.35892542470252	-3.70082090733045
			5.35892542470252	-3.69227397682853
			5.35892542470252	-3.68372704632661
			5.35892542470252	-3.67518011582469
			5.35892542470252	-3.66663318532278
			5.35892542470252	-3.65808625482086
			5.36747235520444	-3.64953932431894
			5.36747235520444	-3.64099239381702
			5.36747235520444	-3.63244546331511
			5.36747235520444	-3.62389853281319
			5.36747235520444	-3.61535160231127
			5.36747235520444	-3.60680467180935
			5.36747235520444	-3.59825774130743
			5.36747235520444	-3.58971081080552
			5.36747235520444	-3.5811638803036
			5.37601928570635	-3.57261694980168
			5.37601928570635	-3.56407001929976
			5.37601928570635	-3.55552308879784
			5.37601928570635	-3.54697615829593
			5.37601928570635	-3.53842922779401
			5.37601928570635	-3.52988229729209
			5.37601928570635	-3.52133536679017
			5.38456621620827	-3.51278843628825
			5.38456621620827	-3.50424150578634
			5.38456621620827	-3.49569457528442
			5.38456621620827	-3.4871476447825
			5.38456621620827	-3.47860071428058
			5.38456621620827	-3.47005378377866
			5.39311314671019	-3.46150685327675
			5.39311314671019	-3.45295992277483
			5.39311314671019	-3.44441299227291
			5.39311314671019	-3.43586606177099
			5.39311314671019	-3.42731913126908
			5.40166007721211	-3.41877220076716
			5.40166007721211	-3.41022527026524
			5.40166007721211	-3.40167833976332
			5.40166007721211	-3.3931314092614
			5.41020700771403	-3.38458447875949
			5.41020700771403	-3.37603754825757
			5.41020700771403	-3.36749061775565
			5.41020700771403	-3.35894368725373
			5.41020700771403	-3.35039675675181
			5.41875393821594	-3.3418498262499
			5.41875393821594	-3.33330289574798
			5.41875393821594	-3.32475596524606
			5.42730086871786	-3.31620903474414
			5.42730086871786	-3.30766210424222
			5.42730086871786	-3.29911517374031
			5.42730086871786	-3.29056824323839
			5.43584779921978	-3.28202131273647
			5.43584779921978	-3.27347438223455
			5.43584779921978	-3.26492745173264
			5.43584779921978	-3.25638052123072
			5.4443947297217	-3.2478335907288
			5.4443947297217	-3.23928666022688
			5.4443947297217	-3.23073972972496
			5.45294166022362	-3.22219279922305
			5.45294166022362	-3.21364586872113
			5.45294166022362	-3.20509893821921
			5.46148859072553	-3.19655200771729
			5.46148859072553	-3.18800507721537
			5.46148859072553	-3.17945814671346
			5.47003552122745	-3.17091121621154
			5.47003552122745	-3.16236428570962
			5.47003552122745	-3.1538173552077
			5.47858245172937	-3.14527042470578
			5.47858245172937	-3.13672349420387
			5.47858245172937	-3.12817656370195
			5.48712938223129	-3.11962963320003
			5.48712938223129	-3.11108270269811
			5.48712938223129	-3.1025357721962
			5.49567631273321	-3.09398884169428
			5.49567631273321	-3.08544191119236
			5.49567631273321	-3.07689498069044
			5.50422324323512	-3.06834805018852
			5.50422324323512	-3.05980111968661
			5.50422324323512	-3.05125418918469
			5.51277017373704	-3.04270725868277
			5.51277017373704	-3.03416032818085
			5.51277017373704	-3.02561339767893
			5.52131710423896	-3.01706646717702
			5.52131710423896	-3.0085195366751
			5.52131710423896	-2.99997260617318
			5.52986403474088	-2.99142567567126
			5.52986403474088	-2.98287874516934
			5.52986403474088	-2.97433181466743
			5.53841096524279	-2.96578488416551
			5.53841096524279	-2.95723795366359
			5.53841096524279	-2.94869102316167
			5.54695789574471	-2.94014409265976
			5.54695789574471	-2.93159716215784
			5.54695789574471	-2.92305023165592
			5.55550482624663	-2.914503301154
			5.55550482624663	-2.90595637065208
			5.55550482624663	-2.89740944015017
			5.56405175674855	-2.88886250964825
			5.56405175674855	-2.88031557914633
			5.56405175674855	-2.87176864864441
			5.57259868725047	-2.86322171814249
			5.57259868725047	-2.85467478764058
			5.57259868725047	-2.84612785713866
			5.58114561775238	-2.83758092663674
			5.58114561775238	-2.82903399613482
			5.58114561775238	-2.8204870656329
			5.5896925482543	-2.81194013513099
			5.5896925482543	-2.80339320462907
			5.5896925482543	-2.79484627412715
			5.59823947875622	-2.78629934362523
			5.59823947875622	-2.77775241312332
			5.59823947875622	-2.7692054826214
			5.60678640925814	-2.76065855211948
			5.60678640925814	-2.75211162161756
			5.60678640925814	-2.74356469111564
			5.61533333976006	-2.73501776061373
			5.61533333976006	-2.72647083011181
			5.61533333976006	-2.71792389960989
			5.62388027026197	-2.70937696910797
			5.62388027026197	-2.70083003860605
			5.62388027026197	-2.69228310810414
			5.63242720076389	-2.68373617760222
			5.63242720076389	-2.6751892471003
			5.63242720076389	-2.66664231659838
			5.64097413126581	-2.65809538609646
			5.64097413126581	-2.64954845559455
			5.64097413126581	-2.64100152509263
			5.64097413126581	-2.63245459459071
			5.64097413126581	-2.62390766408879
			5.64952106176773	-2.61536073358688
			5.64952106176773	-2.60681380308496
			5.64952106176773	-2.59826687258304
			5.64952106176773	-2.58971994208112
			5.64952106176773	-2.5811730115792
			5.64952106176773	-2.57262608107729
			5.65806799226965	-2.57262608107729
			5.65806799226965	-2.56407915057537
			5.65806799226965	-2.55553222007345
			5.65806799226965	-2.54698528957153
			5.66661492277156	-2.53843835906961
			5.66661492277156	-2.5298914285677
			5.66661492277156	-2.52134449806578
			5.67516185327348	-2.51279756756386
			5.67516185327348	-2.50425063706194
			5.67516185327348	-2.49570370656002
			5.6837087837754	-2.49570370656002
			5.6837087837754	-2.48715677605811
			5.6837087837754	-2.47860984555619
			5.69225571427732	-2.47860984555619
			5.69225571427732	-2.47006291505427
			5.70080264477923	-2.47006291505427
			5.70934957528115	-2.46151598455235
			5.71789650578307	-2.46151598455235
		</curveLM12>
	</curves.scaled>
	<ruler.points type=matrix rownames=TRUE colnames=FALSE nrow=5 ncol=2 as.numeric=TRUE >
		Ruler point 1	210	815
		Ruler point 2	327	814
		Ruler point 3	444	814
		Ruler point 4	561	814
		Ruler point 5	678	813
	</ruler.points>
</shapes>

