<shapes type=list>
	<ruler.pixel type=vector names=FALSE length=1 as.numeric=TRUE >117.576460928903</ruler.pixel>
	<ruler.interval type=vector names=FALSE length=1 as.numeric=TRUE >1</ruler.interval>
	<scaling.units type=vector names=FALSE length=1 as.numeric=FALSE >cm</scaling.units>
	<scaling type=vector names=FALSE length=1 as.numeric=TRUE >0.00850510376056216</scaling>
	<landmarks.pixel type=matrix rownames=TRUE colnames=FALSE nrow=6 ncol=2 as.numeric=TRUE >
		LM01	683	303
		LM02	749	539
		LM03	714	543
		LM04	683	601
		LM05	657	553
		LM06	619	523
	</landmarks.pixel>
	<landmarks.scaled type=matrix rownames=TRUE colnames=FALSE nrow=6 ncol=2 as.numeric=TRUE >
		LM01	5.80898586846396	-2.57704643945033
		LM02	6.37032271666106	-4.584250926943
		LM03	6.07264408504138	-4.61827134198525
		LM04	5.80898586846396	-5.11156736009786
		LM05	5.58785317068934	-4.70332237959087
		LM06	5.26465922778798	-4.44816926677401
	</landmarks.scaled>
	<curves.control type=list>
		<curveLM07 type=matrix rownames=FALSE colnames=FALSE nrow=9 ncol=2 as.numeric=TRUE >
			683	303
			689	303
			711	378
			726	429
			729	474
			743	508
			749	526
			751	534
			749	539
		</curveLM07>
		<curveLM08 type=matrix rownames=FALSE colnames=FALSE nrow=5 ncol=2 as.numeric=TRUE >
			749	539
			744	552
			732	539
			723	544
			714	543
		</curveLM08>
		<curveLM09 type=matrix rownames=FALSE colnames=FALSE nrow=5 ncol=2 as.numeric=TRUE >
			714	543
			705	553
			707	570
			697	602
			683	601
		</curveLM09>
		<curveLM10 type=matrix rownames=FALSE colnames=FALSE nrow=5 ncol=2 as.numeric=TRUE >
			683	601
			661	583
			663	561
			662	556
			657	553
		</curveLM10>
		<curveLM11 type=matrix rownames=FALSE colnames=FALSE nrow=5 ncol=2 as.numeric=TRUE >
			657	553
			655	546
			644	545
			619	536
			619	523
		</curveLM11>
		<curveLM12 type=matrix rownames=FALSE colnames=FALSE nrow=7 ncol=2 as.numeric=TRUE >
			619	523
			618	518
			628	504
			641	439
			661	356
			676	300
			683	303
		</curveLM12>
	</curves.control>
	<curves.pixel type=list>
		<curveLM07 type=matrix rownames=FALSE colnames=FALSE nrow=238 ncol=2 as.numeric=TRUE >
			683	303
			684	303
			685	304
			685	305
			686	306
			687	307
			687	308
			688	309
			688	310
			689	311
			689	312
			690	313
			690	314
			690	315
			691	316
			691	317
			692	318
			692	319
			692	320
			693	321
			693	322
			693	323
			694	324
			694	325
			695	326
			695	327
			695	328
			696	329
			696	330
			696	331
			697	332
			697	333
			697	334
			698	335
			698	336
			698	337
			699	338
			699	339
			699	340
			700	341
			700	342
			700	343
			701	344
			701	345
			701	346
			702	347
			702	348
			702	349
			703	350
			703	351
			703	352
			704	353
			704	354
			704	355
			705	356
			705	357
			705	358
			705	359
			706	360
			706	361
			706	362
			706	363
			707	364
			707	365
			708	366
			708	367
			708	368
			708	369
			709	370
			709	371
			709	372
			710	373
			710	374
			710	375
			710	376
			711	377
			711	378
			711	379
			712	380
			712	381
			712	382
			712	383
			713	384
			713	385
			713	386
			714	387
			714	388
			714	389
			714	390
			715	391
			715	392
			715	393
			716	394
			716	395
			716	396
			716	397
			716	398
			717	399
			717	400
			717	401
			717	402
			718	403
			718	404
			718	405
			718	406
			719	407
			719	408
			719	409
			719	410
			720	411
			720	412
			720	413
			720	414
			720	415
			721	416
			721	417
			721	418
			721	419
			721	420
			722	421
			722	422
			722	423
			722	424
			723	425
			723	426
			723	427
			723	428
			723	429
			723	430
			724	431
			724	432
			724	433
			724	434
			724	435
			725	436
			725	437
			725	438
			725	439
			725	440
			725	441
			725	442
			726	443
			726	444
			726	445
			726	446
			726	447
			726	448
			726	449
			727	450
			727	451
			727	452
			727	453
			727	454
			727	455
			727	456
			727	457
			728	458
			728	459
			728	460
			728	461
			728	462
			728	463
			728	464
			728	465
			728	466
			728	467
			729	468
			729	469
			729	470
			729	471
			729	472
			729	473
			729	474
			729	475
			730	476
			730	477
			731	478
			731	479
			731	480
			732	481
			732	482
			733	483
			733	484
			733	485
			734	486
			734	487
			735	488
			735	489
			736	490
			736	491
			736	492
			737	493
			737	494
			738	495
			738	496
			738	497
			739	498
			739	499
			740	500
			740	501
			740	502
			741	503
			741	504
			741	505
			742	506
			742	507
			743	508
			743	509
			743	510
			744	511
			744	512
			745	513
			745	514
			745	515
			746	516
			746	517
			746	518
			747	519
			747	520
			747	521
			748	522
			748	523
			748	524
			749	525
			749	526
			749	527
			749	528
			750	529
			750	530
			750	531
			750	532
			750	533
			750	534
			750	535
			750	536
			750	537
			749	538
			749	539
		</curveLM07>
		<curveLM08 type=matrix rownames=FALSE colnames=FALSE nrow=41 ncol=2 as.numeric=TRUE >
			749	539
			748	540
			748	541
			747	542
			747	543
			746	544
			745	544
			745	545
			744	545
			743	545
			742	545
			741	545
			740	545
			739	544
			738	544
			737	544
			736	543
			736	542
			735	542
			734	541
			733	540
			732	540
			732	539
			731	539
			730	540
			729	540
			728	541
			727	541
			726	542
			725	542
			724	542
			723	543
			722	543
			721	543
			720	543
			719	543
			718	543
			717	543
			716	543
			715	543
			714	543
		</curveLM08>
		<curveLM09 type=matrix rownames=FALSE colnames=FALSE nrow=69 ncol=2 as.numeric=TRUE >
			714	543
			713	544
			713	545
			712	546
			711	547
			710	548
			710	549
			710	550
			709	550
			709	551
			709	552
			708	553
			708	554
			708	555
			707	556
			707	557
			707	558
			707	559
			707	560
			707	561
			707	562
			707	563
			707	564
			707	565
			707	566
			707	567
			707	568
			707	569
			707	570
			707	571
			706	572
			706	573
			706	574
			705	575
			705	576
			705	577
			704	578
			704	579
			704	580
			703	580
			703	581
			703	582
			702	583
			702	584
			701	585
			701	586
			700	587
			700	588
			699	588
			699	589
			699	590
			698	591
			697	592
			697	593
			696	594
			695	595
			694	596
			693	597
			692	598
			691	598
			690	599
			690	600
			689	600
			688	600
			687	601
			686	601
			685	601
			684	601
			683	601
		</curveLM09>
		<curveLM10 type=matrix rownames=FALSE colnames=FALSE nrow=58 ncol=2 as.numeric=TRUE >
			683	601
			682	600
			681	599
			680	599
			679	598
			679	597
			678	596
			677	596
			676	595
			676	594
			675	593
			674	592
			673	592
			673	591
			672	590
			671	589
			671	588
			670	588
			670	587
			669	586
			669	585
			668	584
			668	583
			667	583
			667	582
			666	581
			666	580
			666	579
			665	578
			665	577
			664	576
			664	575
			664	574
			664	573
			664	572
			663	572
			663	571
			663	570
			663	569
			663	568
			663	567
			663	566
			663	565
			663	564
			663	563
			663	562
			663	561
			663	560
			663	559
			662	559
			662	558
			661	557
			661	556
			660	556
			660	555
			659	554
			658	554
			657	553
		</curveLM10>
		<curveLM11 type=matrix rownames=FALSE colnames=FALSE nrow=47 ncol=2 as.numeric=TRUE >
			657	553
			657	552
			656	551
			655	550
			654	549
			653	548
			652	547
			651	546
			650	546
			649	546
			648	546
			647	545
			646	545
			645	545
			644	545
			643	545
			642	544
			641	544
			640	543
			639	543
			638	543
			637	542
			636	542
			635	541
			634	541
			633	540
			632	540
			631	539
			630	539
			629	538
			628	537
			627	536
			626	535
			625	535
			624	534
			623	533
			622	532
			621	531
			621	530
			621	529
			620	528
			620	527
			619	527
			619	526
			619	525
			619	524
			619	523
		</curveLM11>
		<curveLM12 type=matrix rownames=FALSE colnames=FALSE nrow=226 ncol=2 as.numeric=TRUE >
			619	523
			619	522
			619	521
			619	520
			619	519
			620	518
			620	517
			621	516
			621	515
			622	514
			622	513
			623	512
			624	511
			624	510
			625	509
			625	508
			626	507
			627	506
			627	505
			628	504
			628	503
			628	502
			629	501
			629	500
			629	499
			629	498
			629	497
			630	496
			630	495
			630	494
			630	493
			630	492
			631	491
			631	490
			631	489
			631	488
			631	487
			632	486
			632	485
			632	484
			632	483
			633	482
			633	481
			633	480
			633	479
			633	478
			634	477
			634	476
			634	475
			634	474
			634	473
			635	472
			635	471
			635	470
			635	469
			635	468
			636	467
			636	466
			636	465
			636	464
			637	463
			637	462
			637	461
			637	460
			637	459
			638	458
			638	457
			638	456
			638	455
			639	454
			639	453
			639	452
			639	451
			639	450
			640	449
			640	448
			640	447
			640	446
			640	445
			641	444
			641	443
			641	442
			641	441
			641	440
			642	439
			642	438
			642	437
			642	436
			643	436
			643	435
			643	434
			643	433
			643	432
			644	431
			644	430
			644	429
			644	428
			644	427
			645	426
			645	425
			645	424
			645	423
			646	422
			646	421
			646	420
			646	419
			647	418
			647	417
			647	416
			647	415
			647	414
			648	413
			648	412
			648	411
			648	410
			649	409
			649	408
			649	407
			649	406
			649	405
			650	404
			650	403
			650	402
			650	401
			651	400
			651	399
			651	398
			651	397
			652	396
			652	395
			652	394
			652	393
			653	392
			653	391
			653	390
			653	389
			653	388
			654	387
			654	386
			654	385
			654	384
			655	383
			655	382
			655	381
			655	380
			655	379
			656	378
			656	377
			656	376
			656	375
			657	374
			657	373
			657	372
			657	371
			658	370
			658	369
			658	368
			658	367
			659	366
			659	365
			659	364
			659	363
			660	362
			660	361
			660	360
			660	359
			661	358
			661	357
			661	356
			661	355
			662	354
			662	353
			662	352
			662	351
			663	350
			663	349
			663	348
			663	347
			664	346
			664	345
			664	344
			665	343
			665	342
			665	341
			666	340
			666	339
			666	338
			666	337
			667	336
			667	335
			667	334
			668	333
			668	332
			668	331
			669	330
			669	329
			669	328
			669	327
			670	326
			670	325
			670	324
			671	324
			671	323
			671	322
			672	321
			672	320
			672	319
			673	318
			673	317
			673	316
			674	315
			674	314
			675	313
			675	312
			676	311
			676	310
			677	309
			677	308
			678	307
			679	306
			679	305
			680	304
			681	304
			681	303
			682	303
			683	303
		</curveLM12>
	</curves.pixel>
	<curves.scaled type=list>
		<curveLM07 type=matrix rownames=FALSE colnames=FALSE nrow=238 ncol=2 as.numeric=TRUE >
			5.80898586846396	-2.57704643945033
			5.81749097222452	-2.57704643945033
			5.82599607598508	-2.5855515432109
			5.82599607598508	-2.59405664697146
			5.83450117974564	-2.60256175073202
			5.8430062835062	-2.61106685449258
			5.8430062835062	-2.61957195825315
			5.85151138726677	-2.62807706201371
			5.85151138726677	-2.63658216577427
			5.86001649102733	-2.64508726953483
			5.86001649102733	-2.65359237329539
			5.86852159478789	-2.66209747705596
			5.86852159478789	-2.67060258081652
			5.86852159478789	-2.67910768457708
			5.87702669854845	-2.68761278833764
			5.87702669854845	-2.6961178920982
			5.88553180230902	-2.70462299585877
			5.88553180230902	-2.71312809961933
			5.88553180230902	-2.72163320337989
			5.89403690606958	-2.73013830714045
			5.89403690606958	-2.73864341090102
			5.89403690606958	-2.74714851466158
			5.90254200983014	-2.75565361842214
			5.90254200983014	-2.7641587221827
			5.9110471135907	-2.77266382594326
			5.9110471135907	-2.78116892970383
			5.9110471135907	-2.78967403346439
			5.91955221735126	-2.79817913722495
			5.91955221735126	-2.80668424098551
			5.91955221735126	-2.81518934474607
			5.92805732111183	-2.82369444850664
			5.92805732111183	-2.8321995522672
			5.92805732111183	-2.84070465602776
			5.93656242487239	-2.84920975978832
			5.93656242487239	-2.85771486354889
			5.93656242487239	-2.86621996730945
			5.94506752863295	-2.87472507107001
			5.94506752863295	-2.88323017483057
			5.94506752863295	-2.89173527859113
			5.95357263239351	-2.9002403823517
			5.95357263239351	-2.90874548611226
			5.95357263239351	-2.91725058987282
			5.96207773615407	-2.92575569363338
			5.96207773615407	-2.93426079739395
			5.96207773615407	-2.94276590115451
			5.97058283991464	-2.95127100491507
			5.97058283991464	-2.95977610867563
			5.97058283991464	-2.96828121243619
			5.9790879436752	-2.97678631619676
			5.9790879436752	-2.98529141995732
			5.9790879436752	-2.99379652371788
			5.98759304743576	-3.00230162747844
			5.98759304743576	-3.010806731239
			5.98759304743576	-3.01931183499957
			5.99609815119632	-3.02781693876013
			5.99609815119632	-3.03632204252069
			5.99609815119632	-3.04482714628125
			5.99609815119632	-3.05333225004182
			6.00460325495689	-3.06183735380238
			6.00460325495689	-3.07034245756294
			6.00460325495689	-3.0788475613235
			6.00460325495689	-3.08735266508406
			6.01310835871745	-3.09585776884463
			6.01310835871745	-3.10436287260519
			6.02161346247801	-3.11286797636575
			6.02161346247801	-3.12137308012631
			6.02161346247801	-3.12987818388687
			6.02161346247801	-3.13838328764744
			6.03011856623857	-3.146888391408
			6.03011856623857	-3.15539349516856
			6.03011856623857	-3.16389859892912
			6.03862366999913	-3.17240370268969
			6.03862366999913	-3.18090880645025
			6.03862366999913	-3.18941391021081
			6.03862366999913	-3.19791901397137
			6.0471287737597	-3.20642411773193
			6.0471287737597	-3.2149292214925
			6.0471287737597	-3.22343432525306
			6.05563387752026	-3.23193942901362
			6.05563387752026	-3.24044453277418
			6.05563387752026	-3.24894963653475
			6.05563387752026	-3.25745474029531
			6.06413898128082	-3.26595984405587
			6.06413898128082	-3.27446494781643
			6.06413898128082	-3.28297005157699
			6.07264408504138	-3.29147515533756
			6.07264408504138	-3.29998025909812
			6.07264408504138	-3.30848536285868
			6.07264408504138	-3.31699046661924
			6.08114918880194	-3.3254955703798
			6.08114918880194	-3.33400067414037
			6.08114918880194	-3.34250577790093
			6.08965429256251	-3.35101088166149
			6.08965429256251	-3.35951598542205
			6.08965429256251	-3.36802108918262
			6.08965429256251	-3.37652619294318
			6.08965429256251	-3.38503129670374
			6.09815939632307	-3.3935364004643
			6.09815939632307	-3.40204150422486
			6.09815939632307	-3.41054660798543
			6.09815939632307	-3.41905171174599
			6.10666450008363	-3.42755681550655
			6.10666450008363	-3.43606191926711
			6.10666450008363	-3.44456702302768
			6.10666450008363	-3.45307212678824
			6.11516960384419	-3.4615772305488
			6.11516960384419	-3.47008233430936
			6.11516960384419	-3.47858743806992
			6.11516960384419	-3.48709254183049
			6.12367470760476	-3.49559764559105
			6.12367470760476	-3.50410274935161
			6.12367470760476	-3.51260785311217
			6.12367470760476	-3.52111295687273
			6.12367470760476	-3.5296180606333
			6.13217981136532	-3.53812316439386
			6.13217981136532	-3.54662826815442
			6.13217981136532	-3.55513337191498
			6.13217981136532	-3.56363847567555
			6.13217981136532	-3.57214357943611
			6.14068491512588	-3.58064868319667
			6.14068491512588	-3.58915378695723
			6.14068491512588	-3.59765889071779
			6.14068491512588	-3.60616399447836
			6.14919001888644	-3.61466909823892
			6.14919001888644	-3.62317420199948
			6.14919001888644	-3.63167930576004
			6.14919001888644	-3.6401844095206
			6.14919001888644	-3.64868951328117
			6.14919001888644	-3.65719461704173
			6.157695122647	-3.66569972080229
			6.157695122647	-3.67420482456285
			6.157695122647	-3.68270992832342
			6.157695122647	-3.69121503208398
			6.157695122647	-3.69972013584454
			6.16620022640757	-3.7082252396051
			6.16620022640757	-3.71673034336566
			6.16620022640757	-3.72523544712623
			6.16620022640757	-3.73374055088679
			6.16620022640757	-3.74224565464735
			6.16620022640757	-3.75075075840791
			6.16620022640757	-3.75925586216847
			6.17470533016813	-3.76776096592904
			6.17470533016813	-3.7762660696896
			6.17470533016813	-3.78477117345016
			6.17470533016813	-3.79327627721072
			6.17470533016813	-3.80178138097129
			6.17470533016813	-3.81028648473185
			6.17470533016813	-3.81879158849241
			6.18321043392869	-3.82729669225297
			6.18321043392869	-3.83580179601353
			6.18321043392869	-3.8443068997741
			6.18321043392869	-3.85281200353466
			6.18321043392869	-3.86131710729522
			6.18321043392869	-3.86982221105578
			6.18321043392869	-3.87832731481635
			6.18321043392869	-3.88683241857691
			6.19171553768925	-3.89533752233747
			6.19171553768925	-3.90384262609803
			6.19171553768925	-3.91234772985859
			6.19171553768925	-3.92085283361916
			6.19171553768925	-3.92935793737972
			6.19171553768925	-3.93786304114028
			6.19171553768925	-3.94636814490084
			6.19171553768925	-3.9548732486614
			6.19171553768925	-3.96337835242197
			6.19171553768925	-3.97188345618253
			6.20022064144981	-3.98038855994309
			6.20022064144981	-3.98889366370365
			6.20022064144981	-3.99739876746422
			6.20022064144981	-4.00590387122478
			6.20022064144981	-4.01440897498534
			6.20022064144981	-4.0229140787459
			6.20022064144981	-4.03141918250646
			6.20022064144981	-4.03992428626703
			6.20872574521038	-4.04842939002759
			6.20872574521038	-4.05693449378815
			6.21723084897094	-4.06543959754871
			6.21723084897094	-4.07394470130927
			6.21723084897094	-4.08244980506984
			6.2257359527315	-4.0909549088304
			6.2257359527315	-4.09946001259096
			6.23424105649206	-4.10796511635152
			6.23424105649206	-4.11647022011209
			6.23424105649206	-4.12497532387265
			6.24274616025263	-4.13348042763321
			6.24274616025263	-4.14198553139377
			6.25125126401319	-4.15049063515433
			6.25125126401319	-4.1589957389149
			6.25975636777375	-4.16750084267546
			6.25975636777375	-4.17600594643602
			6.25975636777375	-4.18451105019658
			6.26826147153431	-4.19301615395714
			6.26826147153431	-4.20152125771771
			6.27676657529487	-4.21002636147827
			6.27676657529487	-4.21853146523883
			6.27676657529487	-4.22703656899939
			6.28527167905544	-4.23554167275996
			6.28527167905544	-4.24404677652052
			6.293776782816	-4.25255188028108
			6.293776782816	-4.26105698404164
			6.293776782816	-4.2695620878022
			6.30228188657656	-4.27806719156277
			6.30228188657656	-4.28657229532333
			6.30228188657656	-4.29507739908389
			6.31078699033712	-4.30358250284445
			6.31078699033712	-4.31208760660502
			6.31929209409769	-4.32059271036558
			6.31929209409769	-4.32909781412614
			6.31929209409769	-4.3376029178867
			6.32779719785825	-4.34610802164726
			6.32779719785825	-4.35461312540783
			6.33630230161881	-4.36311822916839
			6.33630230161881	-4.37162333292895
			6.33630230161881	-4.38012843668951
			6.34480740537937	-4.38863354045007
			6.34480740537937	-4.39713864421064
			6.34480740537937	-4.4056437479712
			6.35331250913993	-4.41414885173176
			6.35331250913993	-4.42265395549232
			6.35331250913993	-4.43115905925289
			6.3618176129005	-4.43966416301345
			6.3618176129005	-4.44816926677401
			6.3618176129005	-4.45667437053457
			6.37032271666106	-4.46517947429513
			6.37032271666106	-4.4736845780557
			6.37032271666106	-4.48218968181626
			6.37032271666106	-4.49069478557682
			6.37882782042162	-4.49919988933738
			6.37882782042162	-4.50770499309794
			6.37882782042162	-4.51621009685851
			6.37882782042162	-4.52471520061907
			6.37882782042162	-4.53322030437963
			6.37882782042162	-4.54172540814019
			6.37882782042162	-4.55023051190076
			6.37882782042162	-4.55873561566132
			6.37882782042162	-4.56724071942188
			6.37032271666106	-4.57574582318244
			6.37032271666106	-4.584250926943
		</curveLM07>
		<curveLM08 type=matrix rownames=FALSE colnames=FALSE nrow=41 ncol=2 as.numeric=TRUE >
			6.37032271666106	-4.584250926943
			6.3618176129005	-4.59275603070357
			6.3618176129005	-4.60126113446413
			6.35331250913993	-4.60976623822469
			6.35331250913993	-4.61827134198525
			6.34480740537937	-4.62677644574581
			6.33630230161881	-4.62677644574581
			6.33630230161881	-4.63528154950638
			6.32779719785825	-4.63528154950638
			6.31929209409769	-4.63528154950638
			6.31078699033712	-4.63528154950638
			6.30228188657656	-4.63528154950638
			6.293776782816	-4.63528154950638
			6.28527167905544	-4.62677644574581
			6.27676657529487	-4.62677644574581
			6.26826147153431	-4.62677644574581
			6.25975636777375	-4.61827134198525
			6.25975636777375	-4.60976623822469
			6.25125126401319	-4.60976623822469
			6.24274616025263	-4.60126113446413
			6.23424105649206	-4.59275603070357
			6.2257359527315	-4.59275603070357
			6.2257359527315	-4.584250926943
			6.21723084897094	-4.584250926943
			6.20872574521038	-4.59275603070357
			6.20022064144981	-4.59275603070357
			6.19171553768925	-4.60126113446413
			6.18321043392869	-4.60126113446413
			6.17470533016813	-4.60976623822469
			6.16620022640757	-4.60976623822469
			6.157695122647	-4.60976623822469
			6.14919001888644	-4.61827134198525
			6.14068491512588	-4.61827134198525
			6.13217981136532	-4.61827134198525
			6.12367470760476	-4.61827134198525
			6.11516960384419	-4.61827134198525
			6.10666450008363	-4.61827134198525
			6.09815939632307	-4.61827134198525
			6.08965429256251	-4.61827134198525
			6.08114918880194	-4.61827134198525
			6.07264408504138	-4.61827134198525
		</curveLM08>
		<curveLM09 type=matrix rownames=FALSE colnames=FALSE nrow=69 ncol=2 as.numeric=TRUE >
			6.07264408504138	-4.61827134198525
			6.06413898128082	-4.62677644574581
			6.06413898128082	-4.63528154950638
			6.05563387752026	-4.64378665326694
			6.0471287737597	-4.6522917570275
			6.03862366999913	-4.66079686078806
			6.03862366999913	-4.66930196454863
			6.03862366999913	-4.67780706830919
			6.03011856623857	-4.67780706830919
			6.03011856623857	-4.68631217206975
			6.03011856623857	-4.69481727583031
			6.02161346247801	-4.70332237959087
			6.02161346247801	-4.71182748335144
			6.02161346247801	-4.720332587112
			6.01310835871745	-4.72883769087256
			6.01310835871745	-4.73734279463312
			6.01310835871745	-4.74584789839369
			6.01310835871745	-4.75435300215425
			6.01310835871745	-4.76285810591481
			6.01310835871745	-4.77136320967537
			6.01310835871745	-4.77986831343593
			6.01310835871745	-4.7883734171965
			6.01310835871745	-4.79687852095706
			6.01310835871745	-4.80538362471762
			6.01310835871745	-4.81388872847818
			6.01310835871745	-4.82239383223874
			6.01310835871745	-4.83089893599931
			6.01310835871745	-4.83940403975987
			6.01310835871745	-4.84790914352043
			6.01310835871745	-4.85641424728099
			6.00460325495689	-4.86491935104156
			6.00460325495689	-4.87342445480212
			6.00460325495689	-4.88192955856268
			5.99609815119632	-4.89043466232324
			5.99609815119632	-4.8989397660838
			5.99609815119632	-4.90744486984437
			5.98759304743576	-4.91594997360493
			5.98759304743576	-4.92445507736549
			5.98759304743576	-4.93296018112605
			5.9790879436752	-4.93296018112605
			5.9790879436752	-4.94146528488661
			5.9790879436752	-4.94997038864718
			5.97058283991464	-4.95847549240774
			5.97058283991464	-4.9669805961683
			5.96207773615407	-4.97548569992886
			5.96207773615407	-4.98399080368943
			5.95357263239351	-4.99249590744999
			5.95357263239351	-5.00100101121055
			5.94506752863295	-5.00100101121055
			5.94506752863295	-5.00950611497111
			5.94506752863295	-5.01801121873167
			5.93656242487239	-5.02651632249224
			5.92805732111183	-5.0350214262528
			5.92805732111183	-5.04352653001336
			5.91955221735126	-5.05203163377392
			5.9110471135907	-5.06053673753448
			5.90254200983014	-5.06904184129505
			5.89403690606958	-5.07754694505561
			5.88553180230902	-5.08605204881617
			5.87702669854845	-5.08605204881617
			5.86852159478789	-5.09455715257673
			5.86852159478789	-5.1030622563373
			5.86001649102733	-5.1030622563373
			5.85151138726677	-5.1030622563373
			5.8430062835062	-5.11156736009786
			5.83450117974564	-5.11156736009786
			5.82599607598508	-5.11156736009786
			5.81749097222452	-5.11156736009786
			5.80898586846396	-5.11156736009786
		</curveLM09>
		<curveLM10 type=matrix rownames=FALSE colnames=FALSE nrow=58 ncol=2 as.numeric=TRUE >
			5.80898586846396	-5.11156736009786
			5.80048076470339	-5.1030622563373
			5.79197566094283	-5.09455715257673
			5.78347055718227	-5.09455715257673
			5.77496545342171	-5.08605204881617
			5.77496545342171	-5.07754694505561
			5.76646034966114	-5.06904184129505
			5.75795524590058	-5.06904184129505
			5.74945014214002	-5.06053673753448
			5.74945014214002	-5.05203163377392
			5.74094503837946	-5.04352653001336
			5.7324399346189	-5.0350214262528
			5.72393483085833	-5.0350214262528
			5.72393483085833	-5.02651632249224
			5.71542972709777	-5.01801121873167
			5.70692462333721	-5.00950611497111
			5.70692462333721	-5.00100101121055
			5.69841951957665	-5.00100101121055
			5.69841951957665	-4.99249590744999
			5.68991441581609	-4.98399080368943
			5.68991441581609	-4.97548569992886
			5.68140931205552	-4.9669805961683
			5.68140931205552	-4.95847549240774
			5.67290420829496	-4.95847549240774
			5.67290420829496	-4.94997038864718
			5.6643991045344	-4.94146528488661
			5.6643991045344	-4.93296018112605
			5.6643991045344	-4.92445507736549
			5.65589400077384	-4.91594997360493
			5.65589400077384	-4.90744486984437
			5.64738889701327	-4.8989397660838
			5.64738889701327	-4.89043466232324
			5.64738889701327	-4.88192955856268
			5.64738889701327	-4.87342445480212
			5.64738889701327	-4.86491935104156
			5.63888379325271	-4.86491935104156
			5.63888379325271	-4.85641424728099
			5.63888379325271	-4.84790914352043
			5.63888379325271	-4.83940403975987
			5.63888379325271	-4.83089893599931
			5.63888379325271	-4.82239383223874
			5.63888379325271	-4.81388872847818
			5.63888379325271	-4.80538362471762
			5.63888379325271	-4.79687852095706
			5.63888379325271	-4.7883734171965
			5.63888379325271	-4.77986831343593
			5.63888379325271	-4.77136320967537
			5.63888379325271	-4.76285810591481
			5.63888379325271	-4.75435300215425
			5.63037868949215	-4.75435300215425
			5.63037868949215	-4.74584789839369
			5.62187358573159	-4.73734279463312
			5.62187358573159	-4.72883769087256
			5.61336848197103	-4.72883769087256
			5.61336848197103	-4.720332587112
			5.60486337821046	-4.71182748335144
			5.5963582744499	-4.71182748335144
			5.58785317068934	-4.70332237959087
		</curveLM10>
		<curveLM11 type=matrix rownames=FALSE colnames=FALSE nrow=47 ncol=2 as.numeric=TRUE >
			5.58785317068934	-4.70332237959087
			5.58785317068934	-4.69481727583031
			5.57934806692878	-4.68631217206975
			5.57084296316822	-4.67780706830919
			5.56233785940765	-4.66930196454863
			5.55383275564709	-4.66079686078806
			5.54532765188653	-4.6522917570275
			5.53682254812597	-4.64378665326694
			5.5283174443654	-4.64378665326694
			5.51981234060484	-4.64378665326694
			5.51130723684428	-4.64378665326694
			5.50280213308372	-4.63528154950638
			5.49429702932316	-4.63528154950638
			5.48579192556259	-4.63528154950638
			5.47728682180203	-4.63528154950638
			5.46878171804147	-4.63528154950638
			5.46027661428091	-4.62677644574581
			5.45177151052035	-4.62677644574581
			5.44326640675978	-4.61827134198525
			5.43476130299922	-4.61827134198525
			5.42625619923866	-4.61827134198525
			5.4177510954781	-4.60976623822469
			5.40924599171753	-4.60976623822469
			5.40074088795697	-4.60126113446413
			5.39223578419641	-4.60126113446413
			5.38373068043585	-4.59275603070357
			5.37522557667528	-4.59275603070357
			5.36672047291472	-4.584250926943
			5.35821536915416	-4.584250926943
			5.3497102653936	-4.57574582318244
			5.34120516163304	-4.56724071942188
			5.33270005787247	-4.55873561566132
			5.32419495411191	-4.55023051190076
			5.31568985035135	-4.55023051190076
			5.30718474659079	-4.54172540814019
			5.29867964283023	-4.53322030437963
			5.29017453906966	-4.52471520061907
			5.2816694353091	-4.51621009685851
			5.2816694353091	-4.50770499309794
			5.2816694353091	-4.49919988933738
			5.27316433154854	-4.49069478557682
			5.27316433154854	-4.48218968181626
			5.26465922778798	-4.48218968181626
			5.26465922778798	-4.4736845780557
			5.26465922778798	-4.46517947429513
			5.26465922778798	-4.45667437053457
			5.26465922778798	-4.44816926677401
		</curveLM11>
		<curveLM12 type=matrix rownames=FALSE colnames=FALSE nrow=226 ncol=2 as.numeric=TRUE >
			5.26465922778798	-4.44816926677401
			5.26465922778798	-4.43966416301345
			5.26465922778798	-4.43115905925289
			5.26465922778798	-4.42265395549232
			5.26465922778798	-4.41414885173176
			5.27316433154854	-4.4056437479712
			5.27316433154854	-4.39713864421064
			5.2816694353091	-4.38863354045007
			5.2816694353091	-4.38012843668951
			5.29017453906966	-4.37162333292895
			5.29017453906966	-4.36311822916839
			5.29867964283023	-4.35461312540783
			5.30718474659079	-4.34610802164726
			5.30718474659079	-4.3376029178867
			5.31568985035135	-4.32909781412614
			5.31568985035135	-4.32059271036558
			5.32419495411191	-4.31208760660502
			5.33270005787247	-4.30358250284445
			5.33270005787247	-4.29507739908389
			5.34120516163304	-4.28657229532333
			5.34120516163304	-4.27806719156277
			5.34120516163304	-4.2695620878022
			5.3497102653936	-4.26105698404164
			5.3497102653936	-4.25255188028108
			5.3497102653936	-4.24404677652052
			5.3497102653936	-4.23554167275996
			5.3497102653936	-4.22703656899939
			5.35821536915416	-4.21853146523883
			5.35821536915416	-4.21002636147827
			5.35821536915416	-4.20152125771771
			5.35821536915416	-4.19301615395714
			5.35821536915416	-4.18451105019658
			5.36672047291472	-4.17600594643602
			5.36672047291472	-4.16750084267546
			5.36672047291472	-4.1589957389149
			5.36672047291472	-4.15049063515433
			5.36672047291472	-4.14198553139377
			5.37522557667528	-4.13348042763321
			5.37522557667528	-4.12497532387265
			5.37522557667528	-4.11647022011209
			5.37522557667528	-4.10796511635152
			5.38373068043585	-4.09946001259096
			5.38373068043585	-4.0909549088304
			5.38373068043585	-4.08244980506984
			5.38373068043585	-4.07394470130927
			5.38373068043585	-4.06543959754871
			5.39223578419641	-4.05693449378815
			5.39223578419641	-4.04842939002759
			5.39223578419641	-4.03992428626703
			5.39223578419641	-4.03141918250646
			5.39223578419641	-4.0229140787459
			5.40074088795697	-4.01440897498534
			5.40074088795697	-4.00590387122478
			5.40074088795697	-3.99739876746422
			5.40074088795697	-3.98889366370365
			5.40074088795697	-3.98038855994309
			5.40924599171753	-3.97188345618253
			5.40924599171753	-3.96337835242197
			5.40924599171753	-3.9548732486614
			5.40924599171753	-3.94636814490084
			5.4177510954781	-3.93786304114028
			5.4177510954781	-3.92935793737972
			5.4177510954781	-3.92085283361916
			5.4177510954781	-3.91234772985859
			5.4177510954781	-3.90384262609803
			5.42625619923866	-3.89533752233747
			5.42625619923866	-3.88683241857691
			5.42625619923866	-3.87832731481635
			5.42625619923866	-3.86982221105578
			5.43476130299922	-3.86131710729522
			5.43476130299922	-3.85281200353466
			5.43476130299922	-3.8443068997741
			5.43476130299922	-3.83580179601353
			5.43476130299922	-3.82729669225297
			5.44326640675978	-3.81879158849241
			5.44326640675978	-3.81028648473185
			5.44326640675978	-3.80178138097129
			5.44326640675978	-3.79327627721072
			5.44326640675978	-3.78477117345016
			5.45177151052035	-3.7762660696896
			5.45177151052035	-3.76776096592904
			5.45177151052035	-3.75925586216847
			5.45177151052035	-3.75075075840791
			5.45177151052035	-3.74224565464735
			5.46027661428091	-3.73374055088679
			5.46027661428091	-3.72523544712623
			5.46027661428091	-3.71673034336566
			5.46027661428091	-3.7082252396051
			5.46878171804147	-3.7082252396051
			5.46878171804147	-3.69972013584454
			5.46878171804147	-3.69121503208398
			5.46878171804147	-3.68270992832342
			5.46878171804147	-3.67420482456285
			5.47728682180203	-3.66569972080229
			5.47728682180203	-3.65719461704173
			5.47728682180203	-3.64868951328117
			5.47728682180203	-3.6401844095206
			5.47728682180203	-3.63167930576004
			5.48579192556259	-3.62317420199948
			5.48579192556259	-3.61466909823892
			5.48579192556259	-3.60616399447836
			5.48579192556259	-3.59765889071779
			5.49429702932316	-3.58915378695723
			5.49429702932316	-3.58064868319667
			5.49429702932316	-3.57214357943611
			5.49429702932316	-3.56363847567555
			5.50280213308372	-3.55513337191498
			5.50280213308372	-3.54662826815442
			5.50280213308372	-3.53812316439386
			5.50280213308372	-3.5296180606333
			5.50280213308372	-3.52111295687273
			5.51130723684428	-3.51260785311217
			5.51130723684428	-3.50410274935161
			5.51130723684428	-3.49559764559105
			5.51130723684428	-3.48709254183049
			5.51981234060484	-3.47858743806992
			5.51981234060484	-3.47008233430936
			5.51981234060484	-3.4615772305488
			5.51981234060484	-3.45307212678824
			5.51981234060484	-3.44456702302768
			5.5283174443654	-3.43606191926711
			5.5283174443654	-3.42755681550655
			5.5283174443654	-3.41905171174599
			5.5283174443654	-3.41054660798543
			5.53682254812597	-3.40204150422486
			5.53682254812597	-3.3935364004643
			5.53682254812597	-3.38503129670374
			5.53682254812597	-3.37652619294318
			5.54532765188653	-3.36802108918262
			5.54532765188653	-3.35951598542205
			5.54532765188653	-3.35101088166149
			5.54532765188653	-3.34250577790093
			5.55383275564709	-3.33400067414037
			5.55383275564709	-3.3254955703798
			5.55383275564709	-3.31699046661924
			5.55383275564709	-3.30848536285868
			5.55383275564709	-3.29998025909812
			5.56233785940765	-3.29147515533756
			5.56233785940765	-3.28297005157699
			5.56233785940765	-3.27446494781643
			5.56233785940765	-3.26595984405587
			5.57084296316822	-3.25745474029531
			5.57084296316822	-3.24894963653475
			5.57084296316822	-3.24044453277418
			5.57084296316822	-3.23193942901362
			5.57084296316822	-3.22343432525306
			5.57934806692878	-3.2149292214925
			5.57934806692878	-3.20642411773193
			5.57934806692878	-3.19791901397137
			5.57934806692878	-3.18941391021081
			5.58785317068934	-3.18090880645025
			5.58785317068934	-3.17240370268969
			5.58785317068934	-3.16389859892912
			5.58785317068934	-3.15539349516856
			5.5963582744499	-3.146888391408
			5.5963582744499	-3.13838328764744
			5.5963582744499	-3.12987818388687
			5.5963582744499	-3.12137308012631
			5.60486337821046	-3.11286797636575
			5.60486337821046	-3.10436287260519
			5.60486337821046	-3.09585776884463
			5.60486337821046	-3.08735266508406
			5.61336848197103	-3.0788475613235
			5.61336848197103	-3.07034245756294
			5.61336848197103	-3.06183735380238
			5.61336848197103	-3.05333225004182
			5.62187358573159	-3.04482714628125
			5.62187358573159	-3.03632204252069
			5.62187358573159	-3.02781693876013
			5.62187358573159	-3.01931183499957
			5.63037868949215	-3.010806731239
			5.63037868949215	-3.00230162747844
			5.63037868949215	-2.99379652371788
			5.63037868949215	-2.98529141995732
			5.63888379325271	-2.97678631619676
			5.63888379325271	-2.96828121243619
			5.63888379325271	-2.95977610867563
			5.63888379325271	-2.95127100491507
			5.64738889701327	-2.94276590115451
			5.64738889701327	-2.93426079739395
			5.64738889701327	-2.92575569363338
			5.65589400077384	-2.91725058987282
			5.65589400077384	-2.90874548611226
			5.65589400077384	-2.9002403823517
			5.6643991045344	-2.89173527859113
			5.6643991045344	-2.88323017483057
			5.6643991045344	-2.87472507107001
			5.6643991045344	-2.86621996730945
			5.67290420829496	-2.85771486354889
			5.67290420829496	-2.84920975978832
			5.67290420829496	-2.84070465602776
			5.68140931205552	-2.8321995522672
			5.68140931205552	-2.82369444850664
			5.68140931205552	-2.81518934474607
			5.68991441581609	-2.80668424098551
			5.68991441581609	-2.79817913722495
			5.68991441581609	-2.78967403346439
			5.68991441581609	-2.78116892970383
			5.69841951957665	-2.77266382594326
			5.69841951957665	-2.7641587221827
			5.69841951957665	-2.75565361842214
			5.70692462333721	-2.75565361842214
			5.70692462333721	-2.74714851466158
			5.70692462333721	-2.73864341090102
			5.71542972709777	-2.73013830714045
			5.71542972709777	-2.72163320337989
			5.71542972709777	-2.71312809961933
			5.72393483085833	-2.70462299585877
			5.72393483085833	-2.6961178920982
			5.72393483085833	-2.68761278833764
			5.7324399346189	-2.67910768457708
			5.7324399346189	-2.67060258081652
			5.74094503837946	-2.66209747705596
			5.74094503837946	-2.65359237329539
			5.74945014214002	-2.64508726953483
			5.74945014214002	-2.63658216577427
			5.75795524590058	-2.62807706201371
			5.75795524590058	-2.61957195825315
			5.76646034966114	-2.61106685449258
			5.77496545342171	-2.60256175073202
			5.77496545342171	-2.59405664697146
			5.78347055718227	-2.5855515432109
			5.79197566094283	-2.5855515432109
			5.79197566094283	-2.57704643945033
			5.80048076470339	-2.57704643945033
			5.80898586846396	-2.57704643945033
		</curveLM12>
	</curves.scaled>
	<ruler.points type=matrix rownames=TRUE colnames=FALSE nrow=5 ncol=2 as.numeric=TRUE >
		Ruler point 1	211	814
		Ruler point 2	329	814
		Ruler point 3	446	815
		Ruler point 4	563	814
		Ruler point 5	682	814
	</ruler.points>
</shapes>

